event; round;heat;lane;relais;idBib;
101 ;0 ;0 ;2 ;0 ;210 ;
101 ;0 ;0 ;3 ;0 ;54 ;
101 ;0 ;0 ;4 ;0 ;35 ;
101 ;0 ;0 ;5 ;0 ;26 ;
101 ;0 ;1 ;1 ;0 ;45 ;
101 ;0 ;1 ;2 ;0 ;68 ;
101 ;0 ;1 ;3 ;0 ;65 ;
101 ;0 ;1 ;4 ;0 ;11 ;
101 ;0 ;1 ;5 ;0 ;209 ;
101 ;0 ;2 ;1 ;0 ;71 ;
101 ;0 ;2 ;2 ;0 ;204 ;
101 ;0 ;2 ;3 ;0 ;23 ;
101 ;0 ;2 ;4 ;0 ;208 ;
101 ;0 ;2 ;5 ;0 ;69 ;
101 ;0 ;2 ;6 ;0 ;46 ;
101 ;0 ;3 ;1 ;0 ;39 ;
101 ;0 ;3 ;2 ;0 ;33 ;
101 ;0 ;3 ;3 ;0 ;43 ;
101 ;0 ;3 ;4 ;0 ;7 ;
101 ;0 ;3 ;5 ;0 ;25 ;
101 ;0 ;3 ;6 ;0 ;67 ;
105 ;0 ;0 ;1 ;0 ;73 ;
105 ;0 ;0 ;2 ;0 ;211 ;
105 ;0 ;0 ;3 ;0 ;80 ;
105 ;0 ;0 ;4 ;0 ;83 ;
105 ;0 ;0 ;5 ;0 ;72 ;
105 ;0 ;1 ;1 ;0 ;75 ;
105 ;0 ;1 ;2 ;0 ;78 ;
105 ;0 ;1 ;3 ;0 ;79 ;
105 ;0 ;1 ;4 ;0 ;74 ;
105 ;0 ;1 ;5 ;0 ;205 ;
105 ;0 ;2 ;1 ;0 ;206 ;
105 ;0 ;2 ;2 ;0 ;76 ;
105 ;0 ;2 ;4 ;0 ;77 ;
105 ;0 ;2 ;5 ;0 ;82 ;
105 ;0 ;2 ;6 ;0 ;81 ;
107 ;0 ;0 ;2 ;0 ;39 ;
107 ;0 ;0 ;3 ;0 ;210 ;
107 ;0 ;0 ;4 ;0 ;54 ;
107 ;0 ;0 ;5 ;0 ;67 ;
107 ;0 ;1 ;1 ;0 ;35 ;
107 ;0 ;1 ;2 ;0 ;26 ;
107 ;0 ;1 ;3 ;0 ;45 ;
107 ;0 ;1 ;4 ;0 ;68 ;
107 ;0 ;1 ;5 ;0 ;65 ;
107 ;0 ;2 ;1 ;0 ;11 ;
107 ;0 ;2 ;2 ;0 ;7 ;
107 ;0 ;2 ;3 ;0 ;209 ;
107 ;0 ;2 ;4 ;0 ;71 ;
107 ;0 ;2 ;5 ;0 ;204 ;
107 ;0 ;2 ;6 ;0 ;33 ;
107 ;0 ;3 ;1 ;0 ;69 ;
107 ;0 ;3 ;2 ;0 ;43 ;
107 ;0 ;3 ;3 ;0 ;25 ;
107 ;0 ;3 ;4 ;0 ;23 ;
107 ;0 ;3 ;5 ;0 ;46 ;
107 ;0 ;3 ;6 ;0 ;208 ;
111 ;0 ;0 ;1 ;0 ;83 ;
111 ;0 ;0 ;2 ;0 ;74 ;
111 ;0 ;0 ;4 ;0 ;76 ;
111 ;0 ;0 ;5 ;0 ;78 ;
113 ;0 ;0 ;1 ;0 ;55 ;
113 ;0 ;0 ;2 ;0 ;210 ;
113 ;0 ;0 ;3 ;0 ;54 ;
113 ;0 ;0 ;4 ;0 ;67 ;
113 ;0 ;0 ;5 ;0 ;35 ;
113 ;0 ;0 ;6 ;0 ;56 ;
113 ;0 ;1 ;1 ;0 ;26 ;
113 ;0 ;1 ;2 ;0 ;68 ;
113 ;0 ;1 ;3 ;0 ;65 ;
113 ;0 ;1 ;4 ;0 ;11 ;
113 ;0 ;1 ;5 ;0 ;7 ;
113 ;0 ;2 ;1 ;0 ;209 ;
113 ;0 ;2 ;2 ;0 ;71 ;
113 ;0 ;2 ;3 ;0 ;204 ;
113 ;0 ;2 ;4 ;0 ;33 ;
113 ;0 ;2 ;5 ;0 ;23 ;
113 ;0 ;2 ;6 ;0 ;208 ;
113 ;0 ;3 ;1 ;0 ;46 ;
113 ;0 ;3 ;2 ;0 ;45 ;
113 ;0 ;3 ;3 ;0 ;25 ;
113 ;0 ;3 ;4 ;0 ;43 ;
113 ;0 ;3 ;5 ;0 ;39 ;
113 ;0 ;3 ;6 ;0 ;69 ;
117 ;0 ;0 ;1 ;0 ;73 ;
117 ;0 ;0 ;2 ;0 ;211 ;
117 ;0 ;0 ;3 ;0 ;80 ;
117 ;0 ;0 ;4 ;0 ;206 ;
117 ;0 ;0 ;5 ;0 ;72 ;
117 ;0 ;1 ;1 ;0 ;75 ;
117 ;0 ;1 ;2 ;0 ;205 ;
117 ;0 ;1 ;3 ;0 ;82 ;
117 ;0 ;1 ;4 ;0 ;81 ;
117 ;0 ;1 ;5 ;0 ;79 ;
119 ;0 ;0 ;2 ;0 ;26 ;
119 ;0 ;0 ;3 ;0 ;11 ;
119 ;0 ;0 ;4 ;0 ;7 ;
119 ;0 ;1 ;2 ;0 ;33 ;
119 ;0 ;1 ;3 ;0 ;25 ;
119 ;0 ;1 ;4 ;0 ;23 ;
119 ;0 ;1 ;5 ;0 ;71 ;
201 ;0 ;0 ;2 ;0 ;152 ;
201 ;0 ;0 ;3 ;0 ;147 ;
201 ;0 ;0 ;4 ;0 ;158 ;
201 ;0 ;0 ;5 ;0 ;145 ;
201 ;0 ;1 ;2 ;0 ;157 ;
201 ;0 ;1 ;3 ;0 ;160 ;
201 ;0 ;1 ;4 ;0 ;162 ;
201 ;0 ;1 ;5 ;0 ;164 ;
201 ;0 ;1 ;6 ;0 ;215 ;
201 ;0 ;2 ;1 ;0 ;168 ;
201 ;0 ;2 ;2 ;0 ;171 ;
201 ;0 ;2 ;3 ;0 ;207 ;
201 ;0 ;2 ;4 ;0 ;163 ;
201 ;0 ;2 ;5 ;0 ;153 ;
201 ;0 ;2 ;6 ;0 ;175 ;
205 ;0 ;0 ;2 ;0 ;86 ;
205 ;0 ;0 ;3 ;0 ;97 ;
205 ;0 ;0 ;4 ;0 ;98 ;
205 ;0 ;1 ;1 ;0 ;214 ;
205 ;0 ;1 ;2 ;0 ;91 ;
205 ;0 ;1 ;3 ;0 ;203 ;
205 ;0 ;1 ;4 ;0 ;115 ;
205 ;0 ;1 ;5 ;0 ;101 ;
205 ;0 ;1 ;6 ;0 ;118 ;
205 ;0 ;2 ;1 ;0 ;107 ;
205 ;0 ;2 ;2 ;0 ;111 ;
205 ;0 ;2 ;3 ;0 ;93 ;
205 ;0 ;2 ;4 ;0 ;105 ;
205 ;0 ;2 ;5 ;0 ;138 ;
205 ;0 ;2 ;6 ;0 ;88 ;
205 ;0 ;3 ;1 ;0 ;122 ;
205 ;0 ;3 ;2 ;0 ;112 ;
205 ;0 ;3 ;3 ;0 ;137 ;
205 ;0 ;3 ;4 ;0 ;90 ;
205 ;0 ;3 ;5 ;0 ;89 ;
205 ;0 ;3 ;6 ;0 ;202 ;
205 ;0 ;4 ;1 ;0 ;104 ;
205 ;0 ;4 ;2 ;0 ;109 ;
205 ;0 ;4 ;3 ;0 ;120 ;
205 ;0 ;4 ;4 ;0 ;114 ;
205 ;0 ;4 ;5 ;0 ;149 ;
205 ;0 ;4 ;6 ;0 ;126 ;
205 ;0 ;5 ;1 ;0 ;140 ;
205 ;0 ;5 ;2 ;0 ;143 ;
205 ;0 ;5 ;3 ;0 ;151 ;
205 ;0 ;5 ;4 ;0 ;187 ;
205 ;0 ;5 ;5 ;0 ;161 ;
205 ;0 ;5 ;6 ;0 ;127 ;
205 ;0 ;6 ;1 ;0 ;178 ;
205 ;0 ;6 ;2 ;0 ;150 ;
205 ;0 ;6 ;3 ;0 ;147 ;
205 ;0 ;6 ;4 ;0 ;158 ;
205 ;0 ;6 ;5 ;0 ;129 ;
205 ;0 ;6 ;6 ;0 ;159 ;
205 ;0 ;7 ;1 ;0 ;148 ;
205 ;0 ;7 ;2 ;0 ;154 ;
205 ;0 ;7 ;3 ;0 ;180 ;
205 ;0 ;7 ;4 ;0 ;191 ;
205 ;0 ;7 ;5 ;0 ;160 ;
205 ;0 ;7 ;6 ;0 ;156 ;
205 ;0 ;8 ;1 ;0 ;169 ;
205 ;0 ;8 ;2 ;0 ;171 ;
205 ;0 ;8 ;3 ;0 ;165 ;
205 ;0 ;8 ;4 ;0 ;179 ;
205 ;0 ;8 ;5 ;0 ;190 ;
205 ;0 ;8 ;6 ;0 ;188 ;
217 ;0 ;0 ;1 ;0 ;213 ;
217 ;0 ;0 ;2 ;0 ;197 ;
217 ;0 ;0 ;3 ;0 ;199 ;
217 ;0 ;0 ;4 ;0 ;200 ;
217 ;0 ;0 ;5 ;0 ;212 ;
217 ;0 ;0 ;6 ;0 ;198 ;
219 ;0 ;0 ;1 ;0 ;176 ;
219 ;0 ;0 ;2 ;0 ;166 ;
219 ;0 ;0 ;3 ;0 ;163 ;
219 ;0 ;0 ;4 ;0 ;168 ;
219 ;0 ;0 ;5 ;0 ;146 ;
219 ;0 ;0 ;6 ;0 ;148 ;
223 ;0 ;0 ;2 ;0 ;90 ;
223 ;0 ;0 ;3 ;0 ;86 ;
223 ;0 ;0 ;4 ;0 ;98 ;
223 ;0 ;1 ;2 ;0 ;101 ;
223 ;0 ;1 ;3 ;0 ;88 ;
223 ;0 ;1 ;4 ;0 ;93 ;
223 ;0 ;1 ;5 ;0 ;91 ;
225 ;0 ;0 ;1 ;0 ;97 ;
225 ;0 ;0 ;2 ;0 ;122 ;
225 ;0 ;0 ;3 ;0 ;104 ;
225 ;0 ;0 ;4 ;0 ;203 ;
225 ;0 ;0 ;5 ;0 ;120 ;
225 ;0 ;0 ;6 ;0 ;214 ;
225 ;0 ;1 ;1 ;0 ;202 ;
225 ;0 ;1 ;2 ;0 ;115 ;
225 ;0 ;1 ;3 ;0 ;114 ;
225 ;0 ;1 ;4 ;0 ;107 ;
225 ;0 ;1 ;5 ;0 ;111 ;
225 ;0 ;1 ;6 ;0 ;118 ;
225 ;0 ;2 ;1 ;0 ;105 ;
225 ;0 ;2 ;2 ;0 ;138 ;
225 ;0 ;2 ;3 ;0 ;137 ;
225 ;0 ;2 ;4 ;0 ;112 ;
225 ;0 ;2 ;5 ;0 ;89 ;
225 ;0 ;2 ;6 ;0 ;109 ;
225 ;0 ;3 ;1 ;0 ;187 ;
225 ;0 ;3 ;2 ;0 ;127 ;
225 ;0 ;3 ;3 ;0 ;140 ;
225 ;0 ;3 ;4 ;0 ;149 ;
225 ;0 ;3 ;5 ;0 ;161 ;
225 ;0 ;3 ;6 ;0 ;151 ;
225 ;0 ;4 ;1 ;0 ;143 ;
225 ;0 ;4 ;2 ;0 ;188 ;
225 ;0 ;4 ;3 ;0 ;190 ;
225 ;0 ;4 ;4 ;0 ;150 ;
225 ;0 ;4 ;5 ;0 ;178 ;
225 ;0 ;4 ;6 ;0 ;129 ;
225 ;0 ;5 ;1 ;0 ;159 ;
225 ;0 ;5 ;2 ;0 ;126 ;
225 ;0 ;5 ;3 ;0 ;180 ;
225 ;0 ;5 ;4 ;0 ;154 ;
225 ;0 ;5 ;5 ;0 ;191 ;
225 ;0 ;5 ;6 ;0 ;156 ;
225 ;0 ;6 ;1 ;0 ;169 ;
225 ;0 ;6 ;2 ;0 ;165 ;
225 ;0 ;6 ;3 ;0 ;170 ;
225 ;0 ;6 ;4 ;0 ;179 ;
225 ;0 ;6 ;5 ;0 ;176 ;
225 ;0 ;6 ;6 ;0 ;148 ;
237 ;0 ;0 ;2 ;0 ;197 ;
237 ;0 ;0 ;3 ;0 ;199 ;
237 ;0 ;0 ;4 ;0 ;212 ;
237 ;0 ;0 ;5 ;0 ;216 ;
239 ;0 ;0 ;1 ;0 ;152 ;
239 ;0 ;0 ;2 ;0 ;145 ;
239 ;0 ;0 ;3 ;0 ;157 ;
239 ;0 ;0 ;4 ;0 ;153 ;
239 ;0 ;0 ;5 ;0 ;146 ;
239 ;0 ;0 ;6 ;0 ;215 ;
239 ;0 ;1 ;1 ;0 ;166 ;
239 ;0 ;1 ;2 ;0 ;164 ;
239 ;0 ;1 ;3 ;0 ;162 ;
239 ;0 ;1 ;4 ;0 ;170 ;
239 ;0 ;1 ;5 ;0 ;155 ;
239 ;0 ;1 ;6 ;0 ;175 ;
