event; round;heat;lane;relais;idBib;
101 ;0 ;0 ;2 ;0 ;176 ;
101 ;0 ;0 ;3 ;0 ;150 ;
101 ;0 ;0 ;4 ;0 ;270 ;
101 ;0 ;1 ;2 ;0 ;254 ;
101 ;0 ;1 ;3 ;0 ;300 ;
101 ;0 ;1 ;4 ;0 ;137 ;
101 ;0 ;1 ;5 ;0 ;135 ;
101 ;0 ;2 ;1 ;0 ;108 ;
101 ;0 ;2 ;2 ;0 ;327 ;
101 ;0 ;2 ;3 ;0 ;285 ;
101 ;0 ;2 ;4 ;0 ;104 ;
101 ;0 ;2 ;5 ;0 ;301 ;
101 ;0 ;2 ;6 ;0 ;195 ;
101 ;0 ;3 ;1 ;0 ;102 ;
101 ;0 ;3 ;2 ;0 ;94 ;
101 ;0 ;3 ;3 ;0 ;93 ;
101 ;0 ;3 ;4 ;0 ;92 ;
101 ;0 ;3 ;5 ;0 ;147 ;
101 ;0 ;3 ;6 ;0 ;152 ;
101 ;0 ;4 ;1 ;0 ;35 ;
101 ;0 ;4 ;2 ;0 ;34 ;
101 ;0 ;4 ;3 ;0 ;330 ;
101 ;0 ;4 ;4 ;0 ;164 ;
101 ;0 ;4 ;5 ;0 ;53 ;
101 ;0 ;4 ;6 ;0 ;307 ;
101 ;0 ;5 ;1 ;0 ;216 ;
101 ;0 ;5 ;2 ;0 ;154 ;
101 ;0 ;5 ;3 ;0 ;107 ;
101 ;0 ;5 ;4 ;0 ;43 ;
101 ;0 ;5 ;5 ;0 ;293 ;
101 ;0 ;5 ;6 ;0 ;106 ;
101 ;0 ;6 ;1 ;0 ;105 ;
101 ;0 ;6 ;2 ;0 ;306 ;
101 ;0 ;6 ;3 ;0 ;71 ;
101 ;0 ;6 ;4 ;0 ;99 ;
101 ;0 ;6 ;5 ;0 ;127 ;
101 ;0 ;6 ;6 ;0 ;2 ;
101 ;0 ;7 ;1 ;0 ;1 ;
101 ;0 ;7 ;2 ;0 ;250 ;
101 ;0 ;7 ;3 ;0 ;210 ;
101 ;0 ;7 ;4 ;0 ;13 ;
101 ;0 ;7 ;5 ;0 ;276 ;
101 ;0 ;7 ;6 ;0 ;320 ;
101 ;0 ;8 ;1 ;0 ;136 ;
101 ;0 ;8 ;2 ;0 ;193 ;
101 ;0 ;8 ;3 ;0 ;363 ;
101 ;0 ;8 ;4 ;0 ;29 ;
101 ;0 ;8 ;5 ;0 ;97 ;
101 ;0 ;8 ;6 ;0 ;211 ;
101 ;0 ;9 ;1 ;0 ;284 ;
101 ;0 ;9 ;2 ;0 ;144 ;
101 ;0 ;9 ;3 ;0 ;256 ;
101 ;0 ;9 ;4 ;0 ;151 ;
101 ;0 ;9 ;5 ;0 ;9 ;
101 ;0 ;9 ;6 ;0 ;110 ;
101 ;0 ;10 ;1 ;0 ;69 ;
101 ;0 ;10 ;2 ;0 ;302 ;
101 ;0 ;10 ;3 ;0 ;48 ;
101 ;0 ;10 ;4 ;0 ;267 ;
101 ;0 ;10 ;5 ;0 ;337 ;
101 ;0 ;10 ;6 ;0 ;52 ;
102 ;0 ;0 ;1 ;0 ;273 ;
102 ;0 ;0 ;2 ;0 ;361 ;
102 ;0 ;0 ;3 ;0 ;175 ;
102 ;0 ;0 ;4 ;0 ;314 ;
102 ;0 ;0 ;5 ;0 ;109 ;
102 ;0 ;1 ;1 ;0 ;237 ;
102 ;0 ;1 ;2 ;0 ;10 ;
102 ;0 ;1 ;3 ;0 ;33 ;
102 ;0 ;1 ;4 ;0 ;232 ;
102 ;0 ;1 ;5 ;0 ;56 ;
102 ;0 ;2 ;1 ;0 ;4 ;
102 ;0 ;2 ;2 ;0 ;100 ;
102 ;0 ;2 ;3 ;0 ;174 ;
102 ;0 ;2 ;4 ;0 ;241 ;
102 ;0 ;2 ;5 ;0 ;85 ;
102 ;0 ;2 ;6 ;0 ;229 ;
103 ;0 ;0 ;1 ;0 ;188 ;
103 ;0 ;0 ;2 ;0 ;195 ;
103 ;0 ;0 ;3 ;0 ;333 ;
103 ;0 ;0 ;4 ;0 ;156 ;
103 ;0 ;0 ;5 ;0 ;283 ;
103 ;0 ;1 ;1 ;0 ;164 ;
103 ;0 ;1 ;2 ;0 ;34 ;
103 ;0 ;1 ;3 ;0 ;150 ;
103 ;0 ;1 ;4 ;0 ;285 ;
103 ;0 ;1 ;5 ;0 ;35 ;
103 ;0 ;1 ;6 ;0 ;108 ;
103 ;0 ;2 ;1 ;0 ;93 ;
103 ;0 ;2 ;2 ;0 ;6 ;
103 ;0 ;2 ;3 ;0 ;92 ;
103 ;0 ;2 ;4 ;0 ;137 ;
103 ;0 ;2 ;5 ;0 ;300 ;
103 ;0 ;2 ;6 ;0 ;102 ;
103 ;0 ;3 ;1 ;0 ;106 ;
103 ;0 ;3 ;2 ;0 ;47 ;
103 ;0 ;3 ;3 ;0 ;104 ;
103 ;0 ;3 ;4 ;0 ;306 ;
103 ;0 ;3 ;5 ;0 ;135 ;
103 ;0 ;3 ;6 ;0 ;72 ;
103 ;0 ;4 ;1 ;0 ;94 ;
103 ;0 ;4 ;2 ;0 ;53 ;
103 ;0 ;4 ;3 ;0 ;82 ;
103 ;0 ;4 ;4 ;0 ;147 ;
103 ;0 ;4 ;5 ;0 ;27 ;
103 ;0 ;4 ;6 ;0 ;43 ;
103 ;0 ;5 ;1 ;0 ;65 ;
103 ;0 ;5 ;2 ;0 ;105 ;
103 ;0 ;5 ;3 ;0 ;121 ;
103 ;0 ;5 ;4 ;0 ;152 ;
103 ;0 ;5 ;5 ;0 ;330 ;
103 ;0 ;5 ;6 ;0 ;216 ;
103 ;0 ;6 ;1 ;0 ;120 ;
103 ;0 ;6 ;2 ;0 ;2 ;
103 ;0 ;6 ;3 ;0 ;71 ;
103 ;0 ;6 ;4 ;0 ;107 ;
103 ;0 ;6 ;5 ;0 ;307 ;
103 ;0 ;6 ;6 ;0 ;319 ;
103 ;0 ;7 ;1 ;0 ;99 ;
103 ;0 ;7 ;2 ;0 ;87 ;
103 ;0 ;7 ;3 ;0 ;145 ;
103 ;0 ;7 ;4 ;0 ;187 ;
103 ;0 ;7 ;5 ;0 ;13 ;
103 ;0 ;7 ;6 ;0 ;284 ;
103 ;0 ;8 ;1 ;0 ;320 ;
103 ;0 ;8 ;2 ;0 ;202 ;
103 ;0 ;8 ;3 ;0 ;185 ;
103 ;0 ;8 ;4 ;0 ;138 ;
103 ;0 ;8 ;5 ;0 ;97 ;
103 ;0 ;8 ;6 ;0 ;144 ;
103 ;0 ;9 ;1 ;0 ;267 ;
103 ;0 ;9 ;2 ;0 ;48 ;
103 ;0 ;9 ;3 ;0 ;59 ;
103 ;0 ;9 ;4 ;0 ;110 ;
103 ;0 ;9 ;5 ;0 ;9 ;
103 ;0 ;9 ;6 ;0 ;363 ;
104 ;0 ;0 ;1 ;0 ;8 ;
104 ;0 ;0 ;2 ;0 ;170 ;
104 ;0 ;0 ;3 ;0 ;359 ;
104 ;0 ;0 ;4 ;0 ;84 ;
104 ;0 ;0 ;5 ;0 ;38 ;
104 ;0 ;0 ;6 ;0 ;269 ;
104 ;0 ;1 ;1 ;0 ;248 ;
104 ;0 ;1 ;2 ;0 ;91 ;
104 ;0 ;1 ;3 ;0 ;231 ;
104 ;0 ;1 ;4 ;0 ;183 ;
104 ;0 ;1 ;5 ;0 ;227 ;
104 ;0 ;1 ;6 ;0 ;245 ;
104 ;0 ;2 ;1 ;0 ;214 ;
104 ;0 ;2 ;2 ;0 ;124 ;
104 ;0 ;2 ;3 ;0 ;5 ;
104 ;0 ;2 ;4 ;0 ;79 ;
104 ;0 ;2 ;5 ;0 ;261 ;
104 ;0 ;2 ;6 ;0 ;198 ;
104 ;0 ;3 ;1 ;0 ;305 ;
104 ;0 ;3 ;2 ;0 ;131 ;
104 ;0 ;3 ;3 ;0 ;252 ;
104 ;0 ;3 ;4 ;0 ;316 ;
104 ;0 ;3 ;5 ;0 ;331 ;
104 ;0 ;3 ;6 ;0 ;323 ;
104 ;0 ;4 ;1 ;0 ;275 ;
104 ;0 ;4 ;2 ;0 ;288 ;
104 ;0 ;4 ;3 ;0 ;182 ;
104 ;0 ;4 ;4 ;0 ;361 ;
104 ;0 ;4 ;5 ;0 ;70 ;
104 ;0 ;4 ;6 ;0 ;103 ;
104 ;0 ;5 ;1 ;0 ;222 ;
104 ;0 ;5 ;2 ;0 ;220 ;
104 ;0 ;5 ;3 ;0 ;98 ;
104 ;0 ;5 ;4 ;0 ;258 ;
104 ;0 ;5 ;5 ;0 ;62 ;
104 ;0 ;5 ;6 ;0 ;46 ;
104 ;0 ;6 ;1 ;0 ;168 ;
104 ;0 ;6 ;2 ;0 ;12 ;
104 ;0 ;6 ;3 ;0 ;109 ;
104 ;0 ;6 ;4 ;0 ;196 ;
104 ;0 ;6 ;5 ;0 ;143 ;
104 ;0 ;6 ;6 ;0 ;332 ;
104 ;0 ;7 ;1 ;0 ;134 ;
104 ;0 ;7 ;2 ;0 ;11 ;
104 ;0 ;7 ;3 ;0 ;265 ;
104 ;0 ;7 ;4 ;0 ;64 ;
104 ;0 ;7 ;5 ;0 ;259 ;
104 ;0 ;7 ;6 ;0 ;180 ;
104 ;0 ;8 ;1 ;0 ;262 ;
104 ;0 ;8 ;2 ;0 ;57 ;
104 ;0 ;8 ;3 ;0 ;166 ;
104 ;0 ;8 ;4 ;0 ;286 ;
104 ;0 ;8 ;5 ;0 ;83 ;
104 ;0 ;8 ;6 ;0 ;228 ;
104 ;0 ;9 ;1 ;0 ;179 ;
104 ;0 ;9 ;2 ;0 ;289 ;
104 ;0 ;9 ;3 ;0 ;209 ;
104 ;0 ;9 ;4 ;0 ;175 ;
104 ;0 ;9 ;5 ;0 ;172 ;
104 ;0 ;9 ;6 ;0 ;350 ;
104 ;0 ;10 ;1 ;0 ;314 ;
104 ;0 ;10 ;2 ;0 ;297 ;
104 ;0 ;10 ;3 ;0 ;213 ;
104 ;0 ;10 ;4 ;0 ;326 ;
104 ;0 ;10 ;5 ;0 ;249 ;
104 ;0 ;10 ;6 ;0 ;25 ;
104 ;0 ;11 ;1 ;0 ;117 ;
104 ;0 ;11 ;2 ;0 ;45 ;
104 ;0 ;11 ;3 ;0 ;238 ;
104 ;0 ;11 ;4 ;0 ;101 ;
104 ;0 ;11 ;5 ;0 ;32 ;
104 ;0 ;11 ;6 ;0 ;58 ;
104 ;0 ;12 ;1 ;0 ;163 ;
104 ;0 ;12 ;2 ;0 ;24 ;
104 ;0 ;12 ;3 ;0 ;299 ;
104 ;0 ;12 ;4 ;0 ;10 ;
104 ;0 ;12 ;5 ;0 ;73 ;
104 ;0 ;12 ;6 ;0 ;328 ;
104 ;0 ;13 ;1 ;0 ;298 ;
104 ;0 ;13 ;2 ;0 ;234 ;
104 ;0 ;13 ;3 ;0 ;353 ;
104 ;0 ;13 ;4 ;0 ;133 ;
104 ;0 ;13 ;5 ;0 ;351 ;
104 ;0 ;13 ;6 ;0 ;229 ;
104 ;0 ;14 ;1 ;0 ;236 ;
104 ;0 ;14 ;2 ;0 ;224 ;
104 ;0 ;14 ;3 ;0 ;85 ;
104 ;0 ;14 ;4 ;0 ;303 ;
104 ;0 ;14 ;5 ;0 ;304 ;
104 ;0 ;14 ;6 ;0 ;325 ;
104 ;0 ;15 ;1 ;0 ;66 ;
104 ;0 ;15 ;2 ;0 ;345 ;
104 ;0 ;15 ;3 ;0 ;230 ;
104 ;0 ;15 ;4 ;0 ;329 ;
104 ;0 ;15 ;5 ;0 ;174 ;
104 ;0 ;15 ;6 ;0 ;321 ;
105 ;0 ;0 ;2 ;0 ;319 ;
105 ;0 ;0 ;3 ;0 ;333 ;
105 ;0 ;0 ;4 ;0 ;301 ;
105 ;0 ;1 ;2 ;0 ;102 ;
105 ;0 ;1 ;3 ;0 ;107 ;
105 ;0 ;1 ;4 ;0 ;93 ;
105 ;0 ;1 ;5 ;0 ;154 ;
105 ;0 ;2 ;1 ;0 ;202 ;
105 ;0 ;2 ;2 ;0 ;43 ;
105 ;0 ;2 ;3 ;0 ;366 ;
105 ;0 ;2 ;4 ;0 ;82 ;
105 ;0 ;2 ;5 ;0 ;35 ;
105 ;0 ;2 ;6 ;0 ;13 ;
105 ;0 ;3 ;1 ;0 ;99 ;
105 ;0 ;3 ;2 ;0 ;106 ;
105 ;0 ;3 ;3 ;0 ;210 ;
105 ;0 ;3 ;4 ;0 ;320 ;
105 ;0 ;3 ;5 ;0 ;110 ;
105 ;0 ;3 ;6 ;0 ;136 ;
105 ;0 ;4 ;1 ;0 ;146 ;
105 ;0 ;4 ;2 ;0 ;87 ;
105 ;0 ;4 ;3 ;0 ;193 ;
105 ;0 ;4 ;4 ;0 ;256 ;
105 ;0 ;4 ;5 ;0 ;211 ;
105 ;0 ;4 ;6 ;0 ;276 ;
105 ;0 ;5 ;1 ;0 ;362 ;
105 ;0 ;5 ;2 ;0 ;1 ;
105 ;0 ;5 ;3 ;0 ;144 ;
105 ;0 ;5 ;4 ;0 ;97 ;
105 ;0 ;5 ;5 ;0 ;158 ;
105 ;0 ;5 ;6 ;0 ;31 ;
105 ;0 ;6 ;1 ;0 ;9 ;
105 ;0 ;6 ;2 ;0 ;49 ;
105 ;0 ;6 ;3 ;0 ;48 ;
105 ;0 ;6 ;4 ;0 ;290 ;
105 ;0 ;6 ;5 ;0 ;52 ;
105 ;0 ;6 ;6 ;0 ;151 ;
106 ;0 ;0 ;2 ;0 ;269 ;
106 ;0 ;0 ;3 ;0 ;227 ;
106 ;0 ;0 ;4 ;0 ;124 ;
106 ;0 ;0 ;5 ;0 ;198 ;
106 ;0 ;1 ;2 ;0 ;252 ;
106 ;0 ;1 ;3 ;0 ;305 ;
106 ;0 ;1 ;4 ;0 ;332 ;
106 ;0 ;1 ;5 ;0 ;98 ;
106 ;0 ;2 ;1 ;0 ;288 ;
106 ;0 ;2 ;2 ;0 ;286 ;
106 ;0 ;2 ;3 ;0 ;170 ;
106 ;0 ;2 ;4 ;0 ;289 ;
106 ;0 ;2 ;5 ;0 ;80 ;
106 ;0 ;2 ;6 ;0 ;258 ;
106 ;0 ;3 ;1 ;0 ;166 ;
106 ;0 ;3 ;2 ;0 ;182 ;
106 ;0 ;3 ;3 ;0 ;316 ;
106 ;0 ;3 ;4 ;0 ;323 ;
106 ;0 ;3 ;5 ;0 ;109 ;
106 ;0 ;3 ;6 ;0 ;70 ;
106 ;0 ;4 ;1 ;0 ;265 ;
106 ;0 ;4 ;2 ;0 ;179 ;
106 ;0 ;4 ;3 ;0 ;51 ;
106 ;0 ;4 ;4 ;0 ;259 ;
106 ;0 ;4 ;5 ;0 ;25 ;
106 ;0 ;4 ;6 ;0 ;103 ;
106 ;0 ;5 ;1 ;0 ;238 ;
106 ;0 ;5 ;2 ;0 ;237 ;
106 ;0 ;5 ;3 ;0 ;180 ;
106 ;0 ;5 ;4 ;0 ;209 ;
106 ;0 ;5 ;5 ;0 ;46 ;
106 ;0 ;5 ;6 ;0 ;273 ;
106 ;0 ;6 ;1 ;0 ;213 ;
106 ;0 ;6 ;2 ;0 ;314 ;
106 ;0 ;6 ;3 ;0 ;224 ;
106 ;0 ;6 ;4 ;0 ;175 ;
106 ;0 ;6 ;5 ;0 ;73 ;
106 ;0 ;6 ;6 ;0 ;232 ;
106 ;0 ;7 ;1 ;0 ;117 ;
106 ;0 ;7 ;2 ;0 ;83 ;
106 ;0 ;7 ;3 ;0 ;234 ;
106 ;0 ;7 ;4 ;0 ;32 ;
106 ;0 ;7 ;5 ;0 ;76 ;
106 ;0 ;7 ;6 ;0 ;24 ;
106 ;0 ;8 ;1 ;0 ;262 ;
106 ;0 ;8 ;2 ;0 ;228 ;
106 ;0 ;8 ;3 ;0 ;134 ;
106 ;0 ;8 ;4 ;0 ;229 ;
106 ;0 ;8 ;5 ;0 ;328 ;
106 ;0 ;8 ;6 ;0 ;303 ;
106 ;0 ;9 ;1 ;0 ;304 ;
106 ;0 ;9 ;2 ;0 ;345 ;
106 ;0 ;9 ;3 ;0 ;249 ;
106 ;0 ;9 ;4 ;0 ;4 ;
106 ;0 ;9 ;5 ;0 ;163 ;
106 ;0 ;9 ;6 ;0 ;133 ;
107 ;0 ;0 ;2 ;0 ;146 ;
107 ;0 ;0 ;3 ;0 ;254 ;
107 ;0 ;0 ;4 ;0 ;319 ;
107 ;0 ;0 ;5 ;0 ;233 ;
107 ;0 ;1 ;1 ;0 ;327 ;
107 ;0 ;1 ;2 ;0 ;176 ;
107 ;0 ;1 ;3 ;0 ;188 ;
107 ;0 ;1 ;4 ;0 ;150 ;
107 ;0 ;1 ;5 ;0 ;93 ;
107 ;0 ;2 ;1 ;0 ;283 ;
107 ;0 ;2 ;2 ;0 ;270 ;
107 ;0 ;2 ;3 ;0 ;108 ;
107 ;0 ;2 ;4 ;0 ;92 ;
107 ;0 ;2 ;5 ;0 ;147 ;
107 ;0 ;2 ;6 ;0 ;285 ;
107 ;0 ;3 ;1 ;0 ;135 ;
107 ;0 ;3 ;2 ;0 ;72 ;
107 ;0 ;3 ;3 ;0 ;104 ;
107 ;0 ;3 ;4 ;0 ;65 ;
107 ;0 ;3 ;5 ;0 ;94 ;
107 ;0 ;3 ;6 ;0 ;6 ;
107 ;0 ;4 ;1 ;0 ;53 ;
107 ;0 ;4 ;2 ;0 ;27 ;
107 ;0 ;4 ;3 ;0 ;105 ;
107 ;0 ;4 ;4 ;0 ;102 ;
107 ;0 ;4 ;5 ;0 ;107 ;
107 ;0 ;4 ;6 ;0 ;306 ;
107 ;0 ;5 ;1 ;0 ;216 ;
107 ;0 ;5 ;2 ;0 ;154 ;
107 ;0 ;5 ;3 ;0 ;43 ;
107 ;0 ;5 ;4 ;0 ;307 ;
107 ;0 ;5 ;5 ;0 ;187 ;
107 ;0 ;5 ;6 ;0 ;106 ;
107 ;0 ;6 ;1 ;0 ;47 ;
107 ;0 ;6 ;2 ;0 ;310 ;
107 ;0 ;6 ;3 ;0 ;82 ;
107 ;0 ;6 ;4 ;0 ;250 ;
107 ;0 ;6 ;5 ;0 ;99 ;
107 ;0 ;6 ;6 ;0 ;2 ;
107 ;0 ;7 ;1 ;0 ;71 ;
107 ;0 ;7 ;2 ;0 ;29 ;
107 ;0 ;7 ;3 ;0 ;211 ;
107 ;0 ;7 ;4 ;0 ;276 ;
107 ;0 ;7 ;5 ;0 ;31 ;
107 ;0 ;7 ;6 ;0 ;185 ;
107 ;0 ;8 ;1 ;0 ;284 ;
107 ;0 ;8 ;2 ;0 ;97 ;
107 ;0 ;8 ;3 ;0 ;256 ;
107 ;0 ;8 ;4 ;0 ;138 ;
107 ;0 ;8 ;5 ;0 ;363 ;
107 ;0 ;8 ;6 ;0 ;110 ;
107 ;0 ;9 ;1 ;0 ;202 ;
107 ;0 ;9 ;2 ;0 ;151 ;
107 ;0 ;9 ;3 ;0 ;52 ;
107 ;0 ;9 ;4 ;0 ;59 ;
107 ;0 ;9 ;5 ;0 ;267 ;
107 ;0 ;9 ;6 ;0 ;144 ;
107 ;0 ;10 ;1 ;0 ;9 ;
107 ;0 ;10 ;2 ;0 ;49 ;
107 ;0 ;10 ;3 ;0 ;290 ;
107 ;0 ;10 ;4 ;0 ;69 ;
107 ;0 ;10 ;5 ;0 ;302 ;
107 ;0 ;10 ;6 ;0 ;204 ;
201 ;0 ;0 ;1 ;0 ;92 ;
201 ;0 ;0 ;2 ;0 ;285 ;
201 ;0 ;0 ;3 ;0 ;35 ;
201 ;0 ;0 ;4 ;0 ;300 ;
201 ;0 ;0 ;5 ;0 ;115 ;
201 ;0 ;1 ;1 ;0 ;102 ;
201 ;0 ;1 ;2 ;0 ;53 ;
201 ;0 ;1 ;3 ;0 ;137 ;
201 ;0 ;1 ;4 ;0 ;152 ;
201 ;0 ;1 ;5 ;0 ;147 ;
201 ;0 ;2 ;1 ;0 ;104 ;
201 ;0 ;2 ;2 ;0 ;366 ;
201 ;0 ;2 ;3 ;0 ;65 ;
201 ;0 ;2 ;4 ;0 ;306 ;
201 ;0 ;2 ;5 ;0 ;307 ;
201 ;0 ;2 ;6 ;0 ;105 ;
201 ;0 ;3 ;1 ;0 ;43 ;
201 ;0 ;3 ;2 ;0 ;106 ;
201 ;0 ;3 ;3 ;0 ;47 ;
201 ;0 ;3 ;4 ;0 ;71 ;
201 ;0 ;3 ;5 ;0 ;216 ;
201 ;0 ;3 ;6 ;0 ;82 ;
201 ;0 ;4 ;1 ;0 ;99 ;
201 ;0 ;4 ;2 ;0 ;210 ;
201 ;0 ;4 ;3 ;0 ;110 ;
201 ;0 ;4 ;4 ;0 ;320 ;
201 ;0 ;4 ;5 ;0 ;136 ;
201 ;0 ;4 ;6 ;0 ;29 ;
201 ;0 ;5 ;1 ;0 ;1 ;
201 ;0 ;5 ;2 ;0 ;31 ;
201 ;0 ;5 ;3 ;0 ;362 ;
201 ;0 ;5 ;4 ;0 ;276 ;
201 ;0 ;5 ;5 ;0 ;337 ;
201 ;0 ;5 ;6 ;0 ;9 ;
201 ;0 ;6 ;1 ;0 ;151 ;
201 ;0 ;6 ;2 ;0 ;290 ;
201 ;0 ;6 ;3 ;0 ;48 ;
201 ;0 ;6 ;4 ;0 ;77 ;
201 ;0 ;6 ;5 ;0 ;52 ;
201 ;0 ;6 ;6 ;0 ;158 ;
202 ;0 ;0 ;3 ;0 ;86 ;
202 ;0 ;0 ;4 ;0 ;227 ;
202 ;0 ;0 ;5 ;0 ;192 ;
202 ;0 ;1 ;2 ;0 ;359 ;
202 ;0 ;1 ;3 ;0 ;79 ;
202 ;0 ;1 ;4 ;0 ;5 ;
202 ;0 ;1 ;5 ;0 ;274 ;
202 ;0 ;2 ;1 ;0 ;252 ;
202 ;0 ;2 ;2 ;0 ;103 ;
202 ;0 ;2 ;3 ;0 ;305 ;
202 ;0 ;2 ;4 ;0 ;272 ;
202 ;0 ;2 ;5 ;0 ;248 ;
202 ;0 ;2 ;6 ;0 ;361 ;
202 ;0 ;3 ;1 ;0 ;166 ;
202 ;0 ;3 ;2 ;0 ;12 ;
202 ;0 ;3 ;3 ;0 ;258 ;
202 ;0 ;3 ;4 ;0 ;19 ;
202 ;0 ;3 ;5 ;0 ;98 ;
202 ;0 ;3 ;6 ;0 ;23 ;
202 ;0 ;4 ;1 ;0 ;261 ;
202 ;0 ;4 ;2 ;0 ;117 ;
202 ;0 ;4 ;3 ;0 ;316 ;
202 ;0 ;4 ;4 ;0 ;279 ;
202 ;0 ;4 ;5 ;0 ;182 ;
202 ;0 ;4 ;6 ;0 ;118 ;
202 ;0 ;5 ;1 ;0 ;168 ;
202 ;0 ;5 ;2 ;0 ;11 ;
202 ;0 ;5 ;3 ;0 ;7 ;
202 ;0 ;5 ;4 ;0 ;51 ;
202 ;0 ;5 ;5 ;0 ;286 ;
202 ;0 ;5 ;6 ;0 ;41 ;
202 ;0 ;6 ;1 ;0 ;179 ;
202 ;0 ;6 ;2 ;0 ;259 ;
202 ;0 ;6 ;3 ;0 ;101 ;
202 ;0 ;6 ;4 ;0 ;133 ;
202 ;0 ;6 ;5 ;0 ;209 ;
202 ;0 ;6 ;6 ;0 ;237 ;
202 ;0 ;7 ;1 ;0 ;232 ;
202 ;0 ;7 ;2 ;0 ;207 ;
202 ;0 ;7 ;3 ;0 ;212 ;
202 ;0 ;7 ;4 ;0 ;200 ;
202 ;0 ;7 ;5 ;0 ;46 ;
202 ;0 ;7 ;6 ;0 ;175 ;
202 ;0 ;8 ;1 ;0 ;265 ;
202 ;0 ;8 ;2 ;0 ;238 ;
202 ;0 ;8 ;3 ;0 ;262 ;
202 ;0 ;8 ;4 ;0 ;273 ;
202 ;0 ;8 ;5 ;0 ;134 ;
202 ;0 ;8 ;6 ;0 ;32 ;
202 ;0 ;9 ;1 ;0 ;297 ;
202 ;0 ;9 ;2 ;0 ;287 ;
202 ;0 ;9 ;3 ;0 ;163 ;
202 ;0 ;9 ;4 ;0 ;22 ;
202 ;0 ;9 ;5 ;0 ;229 ;
202 ;0 ;9 ;6 ;0 ;328 ;
202 ;0 ;10 ;1 ;0 ;304 ;
202 ;0 ;10 ;2 ;0 ;249 ;
202 ;0 ;10 ;3 ;0 ;181 ;
202 ;0 ;10 ;4 ;0 ;345 ;
202 ;0 ;10 ;5 ;0 ;21 ;
202 ;0 ;10 ;6 ;0 ;75 ;
203 ;0 ;0 ;1 ;0 ;108 ;
203 ;0 ;0 ;2 ;0 ;283 ;
203 ;0 ;0 ;3 ;0 ;94 ;
203 ;0 ;0 ;4 ;0 ;92 ;
203 ;0 ;0 ;5 ;0 ;27 ;
203 ;0 ;1 ;1 ;0 ;104 ;
203 ;0 ;1 ;2 ;0 ;105 ;
203 ;0 ;1 ;3 ;0 ;65 ;
203 ;0 ;1 ;4 ;0 ;53 ;
203 ;0 ;1 ;5 ;0 ;152 ;
203 ;0 ;1 ;6 ;0 ;102 ;
203 ;0 ;2 ;1 ;0 ;82 ;
203 ;0 ;2 ;2 ;0 ;43 ;
203 ;0 ;2 ;3 ;0 ;115 ;
203 ;0 ;2 ;4 ;0 ;34 ;
203 ;0 ;2 ;5 ;0 ;127 ;
203 ;0 ;2 ;6 ;0 ;99 ;
203 ;0 ;3 ;1 ;0 ;310 ;
203 ;0 ;3 ;2 ;0 ;210 ;
203 ;0 ;3 ;3 ;0 ;140 ;
203 ;0 ;3 ;4 ;0 ;284 ;
203 ;0 ;3 ;5 ;0 ;363 ;
203 ;0 ;3 ;6 ;0 ;110 ;
203 ;0 ;4 ;1 ;0 ;250 ;
203 ;0 ;4 ;2 ;0 ;106 ;
203 ;0 ;4 ;3 ;0 ;36 ;
203 ;0 ;4 ;4 ;0 ;144 ;
203 ;0 ;4 ;5 ;0 ;138 ;
203 ;0 ;4 ;6 ;0 ;276 ;
203 ;0 ;5 ;1 ;0 ;362 ;
203 ;0 ;5 ;2 ;0 ;185 ;
203 ;0 ;5 ;3 ;0 ;193 ;
203 ;0 ;5 ;4 ;0 ;360 ;
203 ;0 ;5 ;5 ;0 ;97 ;
203 ;0 ;5 ;6 ;0 ;9 ;
203 ;0 ;6 ;1 ;0 ;158 ;
203 ;0 ;6 ;2 ;0 ;77 ;
203 ;0 ;6 ;3 ;0 ;132 ;
203 ;0 ;6 ;4 ;0 ;218 ;
203 ;0 ;6 ;5 ;0 ;48 ;
203 ;0 ;6 ;6 ;0 ;52 ;
204 ;0 ;0 ;2 ;0 ;269 ;
204 ;0 ;0 ;3 ;0 ;294 ;
204 ;0 ;0 ;4 ;0 ;8 ;
204 ;0 ;0 ;5 ;0 ;192 ;
204 ;0 ;1 ;2 ;0 ;7 ;
204 ;0 ;1 ;3 ;0 ;227 ;
204 ;0 ;1 ;4 ;0 ;38 ;
204 ;0 ;1 ;5 ;0 ;88 ;
204 ;0 ;2 ;1 ;0 ;282 ;
204 ;0 ;2 ;2 ;0 ;199 ;
204 ;0 ;2 ;3 ;0 ;91 ;
204 ;0 ;2 ;4 ;0 ;166 ;
204 ;0 ;2 ;5 ;0 ;86 ;
204 ;0 ;2 ;6 ;0 ;245 ;
204 ;0 ;3 ;1 ;0 ;182 ;
204 ;0 ;3 ;2 ;0 ;261 ;
204 ;0 ;3 ;3 ;0 ;248 ;
204 ;0 ;3 ;4 ;0 ;316 ;
204 ;0 ;3 ;5 ;0 ;131 ;
204 ;0 ;3 ;6 ;0 ;12 ;
204 ;0 ;4 ;1 ;0 ;98 ;
204 ;0 ;4 ;2 ;0 ;103 ;
204 ;0 ;4 ;3 ;0 ;46 ;
204 ;0 ;4 ;4 ;0 ;332 ;
204 ;0 ;4 ;5 ;0 ;252 ;
204 ;0 ;4 ;6 ;0 ;118 ;
204 ;0 ;5 ;1 ;0 ;159 ;
204 ;0 ;5 ;2 ;0 ;222 ;
204 ;0 ;5 ;3 ;0 ;11 ;
204 ;0 ;5 ;4 ;0 ;198 ;
204 ;0 ;5 ;5 ;0 ;79 ;
204 ;0 ;5 ;6 ;0 ;70 ;
204 ;0 ;6 ;1 ;0 ;272 ;
204 ;0 ;6 ;2 ;0 ;275 ;
204 ;0 ;6 ;3 ;0 ;112 ;
204 ;0 ;6 ;4 ;0 ;265 ;
204 ;0 ;6 ;5 ;0 ;305 ;
204 ;0 ;6 ;6 ;0 ;258 ;
204 ;0 ;7 ;1 ;0 ;259 ;
204 ;0 ;7 ;2 ;0 ;143 ;
204 ;0 ;7 ;3 ;0 ;57 ;
204 ;0 ;7 ;4 ;0 ;289 ;
204 ;0 ;7 ;5 ;0 ;326 ;
204 ;0 ;7 ;6 ;0 ;45 ;
204 ;0 ;8 ;1 ;0 ;279 ;
204 ;0 ;8 ;2 ;0 ;179 ;
204 ;0 ;8 ;3 ;0 ;200 ;
204 ;0 ;8 ;4 ;0 ;350 ;
204 ;0 ;8 ;5 ;0 ;234 ;
204 ;0 ;8 ;6 ;0 ;41 ;
204 ;0 ;9 ;1 ;0 ;117 ;
204 ;0 ;9 ;2 ;0 ;299 ;
204 ;0 ;9 ;3 ;0 ;286 ;
204 ;0 ;9 ;4 ;0 ;229 ;
204 ;0 ;9 ;5 ;0 ;73 ;
204 ;0 ;9 ;6 ;0 ;3 ;
204 ;0 ;10 ;1 ;0 ;61 ;
204 ;0 ;10 ;2 ;0 ;232 ;
204 ;0 ;10 ;3 ;0 ;58 ;
204 ;0 ;10 ;4 ;0 ;224 ;
204 ;0 ;10 ;5 ;0 ;175 ;
204 ;0 ;10 ;6 ;0 ;298 ;
204 ;0 ;11 ;1 ;0 ;74 ;
204 ;0 ;11 ;2 ;0 ;328 ;
204 ;0 ;11 ;3 ;0 ;32 ;
204 ;0 ;11 ;4 ;0 ;251 ;
204 ;0 ;11 ;5 ;0 ;297 ;
204 ;0 ;11 ;6 ;0 ;236 ;
204 ;0 ;12 ;1 ;0 ;174 ;
204 ;0 ;12 ;2 ;0 ;66 ;
204 ;0 ;12 ;3 ;0 ;303 ;
204 ;0 ;12 ;4 ;0 ;75 ;
204 ;0 ;12 ;5 ;0 ;217 ;
204 ;0 ;12 ;6 ;0 ;304 ;
205 ;0 ;0 ;2 ;0 ;154 ;
205 ;0 ;0 ;3 ;0 ;187 ;
205 ;0 ;0 ;4 ;0 ;99 ;
205 ;0 ;0 ;5 ;0 ;43 ;
205 ;0 ;1 ;1 ;0 ;82 ;
205 ;0 ;1 ;2 ;0 ;140 ;
205 ;0 ;1 ;3 ;0 ;35 ;
205 ;0 ;1 ;4 ;0 ;320 ;
205 ;0 ;1 ;5 ;0 ;1 ;
205 ;0 ;2 ;1 ;0 ;71 ;
205 ;0 ;2 ;2 ;0 ;210 ;
205 ;0 ;2 ;3 ;0 ;276 ;
205 ;0 ;2 ;4 ;0 ;146 ;
205 ;0 ;2 ;5 ;0 ;250 ;
205 ;0 ;2 ;6 ;0 ;185 ;
205 ;0 ;3 ;1 ;0 ;136 ;
205 ;0 ;3 ;2 ;0 ;29 ;
205 ;0 ;3 ;3 ;0 ;138 ;
205 ;0 ;3 ;4 ;0 ;193 ;
205 ;0 ;3 ;5 ;0 ;141 ;
205 ;0 ;3 ;6 ;0 ;87 ;
205 ;0 ;4 ;1 ;0 ;284 ;
205 ;0 ;4 ;2 ;0 ;363 ;
205 ;0 ;4 ;3 ;0 ;256 ;
205 ;0 ;4 ;4 ;0 ;290 ;
205 ;0 ;4 ;5 ;0 ;97 ;
205 ;0 ;4 ;6 ;0 ;31 ;
205 ;0 ;5 ;1 ;0 ;110 ;
205 ;0 ;5 ;2 ;0 ;144 ;
205 ;0 ;5 ;3 ;0 ;9 ;
205 ;0 ;5 ;4 ;0 ;218 ;
205 ;0 ;5 ;5 ;0 ;267 ;
205 ;0 ;5 ;6 ;0 ;202 ;
205 ;0 ;6 ;1 ;0 ;360 ;
205 ;0 ;6 ;2 ;0 ;132 ;
205 ;0 ;6 ;3 ;0 ;77 ;
205 ;0 ;6 ;4 ;0 ;69 ;
205 ;0 ;6 ;5 ;0 ;204 ;
205 ;0 ;6 ;6 ;0 ;52 ;
206 ;0 ;0 ;2 ;0 ;265 ;
206 ;0 ;0 ;3 ;0 ;175 ;
206 ;0 ;0 ;4 ;0 ;73 ;
206 ;0 ;0 ;5 ;0 ;326 ;
206 ;0 ;1 ;1 ;0 ;251 ;
206 ;0 ;1 ;2 ;0 ;3 ;
206 ;0 ;1 ;3 ;0 ;207 ;
206 ;0 ;1 ;4 ;0 ;212 ;
206 ;0 ;1 ;5 ;0 ;237 ;
206 ;0 ;2 ;1 ;0 ;101 ;
206 ;0 ;2 ;2 ;0 ;277 ;
206 ;0 ;2 ;3 ;0 ;174 ;
206 ;0 ;2 ;4 ;0 ;217 ;
206 ;0 ;2 ;5 ;0 ;364 ;
206 ;0 ;2 ;6 ;0 ;10 ;
207 ;0 ;0 ;2 ;0 ;152 ;
207 ;0 ;0 ;3 ;0 ;104 ;
207 ;0 ;0 ;4 ;0 ;102 ;
207 ;0 ;0 ;5 ;0 ;105 ;
207 ;0 ;1 ;2 ;0 ;34 ;
207 ;0 ;1 ;3 ;0 ;115 ;
207 ;0 ;1 ;4 ;0 ;307 ;
207 ;0 ;1 ;5 ;0 ;82 ;
207 ;0 ;2 ;1 ;0 ;43 ;
207 ;0 ;2 ;2 ;0 ;310 ;
207 ;0 ;2 ;3 ;0 ;216 ;
207 ;0 ;2 ;4 ;0 ;47 ;
207 ;0 ;2 ;5 ;0 ;106 ;
207 ;0 ;2 ;6 ;0 ;69 ;
207 ;0 ;3 ;1 ;0 ;360 ;
207 ;0 ;3 ;2 ;0 ;1 ;
207 ;0 ;3 ;3 ;0 ;99 ;
207 ;0 ;3 ;4 ;0 ;250 ;
207 ;0 ;3 ;5 ;0 ;13 ;
207 ;0 ;3 ;6 ;0 ;363 ;
207 ;0 ;4 ;1 ;0 ;138 ;
207 ;0 ;4 ;2 ;0 ;256 ;
207 ;0 ;4 ;3 ;0 ;337 ;
207 ;0 ;4 ;4 ;0 ;193 ;
207 ;0 ;4 ;5 ;0 ;151 ;
207 ;0 ;4 ;6 ;0 ;110 ;
207 ;0 ;5 ;1 ;0 ;218 ;
207 ;0 ;5 ;2 ;0 ;9 ;
207 ;0 ;5 ;3 ;0 ;77 ;
207 ;0 ;5 ;4 ;0 ;290 ;
207 ;0 ;5 ;5 ;0 ;267 ;
207 ;0 ;5 ;6 ;0 ;144 ;
301 ;0 ;0 ;2 ;0 ;171 ;
301 ;0 ;0 ;3 ;0 ;309 ;
301 ;0 ;0 ;4 ;0 ;161 ;
301 ;0 ;1 ;2 ;0 ;199 ;
301 ;0 ;1 ;3 ;0 ;198 ;
301 ;0 ;1 ;4 ;0 ;38 ;
301 ;0 ;1 ;5 ;0 ;272 ;
301 ;0 ;2 ;1 ;0 ;40 ;
301 ;0 ;2 ;2 ;0 ;7 ;
301 ;0 ;2 ;3 ;0 ;79 ;
301 ;0 ;2 ;4 ;0 ;266 ;
301 ;0 ;2 ;5 ;0 ;5 ;
301 ;0 ;2 ;6 ;0 ;261 ;
301 ;0 ;3 ;1 ;0 ;103 ;
301 ;0 ;3 ;2 ;0 ;159 ;
301 ;0 ;3 ;3 ;0 ;166 ;
301 ;0 ;3 ;4 ;0 ;86 ;
301 ;0 ;3 ;5 ;0 ;160 ;
301 ;0 ;3 ;6 ;0 ;98 ;
301 ;0 ;4 ;1 ;0 ;245 ;
301 ;0 ;4 ;2 ;0 ;279 ;
301 ;0 ;4 ;3 ;0 ;331 ;
301 ;0 ;4 ;4 ;0 ;252 ;
301 ;0 ;4 ;5 ;0 ;125 ;
301 ;0 ;4 ;6 ;0 ;275 ;
301 ;0 ;5 ;1 ;0 ;182 ;
301 ;0 ;5 ;2 ;0 ;20 ;
301 ;0 ;5 ;3 ;0 ;57 ;
301 ;0 ;5 ;4 ;0 ;288 ;
301 ;0 ;5 ;5 ;0 ;258 ;
301 ;0 ;5 ;6 ;0 ;114 ;
301 ;0 ;6 ;1 ;0 ;17 ;
301 ;0 ;6 ;2 ;0 ;51 ;
301 ;0 ;6 ;3 ;0 ;346 ;
301 ;0 ;6 ;4 ;0 ;332 ;
301 ;0 ;6 ;5 ;0 ;247 ;
301 ;0 ;6 ;6 ;0 ;12 ;
301 ;0 ;7 ;1 ;0 ;153 ;
301 ;0 ;7 ;2 ;0 ;215 ;
301 ;0 ;7 ;3 ;0 ;289 ;
301 ;0 ;7 ;4 ;0 ;130 ;
301 ;0 ;7 ;5 ;0 ;23 ;
301 ;0 ;7 ;6 ;0 ;165 ;
301 ;0 ;8 ;1 ;0 ;308 ;
301 ;0 ;8 ;2 ;0 ;157 ;
301 ;0 ;8 ;3 ;0 ;273 ;
301 ;0 ;8 ;4 ;0 ;305 ;
301 ;0 ;8 ;5 ;0 ;19 ;
301 ;0 ;8 ;6 ;0 ;342 ;
301 ;0 ;9 ;1 ;0 ;365 ;
301 ;0 ;9 ;2 ;0 ;46 ;
301 ;0 ;9 ;3 ;0 ;109 ;
301 ;0 ;9 ;4 ;0 ;313 ;
301 ;0 ;9 ;5 ;0 ;209 ;
301 ;0 ;9 ;6 ;0 ;334 ;
301 ;0 ;10 ;1 ;0 ;228 ;
301 ;0 ;10 ;2 ;0 ;361 ;
301 ;0 ;10 ;3 ;0 ;205 ;
301 ;0 ;10 ;4 ;0 ;297 ;
301 ;0 ;10 ;5 ;0 ;287 ;
301 ;0 ;10 ;6 ;0 ;73 ;
301 ;0 ;11 ;1 ;0 ;326 ;
301 ;0 ;11 ;2 ;0 ;112 ;
301 ;0 ;11 ;3 ;0 ;44 ;
301 ;0 ;11 ;4 ;0 ;28 ;
301 ;0 ;11 ;5 ;0 ;213 ;
301 ;0 ;11 ;6 ;0 ;58 ;
301 ;0 ;12 ;1 ;0 ;175 ;
301 ;0 ;12 ;2 ;0 ;89 ;
301 ;0 ;12 ;3 ;0 ;200 ;
301 ;0 ;12 ;4 ;0 ;242 ;
301 ;0 ;12 ;5 ;0 ;25 ;
301 ;0 ;12 ;6 ;0 ;350 ;
301 ;0 ;13 ;1 ;0 ;10 ;
301 ;0 ;13 ;2 ;0 ;42 ;
301 ;0 ;13 ;3 ;0 ;299 ;
301 ;0 ;13 ;4 ;0 ;328 ;
301 ;0 ;13 ;5 ;0 ;238 ;
301 ;0 ;13 ;6 ;0 ;117 ;
301 ;0 ;14 ;1 ;0 ;251 ;
301 ;0 ;14 ;2 ;0 ;22 ;
301 ;0 ;14 ;3 ;0 ;45 ;
301 ;0 ;14 ;4 ;0 ;54 ;
301 ;0 ;14 ;5 ;0 ;133 ;
301 ;0 ;14 ;6 ;0 ;303 ;
301 ;0 ;15 ;1 ;0 ;249 ;
301 ;0 ;15 ;2 ;0 ;90 ;
301 ;0 ;15 ;3 ;0 ;21 ;
301 ;0 ;15 ;4 ;0 ;345 ;
301 ;0 ;15 ;5 ;0 ;236 ;
301 ;0 ;15 ;6 ;0 ;224 ;
301 ;0 ;16 ;1 ;0 ;181 ;
301 ;0 ;16 ;2 ;0 ;329 ;
301 ;0 ;16 ;3 ;0 ;174 ;
301 ;0 ;16 ;4 ;0 ;339 ;
301 ;0 ;16 ;5 ;0 ;66 ;
301 ;0 ;16 ;6 ;0 ;298 ;
302 ;0 ;0 ;1 ;0 ;106 ;
302 ;0 ;0 ;2 ;0 ;36 ;
302 ;0 ;0 ;3 ;0 ;29 ;
302 ;0 ;0 ;4 ;0 ;276 ;
302 ;0 ;0 ;5 ;0 ;239 ;
302 ;0 ;1 ;1 ;0 ;9 ;
302 ;0 ;1 ;2 ;0 ;52 ;
302 ;0 ;1 ;3 ;0 ;278 ;
302 ;0 ;1 ;4 ;0 ;158 ;
302 ;0 ;1 ;5 ;0 ;173 ;
302 ;0 ;1 ;6 ;0 ;139 ;
303 ;0 ;0 ;2 ;0 ;98 ;
303 ;0 ;0 ;3 ;0 ;171 ;
303 ;0 ;0 ;4 ;0 ;159 ;
303 ;0 ;0 ;5 ;0 ;271 ;
303 ;0 ;1 ;1 ;0 ;20 ;
303 ;0 ;1 ;2 ;0 ;199 ;
303 ;0 ;1 ;3 ;0 ;247 ;
303 ;0 ;1 ;4 ;0 ;40 ;
303 ;0 ;1 ;5 ;0 ;309 ;
303 ;0 ;1 ;6 ;0 ;240 ;
303 ;0 ;2 ;1 ;0 ;252 ;
303 ;0 ;2 ;2 ;0 ;79 ;
303 ;0 ;2 ;3 ;0 ;266 ;
303 ;0 ;2 ;4 ;0 ;5 ;
303 ;0 ;2 ;5 ;0 ;332 ;
303 ;0 ;2 ;6 ;0 ;128 ;
303 ;0 ;3 ;1 ;0 ;86 ;
303 ;0 ;3 ;2 ;0 ;198 ;
303 ;0 ;3 ;3 ;0 ;268 ;
303 ;0 ;3 ;4 ;0 ;17 ;
303 ;0 ;3 ;5 ;0 ;165 ;
303 ;0 ;3 ;6 ;0 ;288 ;
303 ;0 ;4 ;1 ;0 ;331 ;
303 ;0 ;4 ;2 ;0 ;96 ;
303 ;0 ;4 ;3 ;0 ;103 ;
303 ;0 ;4 ;4 ;0 ;305 ;
303 ;0 ;4 ;5 ;0 ;114 ;
303 ;0 ;4 ;6 ;0 ;130 ;
303 ;0 ;5 ;1 ;0 ;272 ;
303 ;0 ;5 ;2 ;0 ;23 ;
303 ;0 ;5 ;3 ;0 ;166 ;
303 ;0 ;5 ;4 ;0 ;221 ;
303 ;0 ;5 ;5 ;0 ;261 ;
303 ;0 ;5 ;6 ;0 ;153 ;
303 ;0 ;6 ;1 ;0 ;182 ;
303 ;0 ;6 ;2 ;0 ;12 ;
303 ;0 ;6 ;3 ;0 ;361 ;
303 ;0 ;6 ;4 ;0 ;160 ;
303 ;0 ;6 ;5 ;0 ;279 ;
303 ;0 ;6 ;6 ;0 ;109 ;
303 ;0 ;7 ;1 ;0 ;308 ;
303 ;0 ;7 ;2 ;0 ;258 ;
303 ;0 ;7 ;3 ;0 ;57 ;
303 ;0 ;7 ;4 ;0 ;289 ;
303 ;0 ;7 ;5 ;0 ;326 ;
303 ;0 ;7 ;6 ;0 ;189 ;
303 ;0 ;8 ;1 ;0 ;365 ;
303 ;0 ;8 ;2 ;0 ;346 ;
303 ;0 ;8 ;3 ;0 ;7 ;
303 ;0 ;8 ;4 ;0 ;19 ;
303 ;0 ;8 ;5 ;0 ;56 ;
303 ;0 ;8 ;6 ;0 ;175 ;
303 ;0 ;9 ;1 ;0 ;51 ;
303 ;0 ;9 ;2 ;0 ;168 ;
303 ;0 ;9 ;3 ;0 ;259 ;
303 ;0 ;9 ;4 ;0 ;89 ;
303 ;0 ;9 ;5 ;0 ;251 ;
303 ;0 ;9 ;6 ;0 ;213 ;
303 ;0 ;10 ;1 ;0 ;41 ;
303 ;0 ;10 ;2 ;0 ;179 ;
303 ;0 ;10 ;3 ;0 ;73 ;
303 ;0 ;10 ;4 ;0 ;157 ;
303 ;0 ;10 ;5 ;0 ;328 ;
303 ;0 ;10 ;6 ;0 ;212 ;
303 ;0 ;11 ;1 ;0 ;54 ;
303 ;0 ;11 ;2 ;0 ;237 ;
303 ;0 ;11 ;3 ;0 ;83 ;
303 ;0 ;11 ;4 ;0 ;200 ;
303 ;0 ;11 ;5 ;0 ;76 ;
303 ;0 ;11 ;6 ;0 ;273 ;
303 ;0 ;12 ;1 ;0 ;25 ;
303 ;0 ;12 ;2 ;0 ;117 ;
303 ;0 ;12 ;3 ;0 ;32 ;
303 ;0 ;12 ;4 ;0 ;15 ;
303 ;0 ;12 ;5 ;0 ;46 ;
303 ;0 ;12 ;6 ;0 ;228 ;
303 ;0 ;13 ;1 ;0 ;224 ;
303 ;0 ;13 ;2 ;0 ;163 ;
303 ;0 ;13 ;3 ;0 ;297 ;
303 ;0 ;13 ;4 ;0 ;61 ;
303 ;0 ;13 ;5 ;0 ;194 ;
303 ;0 ;13 ;6 ;0 ;351 ;
303 ;0 ;14 ;1 ;0 ;133 ;
303 ;0 ;14 ;2 ;0 ;134 ;
303 ;0 ;14 ;3 ;0 ;234 ;
303 ;0 ;14 ;4 ;0 ;18 ;
303 ;0 ;14 ;5 ;0 ;353 ;
303 ;0 ;14 ;6 ;0 ;345 ;
303 ;0 ;15 ;1 ;0 ;339 ;
303 ;0 ;15 ;2 ;0 ;249 ;
303 ;0 ;15 ;3 ;0 ;21 ;
303 ;0 ;15 ;4 ;0 ;81 ;
303 ;0 ;15 ;5 ;0 ;329 ;
303 ;0 ;15 ;6 ;0 ;14 ;
304 ;0 ;0 ;2 ;0 ;116 ;
304 ;0 ;0 ;3 ;0 ;348 ;
304 ;0 ;0 ;4 ;0 ;53 ;
304 ;0 ;1 ;2 ;0 ;34 ;
304 ;0 ;1 ;3 ;0 ;330 ;
304 ;0 ;1 ;4 ;0 ;307 ;
304 ;0 ;1 ;5 ;0 ;347 ;
304 ;0 ;2 ;1 ;0 ;65 ;
304 ;0 ;2 ;2 ;0 ;106 ;
304 ;0 ;2 ;3 ;0 ;293 ;
304 ;0 ;2 ;4 ;0 ;99 ;
304 ;0 ;2 ;5 ;0 ;140 ;
304 ;0 ;2 ;6 ;0 ;310 ;
304 ;0 ;3 ;1 ;0 ;63 ;
304 ;0 ;3 ;2 ;0 ;127 ;
304 ;0 ;3 ;3 ;0 ;47 ;
304 ;0 ;3 ;4 ;0 ;276 ;
304 ;0 ;3 ;5 ;0 ;206 ;
304 ;0 ;3 ;6 ;0 ;1 ;
304 ;0 ;4 ;1 ;0 ;136 ;
304 ;0 ;4 ;2 ;0 ;139 ;
304 ;0 ;4 ;3 ;0 ;138 ;
304 ;0 ;4 ;4 ;0 ;36 ;
304 ;0 ;4 ;5 ;0 ;363 ;
304 ;0 ;4 ;6 ;0 ;239 ;
304 ;0 ;5 ;1 ;0 ;31 ;
304 ;0 ;5 ;2 ;0 ;29 ;
304 ;0 ;5 ;3 ;0 ;193 ;
304 ;0 ;5 ;4 ;0 ;144 ;
304 ;0 ;5 ;5 ;0 ;202 ;
304 ;0 ;5 ;6 ;0 ;141 ;
304 ;0 ;6 ;1 ;0 ;142 ;
304 ;0 ;6 ;2 ;0 ;362 ;
304 ;0 ;6 ;3 ;0 ;59 ;
304 ;0 ;6 ;4 ;0 ;185 ;
304 ;0 ;6 ;5 ;0 ;226 ;
304 ;0 ;6 ;6 ;0 ;9 ;
304 ;0 ;7 ;1 ;0 ;320 ;
304 ;0 ;7 ;2 ;0 ;52 ;
304 ;0 ;7 ;3 ;0 ;312 ;
304 ;0 ;7 ;4 ;0 ;110 ;
304 ;0 ;7 ;5 ;0 ;218 ;
304 ;0 ;7 ;6 ;0 ;267 ;
304 ;0 ;8 ;1 ;0 ;132 ;
304 ;0 ;8 ;2 ;0 ;48 ;
304 ;0 ;8 ;3 ;0 ;302 ;
304 ;0 ;8 ;4 ;0 ;169 ;
304 ;0 ;8 ;5 ;0 ;69 ;
304 ;0 ;8 ;6 ;0 ;349 ;
305 ;0 ;0 ;1 ;0 ;111 ;
305 ;0 ;0 ;2 ;0 ;166 ;
305 ;0 ;0 ;3 ;0 ;332 ;
305 ;0 ;0 ;4 ;0 ;289 ;
305 ;0 ;0 ;5 ;0 ;198 ;
305 ;0 ;0 ;6 ;0 ;103 ;
305 ;0 ;1 ;1 ;0 ;252 ;
305 ;0 ;1 ;2 ;0 ;157 ;
305 ;0 ;1 ;3 ;0 ;114 ;
305 ;0 ;1 ;4 ;0 ;259 ;
305 ;0 ;1 ;5 ;0 ;221 ;
305 ;0 ;1 ;6 ;0 ;215 ;
305 ;0 ;2 ;1 ;0 ;117 ;
305 ;0 ;2 ;2 ;0 ;258 ;
305 ;0 ;2 ;3 ;0 ;313 ;
305 ;0 ;2 ;4 ;0 ;305 ;
305 ;0 ;2 ;5 ;0 ;165 ;
305 ;0 ;2 ;6 ;0 ;279 ;
305 ;0 ;3 ;1 ;0 ;153 ;
305 ;0 ;3 ;2 ;0 ;299 ;
305 ;0 ;3 ;3 ;0 ;209 ;
305 ;0 ;3 ;4 ;0 ;205 ;
305 ;0 ;3 ;5 ;0 ;350 ;
305 ;0 ;3 ;6 ;0 ;334 ;
305 ;0 ;4 ;1 ;0 ;242 ;
305 ;0 ;4 ;2 ;0 ;200 ;
305 ;0 ;4 ;3 ;0 ;89 ;
305 ;0 ;4 ;4 ;0 ;255 ;
305 ;0 ;4 ;5 ;0 ;45 ;
305 ;0 ;4 ;6 ;0 ;73 ;
305 ;0 ;5 ;1 ;0 ;28 ;
305 ;0 ;5 ;2 ;0 ;44 ;
305 ;0 ;5 ;3 ;0 ;238 ;
305 ;0 ;5 ;4 ;0 ;41 ;
305 ;0 ;5 ;5 ;0 ;74 ;
305 ;0 ;5 ;6 ;0 ;328 ;
305 ;0 ;6 ;1 ;0 ;175 ;
305 ;0 ;6 ;2 ;0 ;32 ;
305 ;0 ;6 ;3 ;0 ;194 ;
305 ;0 ;6 ;4 ;0 ;54 ;
305 ;0 ;6 ;5 ;0 ;351 ;
305 ;0 ;6 ;6 ;0 ;24 ;
305 ;0 ;7 ;1 ;0 ;303 ;
305 ;0 ;7 ;2 ;0 ;14 ;
305 ;0 ;7 ;3 ;0 ;217 ;
305 ;0 ;7 ;4 ;0 ;90 ;
305 ;0 ;7 ;5 ;0 ;208 ;
305 ;0 ;7 ;6 ;0 ;75 ;
305 ;0 ;8 ;1 ;0 ;230 ;
305 ;0 ;8 ;2 ;0 ;212 ;
305 ;0 ;8 ;3 ;0 ;174 ;
305 ;0 ;8 ;4 ;0 ;66 ;
305 ;0 ;8 ;5 ;0 ;81 ;
305 ;0 ;8 ;6 ;0 ;18 ;
306 ;0 ;0 ;2 ;0 ;1 ;
306 ;0 ;0 ;3 ;0 ;239 ;
306 ;0 ;0 ;4 ;0 ;250 ;
306 ;0 ;0 ;5 ;0 ;87 ;
306 ;0 ;1 ;1 ;0 ;276 ;
306 ;0 ;1 ;2 ;0 ;320 ;
306 ;0 ;1 ;3 ;0 ;206 ;
306 ;0 ;1 ;4 ;0 ;142 ;
306 ;0 ;1 ;5 ;0 ;363 ;
306 ;0 ;2 ;1 ;0 ;31 ;
306 ;0 ;2 ;2 ;0 ;278 ;
306 ;0 ;2 ;3 ;0 ;349 ;
306 ;0 ;2 ;4 ;0 ;267 ;
306 ;0 ;2 ;5 ;0 ;312 ;
306 ;0 ;2 ;6 ;0 ;9 ;
306 ;0 ;3 ;1 ;0 ;59 ;
306 ;0 ;3 ;2 ;0 ;132 ;
306 ;0 ;3 ;3 ;0 ;302 ;
306 ;0 ;3 ;4 ;0 ;169 ;
306 ;0 ;3 ;5 ;0 ;110 ;
306 ;0 ;3 ;6 ;0 ;146 ;
307 ;0 ;0 ;1 ;0 ;268 ;
307 ;0 ;0 ;2 ;0 ;131 ;
307 ;0 ;0 ;3 ;0 ;231 ;
307 ;0 ;0 ;4 ;0 ;309 ;
307 ;0 ;0 ;5 ;0 ;161 ;
307 ;0 ;1 ;1 ;0 ;171 ;
307 ;0 ;1 ;2 ;0 ;271 ;
307 ;0 ;1 ;3 ;0 ;40 ;
307 ;0 ;1 ;4 ;0 ;5 ;
307 ;0 ;1 ;5 ;0 ;86 ;
307 ;0 ;1 ;6 ;0 ;261 ;
307 ;0 ;2 ;1 ;0 ;7 ;
307 ;0 ;2 ;2 ;0 ;308 ;
307 ;0 ;2 ;3 ;0 ;20 ;
307 ;0 ;2 ;4 ;0 ;289 ;
307 ;0 ;2 ;5 ;0 ;199 ;
307 ;0 ;2 ;6 ;0 ;305 ;
307 ;0 ;3 ;1 ;0 ;331 ;
307 ;0 ;3 ;2 ;0 ;247 ;
307 ;0 ;3 ;3 ;0 ;258 ;
307 ;0 ;3 ;4 ;0 ;272 ;
307 ;0 ;3 ;5 ;0 ;148 ;
307 ;0 ;3 ;6 ;0 ;11 ;
307 ;0 ;4 ;1 ;0 ;215 ;
307 ;0 ;4 ;2 ;0 ;160 ;
307 ;0 ;4 ;3 ;0 ;266 ;
307 ;0 ;4 ;4 ;0 ;332 ;
307 ;0 ;4 ;5 ;0 ;252 ;
307 ;0 ;4 ;6 ;0 ;165 ;
307 ;0 ;5 ;1 ;0 ;166 ;
307 ;0 ;5 ;2 ;0 ;79 ;
307 ;0 ;5 ;3 ;0 ;103 ;
307 ;0 ;5 ;4 ;0 ;182 ;
307 ;0 ;5 ;5 ;0 ;98 ;
307 ;0 ;5 ;6 ;0 ;12 ;
307 ;0 ;6 ;1 ;0 ;221 ;
307 ;0 ;6 ;2 ;0 ;365 ;
307 ;0 ;6 ;3 ;0 ;17 ;
307 ;0 ;6 ;4 ;0 ;335 ;
307 ;0 ;6 ;5 ;0 ;153 ;
307 ;0 ;6 ;6 ;0 ;279 ;
307 ;0 ;7 ;1 ;0 ;143 ;
307 ;0 ;7 ;2 ;0 ;157 ;
307 ;0 ;7 ;3 ;0 ;189 ;
307 ;0 ;7 ;4 ;0 ;222 ;
307 ;0 ;7 ;5 ;0 ;134 ;
307 ;0 ;7 ;6 ;0 ;45 ;
307 ;0 ;8 ;1 ;0 ;46 ;
307 ;0 ;8 ;2 ;0 ;23 ;
307 ;0 ;8 ;3 ;0 ;346 ;
307 ;0 ;8 ;4 ;0 ;96 ;
307 ;0 ;8 ;5 ;0 ;259 ;
307 ;0 ;8 ;6 ;0 ;125 ;
307 ;0 ;9 ;1 ;0 ;109 ;
307 ;0 ;9 ;2 ;0 ;361 ;
307 ;0 ;9 ;3 ;0 ;273 ;
307 ;0 ;9 ;4 ;0 ;342 ;
307 ;0 ;9 ;5 ;0 ;19 ;
307 ;0 ;9 ;6 ;0 ;73 ;
307 ;0 ;10 ;1 ;0 ;213 ;
307 ;0 ;10 ;2 ;0 ;168 ;
307 ;0 ;10 ;3 ;0 ;228 ;
307 ;0 ;10 ;4 ;0 ;334 ;
307 ;0 ;10 ;5 ;0 ;44 ;
307 ;0 ;10 ;6 ;0 ;313 ;
307 ;0 ;11 ;1 ;0 ;255 ;
307 ;0 ;11 ;2 ;0 ;83 ;
307 ;0 ;11 ;3 ;0 ;234 ;
307 ;0 ;11 ;4 ;0 ;326 ;
307 ;0 ;11 ;5 ;0 ;200 ;
307 ;0 ;11 ;6 ;0 ;209 ;
307 ;0 ;12 ;1 ;0 ;28 ;
307 ;0 ;12 ;2 ;0 ;74 ;
307 ;0 ;12 ;3 ;0 ;117 ;
307 ;0 ;12 ;4 ;0 ;175 ;
307 ;0 ;12 ;5 ;0 ;25 ;
307 ;0 ;12 ;6 ;0 ;89 ;
307 ;0 ;13 ;1 ;0 ;240 ;
307 ;0 ;13 ;2 ;0 ;112 ;
307 ;0 ;13 ;3 ;0 ;81 ;
307 ;0 ;13 ;4 ;0 ;249 ;
307 ;0 ;13 ;5 ;0 ;251 ;
307 ;0 ;13 ;6 ;0 ;224 ;
307 ;0 ;14 ;1 ;0 ;299 ;
307 ;0 ;14 ;2 ;0 ;21 ;
307 ;0 ;14 ;3 ;0 ;32 ;
307 ;0 ;14 ;4 ;0 ;163 ;
307 ;0 ;14 ;5 ;0 ;328 ;
307 ;0 ;14 ;6 ;0 ;15 ;
307 ;0 ;15 ;1 ;0 ;18 ;
307 ;0 ;15 ;2 ;0 ;22 ;
307 ;0 ;15 ;3 ;0 ;298 ;
307 ;0 ;15 ;4 ;0 ;61 ;
307 ;0 ;15 ;5 ;0 ;133 ;
307 ;0 ;15 ;6 ;0 ;42 ;
307 ;0 ;16 ;1 ;0 ;76 ;
307 ;0 ;16 ;2 ;0 ;303 ;
307 ;0 ;16 ;3 ;0 ;351 ;
307 ;0 ;16 ;4 ;0 ;24 ;
307 ;0 ;16 ;5 ;0 ;75 ;
307 ;0 ;16 ;6 ;0 ;10 ;
307 ;0 ;17 ;1 ;0 ;54 ;
307 ;0 ;17 ;2 ;0 ;217 ;
307 ;0 ;17 ;3 ;0 ;345 ;
307 ;0 ;17 ;4 ;0 ;56 ;
307 ;0 ;17 ;5 ;0 ;194 ;
307 ;0 ;17 ;6 ;0 ;321 ;
307 ;0 ;18 ;1 ;0 ;329 ;
307 ;0 ;18 ;2 ;0 ;277 ;
307 ;0 ;18 ;3 ;0 ;339 ;
307 ;0 ;18 ;4 ;0 ;212 ;
307 ;0 ;18 ;5 ;0 ;230 ;
307 ;0 ;18 ;6 ;0 ;14 ;
401 ;0 ;0 ;2 ;0 ;268 ;
401 ;0 ;0 ;3 ;0 ;269 ;
401 ;0 ;0 ;4 ;0 ;271 ;
401 ;0 ;0 ;5 ;0 ;192 ;
401 ;0 ;1 ;2 ;0 ;332 ;
401 ;0 ;1 ;3 ;0 ;279 ;
401 ;0 ;1 ;4 ;0 ;91 ;
401 ;0 ;1 ;5 ;0 ;309 ;
401 ;0 ;2 ;1 ;0 ;198 ;
401 ;0 ;2 ;2 ;0 ;266 ;
401 ;0 ;2 ;3 ;0 ;272 ;
401 ;0 ;2 ;4 ;0 ;38 ;
401 ;0 ;2 ;5 ;0 ;79 ;
401 ;0 ;2 ;6 ;0 ;20 ;
401 ;0 ;3 ;1 ;0 ;40 ;
401 ;0 ;3 ;2 ;0 ;275 ;
401 ;0 ;3 ;3 ;0 ;247 ;
401 ;0 ;3 ;4 ;0 ;222 ;
401 ;0 ;3 ;5 ;0 ;114 ;
401 ;0 ;3 ;6 ;0 ;258 ;
401 ;0 ;4 ;1 ;0 ;23 ;
401 ;0 ;4 ;2 ;0 ;103 ;
401 ;0 ;4 ;3 ;0 ;157 ;
401 ;0 ;4 ;4 ;0 ;215 ;
401 ;0 ;4 ;5 ;0 ;361 ;
401 ;0 ;4 ;6 ;0 ;42 ;
401 ;0 ;5 ;1 ;0 ;96 ;
401 ;0 ;5 ;2 ;0 ;305 ;
401 ;0 ;5 ;3 ;0 ;209 ;
401 ;0 ;5 ;4 ;0 ;168 ;
401 ;0 ;5 ;5 ;0 ;153 ;
401 ;0 ;5 ;6 ;0 ;41 ;
401 ;0 ;6 ;1 ;0 ;45 ;
401 ;0 ;6 ;2 ;0 ;200 ;
401 ;0 ;6 ;3 ;0 ;112 ;
401 ;0 ;6 ;4 ;0 ;89 ;
401 ;0 ;6 ;5 ;0 ;350 ;
401 ;0 ;6 ;6 ;0 ;32 ;
401 ;0 ;7 ;1 ;0 ;242 ;
401 ;0 ;7 ;2 ;0 ;74 ;
401 ;0 ;7 ;3 ;0 ;303 ;
401 ;0 ;7 ;4 ;0 ;299 ;
401 ;0 ;7 ;5 ;0 ;175 ;
401 ;0 ;7 ;6 ;0 ;133 ;
401 ;0 ;8 ;1 ;0 ;251 ;
401 ;0 ;8 ;2 ;0 ;24 ;
401 ;0 ;8 ;3 ;0 ;351 ;
401 ;0 ;8 ;4 ;0 ;208 ;
401 ;0 ;8 ;5 ;0 ;54 ;
401 ;0 ;8 ;6 ;0 ;81 ;
401 ;0 ;9 ;1 ;0 ;14 ;
401 ;0 ;9 ;2 ;0 ;212 ;
401 ;0 ;9 ;3 ;0 ;181 ;
401 ;0 ;9 ;4 ;0 ;66 ;
401 ;0 ;9 ;5 ;0 ;90 ;
401 ;0 ;9 ;6 ;0 ;217 ;
402 ;0 ;0 ;2 ;0 ;300 ;
402 ;0 ;0 ;3 ;0 ;195 ;
402 ;0 ;0 ;4 ;0 ;92 ;
402 ;0 ;0 ;5 ;0 ;135 ;
402 ;0 ;1 ;1 ;0 ;137 ;
402 ;0 ;1 ;2 ;0 ;104 ;
402 ;0 ;1 ;3 ;0 ;105 ;
402 ;0 ;1 ;4 ;0 ;164 ;
402 ;0 ;1 ;5 ;0 ;347 ;
402 ;0 ;2 ;1 ;0 ;53 ;
402 ;0 ;2 ;2 ;0 ;94 ;
402 ;0 ;2 ;3 ;0 ;152 ;
402 ;0 ;2 ;4 ;0 ;147 ;
402 ;0 ;2 ;5 ;0 ;35 ;
402 ;0 ;2 ;6 ;0 ;307 ;
402 ;0 ;3 ;1 ;0 ;93 ;
402 ;0 ;3 ;2 ;0 ;250 ;
402 ;0 ;3 ;3 ;0 ;115 ;
402 ;0 ;3 ;4 ;0 ;36 ;
402 ;0 ;3 ;5 ;0 ;216 ;
402 ;0 ;3 ;6 ;0 ;99 ;
402 ;0 ;4 ;1 ;0 ;87 ;
402 ;0 ;4 ;2 ;0 ;186 ;
402 ;0 ;4 ;3 ;0 ;1 ;
402 ;0 ;4 ;4 ;0 ;97 ;
402 ;0 ;4 ;5 ;0 ;31 ;
402 ;0 ;4 ;6 ;0 ;110 ;
402 ;0 ;5 ;1 ;0 ;267 ;
402 ;0 ;5 ;2 ;0 ;9 ;
402 ;0 ;5 ;3 ;0 ;349 ;
402 ;0 ;5 ;4 ;0 ;302 ;
402 ;0 ;5 ;5 ;0 ;146 ;
402 ;0 ;5 ;6 ;0 ;278 ;
403 ;0 ;0 ;1 ;0 ;268 ;
403 ;0 ;0 ;2 ;0 ;189 ;
403 ;0 ;0 ;3 ;0 ;11 ;
403 ;0 ;0 ;4 ;0 ;271 ;
403 ;0 ;0 ;5 ;0 ;148 ;
403 ;0 ;1 ;1 ;0 ;247 ;
403 ;0 ;1 ;2 ;0 ;243 ;
403 ;0 ;1 ;3 ;0 ;272 ;
403 ;0 ;1 ;4 ;0 ;91 ;
403 ;0 ;1 ;5 ;0 ;231 ;
403 ;0 ;1 ;6 ;0 ;199 ;
403 ;0 ;2 ;1 ;0 ;40 ;
403 ;0 ;2 ;2 ;0 ;157 ;
403 ;0 ;2 ;3 ;0 ;38 ;
403 ;0 ;2 ;4 ;0 ;98 ;
403 ;0 ;2 ;5 ;0 ;266 ;
403 ;0 ;2 ;6 ;0 ;166 ;
403 ;0 ;3 ;1 ;0 ;332 ;
403 ;0 ;3 ;2 ;0 ;279 ;
403 ;0 ;3 ;3 ;0 ;252 ;
403 ;0 ;3 ;4 ;0 ;20 ;
403 ;0 ;3 ;5 ;0 ;86 ;
403 ;0 ;3 ;6 ;0 ;57 ;
403 ;0 ;4 ;1 ;0 ;79 ;
403 ;0 ;4 ;2 ;0 ;111 ;
403 ;0 ;4 ;3 ;0 ;12 ;
403 ;0 ;4 ;4 ;0 ;168 ;
403 ;0 ;4 ;5 ;0 ;259 ;
403 ;0 ;4 ;6 ;0 ;182 ;
403 ;0 ;5 ;1 ;0 ;331 ;
403 ;0 ;5 ;2 ;0 ;42 ;
403 ;0 ;5 ;3 ;0 ;328 ;
403 ;0 ;5 ;4 ;0 ;222 ;
403 ;0 ;5 ;5 ;0 ;305 ;
403 ;0 ;5 ;6 ;0 ;220 ;
403 ;0 ;6 ;1 ;0 ;109 ;
403 ;0 ;6 ;2 ;0 ;45 ;
403 ;0 ;6 ;3 ;0 ;313 ;
403 ;0 ;6 ;4 ;0 ;112 ;
403 ;0 ;6 ;5 ;0 ;212 ;
403 ;0 ;6 ;6 ;0 ;3 ;
403 ;0 ;7 ;1 ;0 ;221 ;
403 ;0 ;7 ;2 ;0 ;175 ;
403 ;0 ;7 ;3 ;0 ;17 ;
403 ;0 ;7 ;4 ;0 ;201 ;
403 ;0 ;7 ;5 ;0 ;326 ;
403 ;0 ;7 ;6 ;0 ;61 ;
403 ;0 ;8 ;1 ;0 ;74 ;
403 ;0 ;8 ;2 ;0 ;224 ;
403 ;0 ;8 ;3 ;0 ;73 ;
403 ;0 ;8 ;4 ;0 ;28 ;
403 ;0 ;8 ;5 ;0 ;350 ;
403 ;0 ;8 ;6 ;0 ;163 ;
403 ;0 ;9 ;1 ;0 ;54 ;
403 ;0 ;9 ;2 ;0 ;237 ;
403 ;0 ;9 ;3 ;0 ;21 ;
403 ;0 ;9 ;4 ;0 ;113 ;
403 ;0 ;9 ;5 ;0 ;251 ;
403 ;0 ;9 ;6 ;0 ;10 ;
403 ;0 ;10 ;1 ;0 ;76 ;
403 ;0 ;10 ;2 ;0 ;345 ;
403 ;0 ;10 ;3 ;0 ;354 ;
403 ;0 ;10 ;4 ;0 ;18 ;
403 ;0 ;10 ;5 ;0 ;15 ;
403 ;0 ;10 ;6 ;0 ;194 ;
403 ;0 ;11 ;1 ;0 ;353 ;
403 ;0 ;11 ;2 ;0 ;230 ;
403 ;0 ;11 ;3 ;0 ;329 ;
403 ;0 ;11 ;4 ;0 ;174 ;
403 ;0 ;11 ;5 ;0 ;181 ;
403 ;0 ;11 ;6 ;0 ;325 ;
404 ;0 ;0 ;1 ;0 ;135 ;
404 ;0 ;0 ;2 ;0 ;108 ;
404 ;0 ;0 ;3 ;0 ;94 ;
404 ;0 ;0 ;4 ;0 ;92 ;
404 ;0 ;0 ;5 ;0 ;147 ;
404 ;0 ;1 ;1 ;0 ;152 ;
404 ;0 ;1 ;2 ;0 ;137 ;
404 ;0 ;1 ;3 ;0 ;300 ;
404 ;0 ;1 ;4 ;0 ;283 ;
404 ;0 ;1 ;5 ;0 ;93 ;
404 ;0 ;2 ;1 ;0 ;104 ;
404 ;0 ;2 ;2 ;0 ;34 ;
404 ;0 ;2 ;3 ;0 ;195 ;
404 ;0 ;2 ;4 ;0 ;347 ;
404 ;0 ;2 ;5 ;0 ;116 ;
404 ;0 ;2 ;6 ;0 ;53 ;
404 ;0 ;3 ;1 ;0 ;164 ;
404 ;0 ;3 ;2 ;0 ;105 ;
404 ;0 ;3 ;3 ;0 ;115 ;
404 ;0 ;3 ;4 ;0 ;102 ;
404 ;0 ;3 ;5 ;0 ;307 ;
404 ;0 ;3 ;6 ;0 ;43 ;
404 ;0 ;4 ;1 ;0 ;27 ;
404 ;0 ;4 ;2 ;0 ;216 ;
404 ;0 ;4 ;3 ;0 ;47 ;
404 ;0 ;4 ;4 ;0 ;65 ;
404 ;0 ;4 ;5 ;0 ;63 ;
404 ;0 ;4 ;6 ;0 ;348 ;
404 ;0 ;5 ;1 ;0 ;35 ;
404 ;0 ;5 ;2 ;0 ;99 ;
404 ;0 ;5 ;3 ;0 ;106 ;
404 ;0 ;5 ;4 ;0 ;136 ;
404 ;0 ;5 ;5 ;0 ;355 ;
404 ;0 ;5 ;6 ;0 ;319 ;
404 ;0 ;6 ;1 ;0 ;97 ;
404 ;0 ;6 ;2 ;0 ;31 ;
404 ;0 ;6 ;3 ;0 ;362 ;
404 ;0 ;6 ;4 ;0 ;110 ;
404 ;0 ;6 ;5 ;0 ;138 ;
404 ;0 ;6 ;6 ;0 ;29 ;
404 ;0 ;7 ;1 ;0 ;226 ;
404 ;0 ;7 ;2 ;0 ;1 ;
404 ;0 ;7 ;3 ;0 ;193 ;
404 ;0 ;7 ;4 ;0 ;9 ;
404 ;0 ;7 ;5 ;0 ;202 ;
404 ;0 ;7 ;6 ;0 ;276 ;
404 ;0 ;8 ;1 ;0 ;312 ;
404 ;0 ;8 ;2 ;0 ;302 ;
404 ;0 ;8 ;3 ;0 ;48 ;
404 ;0 ;8 ;4 ;0 ;349 ;
404 ;0 ;8 ;5 ;0 ;267 ;
404 ;0 ;8 ;6 ;0 ;52 ;
405 ;0 ;0 ;2 ;0 ;269 ;
405 ;0 ;0 ;3 ;0 ;199 ;
405 ;0 ;0 ;4 ;0 ;243 ;
405 ;0 ;1 ;2 ;0 ;258 ;
405 ;0 ;1 ;3 ;0 ;279 ;
405 ;0 ;1 ;4 ;0 ;252 ;
405 ;0 ;1 ;5 ;0 ;148 ;
405 ;0 ;2 ;1 ;0 ;98 ;
405 ;0 ;2 ;2 ;0 ;305 ;
405 ;0 ;2 ;3 ;0 ;215 ;
405 ;0 ;2 ;4 ;0 ;103 ;
405 ;0 ;2 ;5 ;0 ;157 ;
405 ;0 ;2 ;6 ;0 ;182 ;
405 ;0 ;3 ;1 ;0 ;259 ;
405 ;0 ;3 ;2 ;0 ;166 ;
405 ;0 ;3 ;3 ;0 ;201 ;
405 ;0 ;3 ;4 ;0 ;332 ;
405 ;0 ;3 ;5 ;0 ;328 ;
405 ;0 ;3 ;6 ;0 ;46 ;
405 ;0 ;4 ;1 ;0 ;111 ;
405 ;0 ;4 ;2 ;0 ;313 ;
405 ;0 ;4 ;3 ;0 ;326 ;
405 ;0 ;4 ;4 ;0 ;194 ;
405 ;0 ;4 ;5 ;0 ;297 ;
405 ;0 ;4 ;6 ;0 ;221 ;
405 ;0 ;5 ;1 ;0 ;109 ;
405 ;0 ;5 ;2 ;0 ;28 ;
405 ;0 ;5 ;3 ;0 ;200 ;
405 ;0 ;5 ;4 ;0 ;314 ;
405 ;0 ;5 ;5 ;0 ;287 ;
405 ;0 ;5 ;6 ;0 ;112 ;
405 ;0 ;6 ;1 ;0 ;189 ;
405 ;0 ;6 ;2 ;0 ;175 ;
405 ;0 ;6 ;3 ;0 ;299 ;
405 ;0 ;6 ;4 ;0 ;255 ;
405 ;0 ;6 ;5 ;0 ;303 ;
405 ;0 ;6 ;6 ;0 ;89 ;
405 ;0 ;7 ;1 ;0 ;242 ;
405 ;0 ;7 ;2 ;0 ;213 ;
405 ;0 ;7 ;3 ;0 ;234 ;
405 ;0 ;7 ;4 ;0 ;298 ;
405 ;0 ;7 ;5 ;0 ;163 ;
405 ;0 ;7 ;6 ;0 ;133 ;
405 ;0 ;8 ;1 ;0 ;42 ;
405 ;0 ;8 ;2 ;0 ;3 ;
405 ;0 ;8 ;3 ;0 ;73 ;
405 ;0 ;8 ;4 ;0 ;45 ;
405 ;0 ;8 ;5 ;0 ;350 ;
405 ;0 ;8 ;6 ;0 ;22 ;
405 ;0 ;9 ;1 ;0 ;81 ;
405 ;0 ;9 ;2 ;0 ;10 ;
405 ;0 ;9 ;3 ;0 ;90 ;
405 ;0 ;9 ;4 ;0 ;21 ;
405 ;0 ;9 ;5 ;0 ;249 ;
405 ;0 ;9 ;6 ;0 ;24 ;
405 ;0 ;10 ;1 ;0 ;54 ;
405 ;0 ;10 ;2 ;0 ;18 ;
405 ;0 ;10 ;3 ;0 ;351 ;
405 ;0 ;10 ;4 ;0 ;217 ;
405 ;0 ;10 ;5 ;0 ;321 ;
405 ;0 ;10 ;6 ;0 ;56 ;
405 ;0 ;11 ;1 ;0 ;354 ;
405 ;0 ;11 ;2 ;0 ;230 ;
405 ;0 ;11 ;3 ;0 ;78 ;
405 ;0 ;11 ;4 ;0 ;364 ;
405 ;0 ;11 ;5 ;0 ;325 ;
405 ;0 ;11 ;6 ;0 ;224 ;
406 ;0 ;0 ;1 ;0 ;43 ;
406 ;0 ;0 ;2 ;0 ;276 ;
406 ;0 ;0 ;3 ;0 ;87 ;
406 ;0 ;0 ;4 ;0 ;106 ;
406 ;0 ;0 ;5 ;0 ;146 ;
406 ;0 ;0 ;6 ;0 ;97 ;
406 ;0 ;1 ;1 ;0 ;9 ;
406 ;0 ;1 ;2 ;0 ;52 ;
406 ;0 ;1 ;3 ;0 ;278 ;
406 ;0 ;1 ;4 ;0 ;218 ;
406 ;0 ;1 ;5 ;0 ;158 ;
406 ;0 ;1 ;6 ;0 ;29 ;
407 ;0 ;0 ;1 ;0 ;38 ;
407 ;0 ;0 ;2 ;0 ;266 ;
407 ;0 ;0 ;3 ;0 ;252 ;
407 ;0 ;0 ;4 ;0 ;259 ;
407 ;0 ;0 ;5 ;0 ;86 ;
407 ;0 ;0 ;6 ;0 ;17 ;
407 ;0 ;1 ;1 ;0 ;79 ;
407 ;0 ;1 ;2 ;0 ;143 ;
407 ;0 ;1 ;3 ;0 ;279 ;
407 ;0 ;1 ;4 ;0 ;12 ;
407 ;0 ;1 ;5 ;0 ;332 ;
407 ;0 ;1 ;6 ;0 ;157 ;
407 ;0 ;2 ;1 ;0 ;58 ;
407 ;0 ;2 ;2 ;0 ;297 ;
407 ;0 ;2 ;3 ;0 ;46 ;
407 ;0 ;2 ;4 ;0 ;299 ;
407 ;0 ;2 ;5 ;0 ;168 ;
407 ;0 ;2 ;6 ;0 ;109 ;
407 ;0 ;3 ;1 ;0 ;45 ;
407 ;0 ;3 ;2 ;0 ;15 ;
407 ;0 ;3 ;3 ;0 ;213 ;
407 ;0 ;3 ;4 ;0 ;298 ;
407 ;0 ;3 ;5 ;0 ;3 ;
407 ;0 ;3 ;6 ;0 ;175 ;
407 ;0 ;4 ;1 ;0 ;314 ;
407 ;0 ;4 ;2 ;0 ;311 ;
407 ;0 ;4 ;3 ;0 ;224 ;
407 ;0 ;4 ;4 ;0 ;22 ;
407 ;0 ;4 ;5 ;0 ;328 ;
407 ;0 ;4 ;6 ;0 ;76 ;
407 ;0 ;5 ;1 ;0 ;56 ;
407 ;0 ;5 ;2 ;0 ;32 ;
407 ;0 ;5 ;3 ;0 ;194 ;
407 ;0 ;5 ;4 ;0 ;251 ;
407 ;0 ;5 ;5 ;0 ;81 ;
407 ;0 ;5 ;6 ;0 ;354 ;
407 ;0 ;6 ;1 ;0 ;66 ;
407 ;0 ;6 ;2 ;0 ;329 ;
407 ;0 ;6 ;3 ;0 ;212 ;
407 ;0 ;6 ;4 ;0 ;174 ;
407 ;0 ;6 ;5 ;0 ;181 ;
407 ;0 ;6 ;6 ;0 ;14 ;
