event; round;heat;lane;relais;idBib;
101 ;0 ;0 ;3 ;0 ;3 ;
101 ;0 ;0 ;4 ;0 ;217 ;
101 ;0 ;0 ;5 ;0 ;84 ;
101 ;0 ;0 ;6 ;0 ;215 ;
101 ;0 ;0 ;7 ;0 ;88 ;
101 ;0 ;1 ;2 ;0 ;269 ;
101 ;0 ;1 ;3 ;0 ;76 ;
101 ;0 ;1 ;4 ;0 ;192 ;
101 ;0 ;1 ;5 ;0 ;139 ;
101 ;0 ;1 ;6 ;0 ;23 ;
101 ;0 ;1 ;7 ;0 ;230 ;
101 ;0 ;2 ;1 ;0 ;231 ;
101 ;0 ;2 ;2 ;0 ;142 ;
101 ;0 ;2 ;3 ;0 ;30 ;
101 ;0 ;2 ;4 ;0 ;97 ;
101 ;0 ;2 ;5 ;0 ;198 ;
101 ;0 ;2 ;6 ;0 ;228 ;
101 ;0 ;2 ;7 ;0 ;202 ;
101 ;0 ;2 ;8 ;0 ;149 ;
101 ;0 ;3 ;1 ;0 ;19 ;
101 ;0 ;3 ;2 ;0 ;221 ;
101 ;0 ;3 ;3 ;0 ;166 ;
101 ;0 ;3 ;4 ;0 ;112 ;
101 ;0 ;3 ;5 ;0 ;138 ;
101 ;0 ;3 ;6 ;0 ;235 ;
101 ;0 ;3 ;7 ;0 ;86 ;
101 ;0 ;3 ;8 ;0 ;247 ;
101 ;0 ;4 ;1 ;0 ;174 ;
101 ;0 ;4 ;2 ;0 ;58 ;
101 ;0 ;4 ;3 ;0 ;33 ;
101 ;0 ;4 ;4 ;0 ;53 ;
101 ;0 ;4 ;5 ;0 ;81 ;
101 ;0 ;4 ;6 ;0 ;265 ;
101 ;0 ;4 ;7 ;0 ;248 ;
101 ;0 ;4 ;8 ;0 ;117 ;
101 ;0 ;5 ;1 ;0 ;9 ;
101 ;0 ;5 ;2 ;0 ;242 ;
101 ;0 ;5 ;3 ;0 ;209 ;
101 ;0 ;5 ;4 ;0 ;240 ;
101 ;0 ;5 ;5 ;0 ;27 ;
101 ;0 ;5 ;6 ;0 ;25 ;
101 ;0 ;5 ;7 ;0 ;211 ;
101 ;0 ;5 ;8 ;0 ;89 ;
101 ;0 ;6 ;1 ;0 ;253 ;
101 ;0 ;6 ;2 ;0 ;246 ;
101 ;0 ;6 ;3 ;0 ;69 ;
101 ;0 ;6 ;4 ;0 ;129 ;
101 ;0 ;6 ;5 ;0 ;254 ;
101 ;0 ;6 ;6 ;0 ;216 ;
101 ;0 ;6 ;7 ;0 ;257 ;
101 ;0 ;6 ;8 ;0 ;48 ;
102 ;0 ;0 ;3 ;0 ;10 ;
102 ;0 ;0 ;4 ;0 ;85 ;
102 ;0 ;0 ;5 ;0 ;62 ;
102 ;0 ;0 ;6 ;0 ;193 ;
102 ;0 ;0 ;7 ;0 ;203 ;
102 ;0 ;1 ;2 ;0 ;171 ;
102 ;0 ;1 ;3 ;0 ;24 ;
102 ;0 ;1 ;4 ;0 ;187 ;
102 ;0 ;1 ;5 ;0 ;6 ;
102 ;0 ;1 ;6 ;0 ;182 ;
102 ;0 ;1 ;7 ;0 ;26 ;
103 ;0 ;0 ;2 ;0 ;16 ;
103 ;0 ;0 ;3 ;0 ;3 ;
103 ;0 ;0 ;4 ;0 ;23 ;
103 ;0 ;0 ;5 ;0 ;84 ;
103 ;0 ;0 ;6 ;0 ;215 ;
103 ;0 ;0 ;7 ;0 ;70 ;
103 ;0 ;1 ;2 ;0 ;18 ;
103 ;0 ;1 ;3 ;0 ;206 ;
103 ;0 ;1 ;4 ;0 ;136 ;
103 ;0 ;1 ;5 ;0 ;230 ;
103 ;0 ;1 ;6 ;0 ;120 ;
103 ;0 ;1 ;7 ;0 ;76 ;
103 ;0 ;2 ;1 ;0 ;180 ;
103 ;0 ;2 ;2 ;0 ;267 ;
103 ;0 ;2 ;3 ;0 ;139 ;
103 ;0 ;2 ;4 ;0 ;97 ;
103 ;0 ;2 ;5 ;0 ;5 ;
103 ;0 ;2 ;6 ;0 ;198 ;
103 ;0 ;2 ;7 ;0 ;286 ;
103 ;0 ;2 ;8 ;0 ;285 ;
103 ;0 ;3 ;1 ;0 ;54 ;
103 ;0 ;3 ;2 ;0 ;36 ;
103 ;0 ;3 ;3 ;0 ;93 ;
103 ;0 ;3 ;4 ;0 ;135 ;
103 ;0 ;3 ;5 ;0 ;241 ;
103 ;0 ;3 ;6 ;0 ;140 ;
103 ;0 ;3 ;7 ;0 ;251 ;
103 ;0 ;3 ;8 ;0 ;184 ;
103 ;0 ;4 ;1 ;0 ;91 ;
103 ;0 ;4 ;2 ;0 ;150 ;
103 ;0 ;4 ;3 ;0 ;94 ;
103 ;0 ;4 ;4 ;0 ;284 ;
103 ;0 ;4 ;5 ;0 ;169 ;
103 ;0 ;4 ;6 ;0 ;222 ;
103 ;0 ;4 ;7 ;0 ;201 ;
103 ;0 ;4 ;8 ;0 ;200 ;
103 ;0 ;5 ;1 ;0 ;127 ;
103 ;0 ;5 ;2 ;0 ;111 ;
103 ;0 ;5 ;3 ;0 ;255 ;
103 ;0 ;5 ;4 ;0 ;245 ;
103 ;0 ;5 ;5 ;0 ;205 ;
103 ;0 ;5 ;6 ;0 ;149 ;
103 ;0 ;5 ;7 ;0 ;19 ;
103 ;0 ;5 ;8 ;0 ;55 ;
103 ;0 ;6 ;1 ;0 ;79 ;
103 ;0 ;6 ;2 ;0 ;221 ;
103 ;0 ;6 ;3 ;0 ;146 ;
103 ;0 ;6 ;4 ;0 ;202 ;
103 ;0 ;6 ;5 ;0 ;166 ;
103 ;0 ;6 ;6 ;0 ;81 ;
103 ;0 ;6 ;7 ;0 ;138 ;
103 ;0 ;6 ;8 ;0 ;249 ;
103 ;0 ;7 ;1 ;0 ;126 ;
103 ;0 ;7 ;2 ;0 ;235 ;
103 ;0 ;7 ;3 ;0 ;265 ;
103 ;0 ;7 ;4 ;0 ;174 ;
103 ;0 ;7 ;5 ;0 ;33 ;
103 ;0 ;7 ;6 ;0 ;64 ;
103 ;0 ;7 ;7 ;0 ;22 ;
103 ;0 ;7 ;8 ;0 ;117 ;
103 ;0 ;8 ;1 ;0 ;220 ;
103 ;0 ;8 ;2 ;0 ;240 ;
103 ;0 ;8 ;3 ;0 ;109 ;
103 ;0 ;8 ;4 ;0 ;27 ;
103 ;0 ;8 ;5 ;0 ;58 ;
103 ;0 ;8 ;6 ;0 ;53 ;
103 ;0 ;8 ;7 ;0 ;248 ;
103 ;0 ;8 ;8 ;0 ;242 ;
103 ;0 ;9 ;1 ;0 ;276 ;
103 ;0 ;9 ;2 ;0 ;102 ;
103 ;0 ;9 ;3 ;0 ;118 ;
103 ;0 ;9 ;4 ;0 ;209 ;
103 ;0 ;9 ;5 ;0 ;250 ;
103 ;0 ;9 ;6 ;0 ;148 ;
103 ;0 ;9 ;7 ;0 ;197 ;
103 ;0 ;9 ;8 ;0 ;89 ;
103 ;0 ;10 ;1 ;0 ;243 ;
103 ;0 ;10 ;2 ;0 ;194 ;
103 ;0 ;10 ;3 ;0 ;199 ;
103 ;0 ;10 ;4 ;0 ;48 ;
103 ;0 ;10 ;5 ;0 ;178 ;
103 ;0 ;10 ;6 ;0 ;21 ;
103 ;0 ;10 ;7 ;0 ;128 ;
103 ;0 ;10 ;8 ;0 ;239 ;
103 ;0 ;11 ;1 ;0 ;152 ;
103 ;0 ;11 ;2 ;0 ;246 ;
103 ;0 ;11 ;3 ;0 ;179 ;
103 ;0 ;11 ;4 ;0 ;129 ;
103 ;0 ;11 ;5 ;0 ;8 ;
103 ;0 ;11 ;6 ;0 ;151 ;
103 ;0 ;11 ;7 ;0 ;253 ;
103 ;0 ;11 ;8 ;0 ;69 ;
104 ;0 ;0 ;2 ;0 ;37 ;
104 ;0 ;0 ;3 ;0 ;165 ;
104 ;0 ;0 ;4 ;0 ;68 ;
104 ;0 ;0 ;5 ;0 ;50 ;
104 ;0 ;0 ;6 ;0 ;203 ;
104 ;0 ;0 ;7 ;0 ;82 ;
104 ;0 ;1 ;2 ;0 ;87 ;
104 ;0 ;1 ;3 ;0 ;260 ;
104 ;0 ;1 ;4 ;0 ;186 ;
104 ;0 ;1 ;5 ;0 ;282 ;
104 ;0 ;1 ;6 ;0 ;223 ;
104 ;0 ;1 ;7 ;0 ;252 ;
104 ;0 ;2 ;1 ;0 ;208 ;
104 ;0 ;2 ;2 ;0 ;236 ;
104 ;0 ;2 ;3 ;0 ;170 ;
104 ;0 ;2 ;4 ;0 ;100 ;
104 ;0 ;2 ;5 ;0 ;153 ;
104 ;0 ;2 ;6 ;0 ;1 ;
104 ;0 ;2 ;7 ;0 ;171 ;
104 ;0 ;2 ;8 ;0 ;185 ;
104 ;0 ;3 ;1 ;0 ;44 ;
104 ;0 ;3 ;2 ;0 ;160 ;
104 ;0 ;3 ;3 ;0 ;238 ;
104 ;0 ;3 ;4 ;0 ;42 ;
104 ;0 ;3 ;5 ;0 ;207 ;
104 ;0 ;3 ;6 ;0 ;280 ;
104 ;0 ;3 ;7 ;0 ;60 ;
104 ;0 ;3 ;8 ;0 ;233 ;
104 ;0 ;4 ;1 ;0 ;13 ;
104 ;0 ;4 ;2 ;0 ;237 ;
104 ;0 ;4 ;3 ;0 ;183 ;
104 ;0 ;4 ;4 ;0 ;204 ;
104 ;0 ;4 ;5 ;0 ;78 ;
104 ;0 ;4 ;6 ;0 ;4 ;
104 ;0 ;4 ;7 ;0 ;72 ;
104 ;0 ;4 ;8 ;0 ;14 ;
105 ;0 ;0 ;2 ;0 ;95 ;
105 ;0 ;0 ;3 ;0 ;124 ;
105 ;0 ;0 ;4 ;0 ;222 ;
105 ;0 ;0 ;5 ;0 ;148 ;
105 ;0 ;0 ;6 ;0 ;228 ;
105 ;0 ;0 ;7 ;0 ;180 ;
105 ;0 ;1 ;1 ;0 ;167 ;
105 ;0 ;1 ;2 ;0 ;254 ;
105 ;0 ;1 ;3 ;0 ;209 ;
105 ;0 ;1 ;4 ;0 ;245 ;
105 ;0 ;1 ;5 ;0 ;71 ;
105 ;0 ;1 ;6 ;0 ;174 ;
105 ;0 ;1 ;7 ;0 ;109 ;
105 ;0 ;2 ;1 ;0 ;137 ;
105 ;0 ;2 ;2 ;0 ;53 ;
105 ;0 ;2 ;3 ;0 ;129 ;
105 ;0 ;2 ;4 ;0 ;192 ;
105 ;0 ;2 ;5 ;0 ;269 ;
105 ;0 ;2 ;6 ;0 ;195 ;
105 ;0 ;2 ;7 ;0 ;206 ;
105 ;0 ;2 ;8 ;0 ;177 ;
105 ;0 ;3 ;1 ;0 ;247 ;
105 ;0 ;3 ;2 ;0 ;249 ;
105 ;0 ;3 ;3 ;0 ;194 ;
105 ;0 ;3 ;4 ;0 ;212 ;
105 ;0 ;3 ;5 ;0 ;79 ;
105 ;0 ;3 ;6 ;0 ;3 ;
105 ;0 ;3 ;7 ;0 ;166 ;
105 ;0 ;3 ;8 ;0 ;58 ;
106 ;0 ;0 ;1 ;0 ;119 ;
106 ;0 ;0 ;2 ;0 ;103 ;
106 ;0 ;0 ;3 ;0 ;262 ;
106 ;0 ;0 ;4 ;0 ;271 ;
106 ;0 ;0 ;5 ;0 ;59 ;
106 ;0 ;0 ;6 ;0 ;114 ;
106 ;0 ;0 ;7 ;0 ;121 ;
106 ;0 ;1 ;1 ;0 ;277 ;
106 ;0 ;1 ;2 ;0 ;275 ;
106 ;0 ;1 ;3 ;0 ;261 ;
106 ;0 ;1 ;4 ;0 ;214 ;
106 ;0 ;1 ;5 ;0 ;156 ;
106 ;0 ;1 ;6 ;0 ;122 ;
106 ;0 ;1 ;7 ;0 ;67 ;
106 ;0 ;2 ;1 ;0 ;181 ;
106 ;0 ;2 ;2 ;0 ;125 ;
106 ;0 ;2 ;3 ;0 ;31 ;
106 ;0 ;2 ;4 ;0 ;173 ;
106 ;0 ;2 ;5 ;0 ;260 ;
106 ;0 ;2 ;6 ;0 ;183 ;
106 ;0 ;2 ;7 ;0 ;80 ;
106 ;0 ;2 ;8 ;0 ;196 ;
106 ;0 ;3 ;1 ;0 ;237 ;
106 ;0 ;3 ;2 ;0 ;175 ;
106 ;0 ;3 ;3 ;0 ;187 ;
106 ;0 ;3 ;4 ;0 ;170 ;
106 ;0 ;3 ;5 ;0 ;105 ;
106 ;0 ;3 ;6 ;0 ;43 ;
106 ;0 ;3 ;7 ;0 ;113 ;
106 ;0 ;3 ;8 ;0 ;12 ;
107 ;0 ;0 ;1 ;0 ;251 ;
107 ;0 ;0 ;2 ;0 ;184 ;
107 ;0 ;0 ;3 ;0 ;127 ;
107 ;0 ;0 ;4 ;0 ;111 ;
107 ;0 ;0 ;5 ;0 ;285 ;
107 ;0 ;0 ;6 ;0 ;94 ;
107 ;0 ;0 ;7 ;0 ;200 ;
107 ;0 ;1 ;1 ;0 ;205 ;
107 ;0 ;1 ;2 ;0 ;96 ;
107 ;0 ;1 ;3 ;0 ;120 ;
107 ;0 ;1 ;4 ;0 ;228 ;
107 ;0 ;1 ;5 ;0 ;158 ;
107 ;0 ;1 ;6 ;0 ;54 ;
107 ;0 ;1 ;7 ;0 ;5 ;
107 ;0 ;2 ;1 ;0 ;264 ;
107 ;0 ;2 ;2 ;0 ;267 ;
107 ;0 ;2 ;3 ;0 ;230 ;
107 ;0 ;2 ;4 ;0 ;124 ;
107 ;0 ;2 ;5 ;0 ;241 ;
107 ;0 ;2 ;6 ;0 ;167 ;
107 ;0 ;2 ;7 ;0 ;97 ;
107 ;0 ;2 ;8 ;0 ;9 ;
107 ;0 ;3 ;1 ;0 ;142 ;
107 ;0 ;3 ;2 ;0 ;242 ;
107 ;0 ;3 ;3 ;0 ;276 ;
107 ;0 ;3 ;4 ;0 ;240 ;
107 ;0 ;3 ;5 ;0 ;23 ;
107 ;0 ;3 ;6 ;0 ;27 ;
107 ;0 ;3 ;7 ;0 ;139 ;
107 ;0 ;3 ;8 ;0 ;206 ;
107 ;0 ;4 ;1 ;0 ;198 ;
107 ;0 ;4 ;2 ;0 ;286 ;
107 ;0 ;4 ;3 ;0 ;195 ;
107 ;0 ;4 ;4 ;0 ;30 ;
107 ;0 ;4 ;5 ;0 ;81 ;
107 ;0 ;4 ;6 ;0 ;117 ;
107 ;0 ;4 ;7 ;0 ;33 ;
107 ;0 ;4 ;8 ;0 ;231 ;
107 ;0 ;5 ;1 ;0 ;253 ;
107 ;0 ;5 ;2 ;0 ;249 ;
107 ;0 ;5 ;3 ;0 ;221 ;
107 ;0 ;5 ;4 ;0 ;88 ;
107 ;0 ;5 ;5 ;0 ;217 ;
107 ;0 ;5 ;6 ;0 ;22 ;
107 ;0 ;5 ;7 ;0 ;138 ;
107 ;0 ;5 ;8 ;0 ;202 ;
107 ;0 ;6 ;1 ;0 ;265 ;
107 ;0 ;6 ;2 ;0 ;246 ;
107 ;0 ;6 ;3 ;0 ;55 ;
107 ;0 ;6 ;4 ;0 ;211 ;
107 ;0 ;6 ;5 ;0 ;152 ;
107 ;0 ;6 ;6 ;0 ;151 ;
107 ;0 ;6 ;7 ;0 ;216 ;
107 ;0 ;6 ;8 ;0 ;248 ;
108 ;0 ;0 ;2 ;0 ;256 ;
108 ;0 ;0 ;3 ;0 ;34 ;
108 ;0 ;0 ;4 ;0 ;59 ;
108 ;0 ;0 ;5 ;0 ;262 ;
108 ;0 ;0 ;6 ;0 ;281 ;
108 ;0 ;0 ;7 ;0 ;29 ;
108 ;0 ;1 ;2 ;0 ;57 ;
108 ;0 ;1 ;3 ;0 ;103 ;
108 ;0 ;1 ;4 ;0 ;210 ;
108 ;0 ;1 ;5 ;0 ;214 ;
108 ;0 ;1 ;6 ;0 ;252 ;
108 ;0 ;1 ;7 ;0 ;56 ;
108 ;0 ;2 ;1 ;0 ;92 ;
108 ;0 ;2 ;2 ;0 ;108 ;
108 ;0 ;2 ;3 ;0 ;106 ;
108 ;0 ;2 ;4 ;0 ;227 ;
108 ;0 ;2 ;5 ;0 ;11 ;
108 ;0 ;2 ;6 ;0 ;130 ;
108 ;0 ;2 ;7 ;0 ;87 ;
108 ;0 ;2 ;8 ;0 ;186 ;
108 ;0 ;3 ;1 ;0 ;155 ;
108 ;0 ;3 ;2 ;0 ;208 ;
108 ;0 ;3 ;3 ;0 ;110 ;
108 ;0 ;3 ;4 ;0 ;99 ;
108 ;0 ;3 ;5 ;0 ;28 ;
108 ;0 ;3 ;6 ;0 ;46 ;
108 ;0 ;3 ;7 ;0 ;168 ;
108 ;0 ;3 ;8 ;0 ;38 ;
108 ;0 ;4 ;1 ;0 ;123 ;
108 ;0 ;4 ;2 ;0 ;125 ;
108 ;0 ;4 ;3 ;0 ;20 ;
108 ;0 ;4 ;4 ;0 ;260 ;
108 ;0 ;4 ;5 ;0 ;279 ;
108 ;0 ;4 ;6 ;0 ;60 ;
108 ;0 ;4 ;7 ;0 ;207 ;
108 ;0 ;4 ;8 ;0 ;143 ;
108 ;0 ;5 ;1 ;0 ;24 ;
108 ;0 ;5 ;2 ;0 ;182 ;
108 ;0 ;5 ;3 ;0 ;224 ;
108 ;0 ;5 ;4 ;0 ;98 ;
108 ;0 ;5 ;5 ;0 ;218 ;
108 ;0 ;5 ;6 ;0 ;176 ;
108 ;0 ;5 ;7 ;0 ;234 ;
108 ;0 ;5 ;8 ;0 ;44 ;
108 ;0 ;6 ;1 ;0 ;226 ;
108 ;0 ;6 ;2 ;0 ;223 ;
108 ;0 ;6 ;3 ;0 ;26 ;
108 ;0 ;6 ;4 ;0 ;10 ;
108 ;0 ;6 ;5 ;0 ;78 ;
108 ;0 ;6 ;6 ;0 ;32 ;
108 ;0 ;6 ;7 ;0 ;35 ;
108 ;0 ;6 ;8 ;0 ;270 ;
108 ;0 ;7 ;1 ;0 ;163 ;
108 ;0 ;7 ;2 ;0 ;263 ;
108 ;0 ;7 ;3 ;0 ;160 ;
108 ;0 ;7 ;4 ;0 ;83 ;
108 ;0 ;7 ;5 ;0 ;42 ;
108 ;0 ;7 ;6 ;0 ;62 ;
108 ;0 ;7 ;7 ;0 ;203 ;
108 ;0 ;7 ;8 ;0 ;49 ;
108 ;0 ;8 ;1 ;0 ;77 ;
108 ;0 ;8 ;2 ;0 ;45 ;
108 ;0 ;8 ;3 ;0 ;175 ;
108 ;0 ;8 ;4 ;0 ;185 ;
108 ;0 ;8 ;5 ;0 ;4 ;
108 ;0 ;8 ;6 ;0 ;165 ;
108 ;0 ;8 ;7 ;0 ;61 ;
108 ;0 ;8 ;8 ;0 ;272 ;
108 ;0 ;9 ;1 ;0 ;37 ;
108 ;0 ;9 ;2 ;0 ;164 ;
108 ;0 ;9 ;3 ;0 ;170 ;
108 ;0 ;9 ;4 ;0 ;233 ;
108 ;0 ;9 ;5 ;0 ;72 ;
108 ;0 ;9 ;6 ;0 ;2 ;
108 ;0 ;9 ;7 ;0 ;75 ;
108 ;0 ;9 ;8 ;0 ;204 ;
109 ;0 ;0 ;1 ;0 ;137 ;
109 ;0 ;0 ;2 ;0 ;112 ;
109 ;0 ;0 ;3 ;0 ;18 ;
109 ;0 ;0 ;4 ;0 ;166 ;
109 ;0 ;0 ;5 ;0 ;217 ;
109 ;0 ;0 ;6 ;0 ;177 ;
109 ;0 ;0 ;7 ;0 ;231 ;
110 ;0 ;0 ;1 ;0 ;121 ;
110 ;0 ;0 ;2 ;0 ;65 ;
110 ;0 ;0 ;3 ;0 ;213 ;
110 ;0 ;0 ;4 ;0 ;92 ;
110 ;0 ;0 ;5 ;0 ;101 ;
110 ;0 ;0 ;6 ;0 ;99 ;
110 ;0 ;0 ;7 ;0 ;56 ;
110 ;0 ;0 ;8 ;0 ;20 ;
110 ;0 ;1 ;1 ;0 ;168 ;
110 ;0 ;1 ;2 ;0 ;87 ;
110 ;0 ;1 ;3 ;0 ;130 ;
110 ;0 ;1 ;4 ;0 ;67 ;
110 ;0 ;1 ;5 ;0 ;214 ;
110 ;0 ;1 ;6 ;0 ;156 ;
110 ;0 ;1 ;7 ;0 ;50 ;
110 ;0 ;1 ;8 ;0 ;261 ;
110 ;0 ;2 ;1 ;0 ;236 ;
110 ;0 ;2 ;2 ;0 ;155 ;
110 ;0 ;2 ;3 ;0 ;80 ;
110 ;0 ;2 ;4 ;0 ;234 ;
110 ;0 ;2 ;5 ;0 ;224 ;
110 ;0 ;2 ;6 ;0 ;28 ;
110 ;0 ;2 ;7 ;0 ;238 ;
110 ;0 ;2 ;8 ;0 ;73 ;
110 ;0 ;3 ;1 ;0 ;226 ;
110 ;0 ;3 ;2 ;0 ;218 ;
110 ;0 ;3 ;3 ;0 ;110 ;
110 ;0 ;3 ;4 ;0 ;38 ;
110 ;0 ;3 ;5 ;0 ;60 ;
110 ;0 ;3 ;6 ;0 ;85 ;
110 ;0 ;3 ;7 ;0 ;98 ;
110 ;0 ;3 ;8 ;0 ;270 ;
110 ;0 ;4 ;1 ;0 ;83 ;
110 ;0 ;4 ;2 ;0 ;82 ;
110 ;0 ;4 ;3 ;0 ;182 ;
110 ;0 ;4 ;4 ;0 ;163 ;
110 ;0 ;4 ;5 ;0 ;43 ;
110 ;0 ;4 ;6 ;0 ;105 ;
110 ;0 ;4 ;7 ;0 ;193 ;
110 ;0 ;4 ;8 ;0 ;49 ;
110 ;0 ;5 ;1 ;0 ;272 ;
110 ;0 ;5 ;2 ;0 ;32 ;
110 ;0 ;5 ;3 ;0 ;176 ;
110 ;0 ;5 ;4 ;0 ;61 ;
110 ;0 ;5 ;5 ;0 ;107 ;
110 ;0 ;5 ;6 ;0 ;185 ;
110 ;0 ;5 ;7 ;0 ;35 ;
110 ;0 ;5 ;8 ;0 ;6 ;
110 ;0 ;6 ;1 ;0 ;17 ;
110 ;0 ;6 ;2 ;0 ;77 ;
110 ;0 ;6 ;3 ;0 ;13 ;
110 ;0 ;6 ;4 ;0 ;161 ;
110 ;0 ;6 ;5 ;0 ;100 ;
110 ;0 ;6 ;6 ;0 ;75 ;
110 ;0 ;6 ;7 ;0 ;14 ;
110 ;0 ;6 ;8 ;0 ;171 ;
111 ;0 ;0 ;3 ;0 ;94 ;
111 ;0 ;0 ;4 ;0 ;222 ;
111 ;0 ;0 ;5 ;0 ;150 ;
111 ;0 ;0 ;6 ;0 ;251 ;
111 ;0 ;0 ;7 ;0 ;140 ;
111 ;0 ;1 ;2 ;0 ;184 ;
111 ;0 ;1 ;3 ;0 ;274 ;
111 ;0 ;1 ;4 ;0 ;36 ;
111 ;0 ;1 ;5 ;0 ;93 ;
111 ;0 ;1 ;6 ;0 ;95 ;
111 ;0 ;1 ;7 ;0 ;158 ;
111 ;0 ;2 ;1 ;0 ;135 ;
111 ;0 ;2 ;2 ;0 ;54 ;
111 ;0 ;2 ;3 ;0 ;205 ;
111 ;0 ;2 ;4 ;0 ;66 ;
111 ;0 ;2 ;5 ;0 ;250 ;
111 ;0 ;2 ;6 ;0 ;241 ;
111 ;0 ;2 ;7 ;0 ;148 ;
111 ;0 ;2 ;8 ;0 ;267 ;
111 ;0 ;3 ;1 ;0 ;124 ;
111 ;0 ;3 ;2 ;0 ;142 ;
111 ;0 ;3 ;3 ;0 ;71 ;
111 ;0 ;3 ;4 ;0 ;30 ;
111 ;0 ;3 ;5 ;0 ;285 ;
111 ;0 ;3 ;6 ;0 ;286 ;
111 ;0 ;3 ;7 ;0 ;180 ;
111 ;0 ;3 ;8 ;0 ;228 ;
111 ;0 ;4 ;1 ;0 ;245 ;
111 ;0 ;4 ;2 ;0 ;198 ;
111 ;0 ;4 ;3 ;0 ;177 ;
111 ;0 ;4 ;4 ;0 ;97 ;
111 ;0 ;4 ;5 ;0 ;276 ;
111 ;0 ;4 ;6 ;0 ;139 ;
111 ;0 ;4 ;7 ;0 ;18 ;
111 ;0 ;4 ;8 ;0 ;137 ;
111 ;0 ;5 ;1 ;0 ;102 ;
111 ;0 ;5 ;2 ;0 ;195 ;
111 ;0 ;5 ;3 ;0 ;88 ;
111 ;0 ;5 ;4 ;0 ;209 ;
111 ;0 ;5 ;5 ;0 ;120 ;
111 ;0 ;5 ;6 ;0 ;9 ;
111 ;0 ;5 ;7 ;0 ;220 ;
111 ;0 ;5 ;8 ;0 ;231 ;
111 ;0 ;6 ;1 ;0 ;254 ;
111 ;0 ;6 ;2 ;0 ;109 ;
111 ;0 ;6 ;3 ;0 ;217 ;
111 ;0 ;6 ;4 ;0 ;206 ;
111 ;0 ;6 ;5 ;0 ;129 ;
111 ;0 ;6 ;6 ;0 ;242 ;
111 ;0 ;6 ;7 ;0 ;118 ;
111 ;0 ;6 ;8 ;0 ;58 ;
111 ;0 ;7 ;1 ;0 ;258 ;
111 ;0 ;7 ;2 ;0 ;230 ;
111 ;0 ;7 ;3 ;0 ;215 ;
111 ;0 ;7 ;4 ;0 ;27 ;
111 ;0 ;7 ;5 ;0 ;269 ;
111 ;0 ;7 ;6 ;0 ;64 ;
111 ;0 ;7 ;7 ;0 ;136 ;
111 ;0 ;7 ;8 ;0 ;33 ;
111 ;0 ;8 ;1 ;0 ;23 ;
111 ;0 ;8 ;2 ;0 ;265 ;
111 ;0 ;8 ;3 ;0 ;216 ;
111 ;0 ;8 ;4 ;0 ;126 ;
111 ;0 ;8 ;5 ;0 ;235 ;
111 ;0 ;8 ;6 ;0 ;76 ;
111 ;0 ;8 ;7 ;0 ;84 ;
111 ;0 ;8 ;8 ;0 ;112 ;
111 ;0 ;9 ;1 ;0 ;179 ;
111 ;0 ;9 ;2 ;0 ;240 ;
111 ;0 ;9 ;3 ;0 ;248 ;
111 ;0 ;9 ;4 ;0 ;247 ;
111 ;0 ;9 ;5 ;0 ;117 ;
111 ;0 ;9 ;6 ;0 ;22 ;
111 ;0 ;9 ;7 ;0 ;249 ;
111 ;0 ;9 ;8 ;0 ;16 ;
111 ;0 ;10 ;1 ;0 ;70 ;
111 ;0 ;10 ;2 ;0 ;3 ;
111 ;0 ;10 ;3 ;0 ;138 ;
111 ;0 ;10 ;4 ;0 ;174 ;
111 ;0 ;10 ;5 ;0 ;253 ;
111 ;0 ;10 ;6 ;0 ;166 ;
111 ;0 ;10 ;7 ;0 ;81 ;
111 ;0 ;10 ;8 ;0 ;151 ;
111 ;0 ;11 ;1 ;0 ;146 ;
111 ;0 ;11 ;2 ;0 ;246 ;
111 ;0 ;11 ;3 ;0 ;48 ;
111 ;0 ;11 ;4 ;0 ;202 ;
111 ;0 ;11 ;5 ;0 ;128 ;
111 ;0 ;11 ;6 ;0 ;257 ;
111 ;0 ;11 ;7 ;0 ;211 ;
111 ;0 ;11 ;8 ;0 ;152 ;
111 ;0 ;12 ;1 ;0 ;178 ;
111 ;0 ;12 ;2 ;0 ;55 ;
111 ;0 ;12 ;3 ;0 ;69 ;
111 ;0 ;12 ;4 ;0 ;19 ;
111 ;0 ;12 ;5 ;0 ;221 ;
111 ;0 ;12 ;6 ;0 ;239 ;
111 ;0 ;12 ;7 ;0 ;79 ;
111 ;0 ;12 ;8 ;0 ;21 ;
111 ;0 ;13 ;1 ;0 ;199 ;
111 ;0 ;13 ;2 ;0 ;243 ;
111 ;0 ;13 ;3 ;0 ;149 ;
111 ;0 ;13 ;4 ;0 ;8 ;
111 ;0 ;13 ;5 ;0 ;89 ;
111 ;0 ;13 ;6 ;0 ;197 ;
111 ;0 ;13 ;7 ;0 ;194 ;
111 ;0 ;13 ;8 ;0 ;212 ;
112 ;0 ;0 ;1 ;0 ;26 ;
112 ;0 ;0 ;2 ;0 ;68 ;
112 ;0 ;0 ;3 ;0 ;78 ;
112 ;0 ;0 ;4 ;0 ;1 ;
112 ;0 ;0 ;5 ;0 ;153 ;
112 ;0 ;0 ;6 ;0 ;171 ;
112 ;0 ;0 ;7 ;0 ;237 ;
201 ;0 ;0 ;1 ;0 ;106 ;
201 ;0 ;0 ;2 ;0 ;227 ;
201 ;0 ;0 ;3 ;0 ;236 ;
201 ;0 ;0 ;4 ;0 ;155 ;
201 ;0 ;0 ;5 ;0 ;261 ;
201 ;0 ;0 ;6 ;0 ;101 ;
201 ;0 ;0 ;7 ;0 ;282 ;
201 ;0 ;1 ;1 ;0 ;125 ;
201 ;0 ;1 ;2 ;0 ;15 ;
201 ;0 ;1 ;3 ;0 ;50 ;
201 ;0 ;1 ;4 ;0 ;252 ;
201 ;0 ;1 ;5 ;0 ;87 ;
201 ;0 ;1 ;6 ;0 ;156 ;
201 ;0 ;1 ;7 ;0 ;80 ;
201 ;0 ;1 ;8 ;0 ;110 ;
201 ;0 ;2 ;1 ;0 ;46 ;
201 ;0 ;2 ;2 ;0 ;82 ;
201 ;0 ;2 ;3 ;0 ;260 ;
201 ;0 ;2 ;4 ;0 ;234 ;
201 ;0 ;2 ;5 ;0 ;223 ;
201 ;0 ;2 ;6 ;0 ;238 ;
201 ;0 ;2 ;7 ;0 ;187 ;
201 ;0 ;2 ;8 ;0 ;163 ;
201 ;0 ;3 ;1 ;0 ;176 ;
201 ;0 ;3 ;2 ;0 ;68 ;
201 ;0 ;3 ;3 ;0 ;270 ;
201 ;0 ;3 ;4 ;0 ;42 ;
201 ;0 ;3 ;5 ;0 ;203 ;
201 ;0 ;3 ;6 ;0 ;219 ;
201 ;0 ;3 ;7 ;0 ;107 ;
201 ;0 ;3 ;8 ;0 ;32 ;
201 ;0 ;4 ;1 ;0 ;10 ;
201 ;0 ;4 ;2 ;0 ;41 ;
201 ;0 ;4 ;3 ;0 ;237 ;
201 ;0 ;4 ;4 ;0 ;153 ;
201 ;0 ;4 ;5 ;0 ;43 ;
201 ;0 ;4 ;6 ;0 ;35 ;
201 ;0 ;4 ;7 ;0 ;183 ;
201 ;0 ;4 ;8 ;0 ;1 ;
201 ;0 ;5 ;1 ;0 ;77 ;
201 ;0 ;5 ;2 ;0 ;75 ;
201 ;0 ;5 ;3 ;0 ;100 ;
201 ;0 ;5 ;4 ;0 ;170 ;
201 ;0 ;5 ;5 ;0 ;233 ;
201 ;0 ;5 ;6 ;0 ;37 ;
201 ;0 ;5 ;7 ;0 ;17 ;
201 ;0 ;5 ;8 ;0 ;14 ;
202 ;0 ;0 ;2 ;0 ;254 ;
202 ;0 ;0 ;3 ;0 ;179 ;
202 ;0 ;0 ;4 ;0 ;139 ;
202 ;0 ;0 ;5 ;0 ;109 ;
202 ;0 ;0 ;6 ;0 ;88 ;
202 ;0 ;0 ;7 ;0 ;216 ;
202 ;0 ;1 ;2 ;0 ;58 ;
202 ;0 ;1 ;3 ;0 ;247 ;
202 ;0 ;1 ;4 ;0 ;197 ;
202 ;0 ;1 ;5 ;0 ;194 ;
202 ;0 ;1 ;6 ;0 ;136 ;
202 ;0 ;1 ;7 ;0 ;217 ;
203 ;0 ;0 ;2 ;0 ;141 ;
203 ;0 ;0 ;3 ;0 ;119 ;
203 ;0 ;0 ;4 ;0 ;190 ;
203 ;0 ;0 ;5 ;0 ;133 ;
203 ;0 ;0 ;6 ;0 ;114 ;
203 ;0 ;0 ;7 ;0 ;281 ;
203 ;0 ;1 ;2 ;0 ;106 ;
203 ;0 ;1 ;3 ;0 ;103 ;
203 ;0 ;1 ;4 ;0 ;31 ;
203 ;0 ;1 ;5 ;0 ;34 ;
203 ;0 ;1 ;6 ;0 ;121 ;
203 ;0 ;1 ;7 ;0 ;162 ;
203 ;0 ;2 ;1 ;0 ;227 ;
203 ;0 ;2 ;2 ;0 ;65 ;
203 ;0 ;2 ;3 ;0 ;210 ;
203 ;0 ;2 ;4 ;0 ;92 ;
203 ;0 ;2 ;5 ;0 ;108 ;
203 ;0 ;2 ;6 ;0 ;155 ;
203 ;0 ;2 ;7 ;0 ;122 ;
203 ;0 ;2 ;8 ;0 ;67 ;
203 ;0 ;3 ;1 ;0 ;213 ;
203 ;0 ;3 ;2 ;0 ;214 ;
203 ;0 ;3 ;3 ;0 ;56 ;
203 ;0 ;3 ;4 ;0 ;282 ;
203 ;0 ;3 ;5 ;0 ;29 ;
203 ;0 ;3 ;6 ;0 ;11 ;
203 ;0 ;3 ;7 ;0 ;168 ;
203 ;0 ;3 ;8 ;0 ;50 ;
203 ;0 ;4 ;1 ;0 ;20 ;
203 ;0 ;4 ;2 ;0 ;39 ;
203 ;0 ;4 ;3 ;0 ;236 ;
203 ;0 ;4 ;4 ;0 ;273 ;
203 ;0 ;4 ;5 ;0 ;123 ;
203 ;0 ;4 ;6 ;0 ;130 ;
203 ;0 ;4 ;7 ;0 ;156 ;
203 ;0 ;4 ;8 ;0 ;68 ;
203 ;0 ;5 ;1 ;0 ;110 ;
203 ;0 ;5 ;2 ;0 ;186 ;
203 ;0 ;5 ;3 ;0 ;143 ;
203 ;0 ;5 ;4 ;0 ;238 ;
203 ;0 ;5 ;5 ;0 ;46 ;
203 ;0 ;5 ;6 ;0 ;85 ;
203 ;0 ;5 ;7 ;0 ;28 ;
203 ;0 ;5 ;8 ;0 ;38 ;
203 ;0 ;6 ;1 ;0 ;226 ;
203 ;0 ;6 ;2 ;0 ;232 ;
203 ;0 ;6 ;3 ;0 ;44 ;
203 ;0 ;6 ;4 ;0 ;73 ;
203 ;0 ;6 ;5 ;0 ;208 ;
203 ;0 ;6 ;6 ;0 ;99 ;
203 ;0 ;6 ;7 ;0 ;24 ;
203 ;0 ;6 ;8 ;0 ;15 ;
203 ;0 ;7 ;1 ;0 ;87 ;
203 ;0 ;7 ;2 ;0 ;218 ;
203 ;0 ;7 ;3 ;0 ;196 ;
203 ;0 ;7 ;4 ;0 ;51 ;
203 ;0 ;7 ;5 ;0 ;60 ;
203 ;0 ;7 ;6 ;0 ;105 ;
203 ;0 ;7 ;7 ;0 ;182 ;
203 ;0 ;7 ;8 ;0 ;83 ;
203 ;0 ;8 ;1 ;0 ;279 ;
203 ;0 ;8 ;2 ;0 ;10 ;
203 ;0 ;8 ;3 ;0 ;263 ;
203 ;0 ;8 ;4 ;0 ;42 ;
203 ;0 ;8 ;5 ;0 ;41 ;
203 ;0 ;8 ;6 ;0 ;280 ;
203 ;0 ;8 ;7 ;0 ;145 ;
203 ;0 ;8 ;8 ;0 ;270 ;
203 ;0 ;9 ;1 ;0 ;193 ;
203 ;0 ;9 ;2 ;0 ;163 ;
203 ;0 ;9 ;3 ;0 ;175 ;
203 ;0 ;9 ;4 ;0 ;82 ;
203 ;0 ;9 ;5 ;0 ;183 ;
203 ;0 ;9 ;6 ;0 ;32 ;
203 ;0 ;9 ;7 ;0 ;43 ;
203 ;0 ;9 ;8 ;0 ;6 ;
203 ;0 ;10 ;1 ;0 ;176 ;
203 ;0 ;10 ;2 ;0 ;272 ;
203 ;0 ;10 ;3 ;0 ;61 ;
203 ;0 ;10 ;4 ;0 ;35 ;
203 ;0 ;10 ;5 ;0 ;1 ;
203 ;0 ;10 ;6 ;0 ;107 ;
203 ;0 ;10 ;7 ;0 ;171 ;
203 ;0 ;10 ;8 ;0 ;185 ;
203 ;0 ;11 ;1 ;0 ;14 ;
203 ;0 ;11 ;2 ;0 ;75 ;
203 ;0 ;11 ;3 ;0 ;17 ;
203 ;0 ;11 ;4 ;0 ;161 ;
203 ;0 ;11 ;5 ;0 ;100 ;
203 ;0 ;11 ;6 ;0 ;77 ;
203 ;0 ;11 ;7 ;0 ;4 ;
203 ;0 ;11 ;8 ;0 ;13 ;
204 ;0 ;0 ;3 ;0 ;201 ;
204 ;0 ;0 ;4 ;0 ;264 ;
204 ;0 ;0 ;5 ;0 ;180 ;
204 ;0 ;0 ;6 ;0 ;240 ;
204 ;0 ;0 ;7 ;0 ;81 ;
204 ;0 ;1 ;2 ;0 ;129 ;
204 ;0 ;1 ;3 ;0 ;27 ;
204 ;0 ;1 ;4 ;0 ;97 ;
204 ;0 ;1 ;5 ;0 ;9 ;
204 ;0 ;1 ;6 ;0 ;53 ;
204 ;0 ;1 ;7 ;0 ;88 ;
204 ;0 ;2 ;1 ;0 ;235 ;
204 ;0 ;2 ;2 ;0 ;147 ;
204 ;0 ;2 ;3 ;0 ;215 ;
204 ;0 ;2 ;4 ;0 ;246 ;
204 ;0 ;2 ;5 ;0 ;126 ;
204 ;0 ;2 ;6 ;0 ;269 ;
204 ;0 ;2 ;7 ;0 ;76 ;
204 ;0 ;2 ;8 ;0 ;177 ;
204 ;0 ;3 ;1 ;0 ;221 ;
204 ;0 ;3 ;2 ;0 ;174 ;
204 ;0 ;3 ;3 ;0 ;18 ;
204 ;0 ;3 ;4 ;0 ;253 ;
204 ;0 ;3 ;5 ;0 ;21 ;
204 ;0 ;3 ;6 ;0 ;257 ;
204 ;0 ;3 ;7 ;0 ;152 ;
204 ;0 ;3 ;8 ;0 ;48 ;
204 ;0 ;4 ;1 ;0 ;194 ;
204 ;0 ;4 ;2 ;0 ;212 ;
204 ;0 ;4 ;3 ;0 ;149 ;
204 ;0 ;4 ;4 ;0 ;19 ;
204 ;0 ;4 ;5 ;0 ;89 ;
204 ;0 ;4 ;6 ;0 ;128 ;
204 ;0 ;4 ;7 ;0 ;178 ;
204 ;0 ;4 ;8 ;0 ;239 ;
205 ;0 ;0 ;3 ;0 ;155 ;
205 ;0 ;0 ;4 ;0 ;143 ;
205 ;0 ;0 ;5 ;0 ;125 ;
205 ;0 ;0 ;6 ;0 ;207 ;
205 ;0 ;1 ;3 ;0 ;24 ;
205 ;0 ;1 ;4 ;0 ;223 ;
205 ;0 ;1 ;5 ;0 ;98 ;
205 ;0 ;1 ;6 ;0 ;42 ;
205 ;0 ;1 ;7 ;0 ;44 ;
205 ;0 ;2 ;1 ;0 ;234 ;
205 ;0 ;2 ;2 ;0 ;226 ;
205 ;0 ;2 ;3 ;0 ;163 ;
205 ;0 ;2 ;4 ;0 ;45 ;
205 ;0 ;2 ;5 ;0 ;219 ;
205 ;0 ;2 ;6 ;0 ;83 ;
205 ;0 ;2 ;7 ;0 ;160 ;
205 ;0 ;2 ;8 ;0 ;62 ;
205 ;0 ;3 ;1 ;0 ;43 ;
205 ;0 ;3 ;2 ;0 ;35 ;
205 ;0 ;3 ;3 ;0 ;26 ;
205 ;0 ;3 ;4 ;0 ;49 ;
205 ;0 ;3 ;5 ;0 ;32 ;
205 ;0 ;3 ;6 ;0 ;185 ;
205 ;0 ;3 ;7 ;0 ;4 ;
205 ;0 ;3 ;8 ;0 ;175 ;
205 ;0 ;4 ;1 ;0 ;203 ;
205 ;0 ;4 ;2 ;0 ;61 ;
205 ;0 ;4 ;3 ;0 ;2 ;
205 ;0 ;4 ;4 ;0 ;37 ;
205 ;0 ;4 ;5 ;0 ;164 ;
205 ;0 ;4 ;6 ;0 ;204 ;
205 ;0 ;4 ;7 ;0 ;6 ;
205 ;0 ;4 ;8 ;0 ;272 ;
206 ;0 ;0 ;3 ;0 ;93 ;
206 ;0 ;0 ;4 ;0 ;111 ;
206 ;0 ;0 ;5 ;0 ;95 ;
206 ;0 ;0 ;6 ;0 ;94 ;
206 ;0 ;0 ;7 ;0 ;200 ;
206 ;0 ;1 ;3 ;0 ;127 ;
206 ;0 ;1 ;4 ;0 ;5 ;
206 ;0 ;1 ;5 ;0 ;205 ;
206 ;0 ;1 ;6 ;0 ;66 ;
206 ;0 ;1 ;7 ;0 ;264 ;
206 ;0 ;2 ;1 ;0 ;286 ;
206 ;0 ;2 ;2 ;0 ;142 ;
206 ;0 ;2 ;3 ;0 ;120 ;
206 ;0 ;2 ;4 ;0 ;124 ;
206 ;0 ;2 ;5 ;0 ;198 ;
206 ;0 ;2 ;6 ;0 ;33 ;
206 ;0 ;2 ;7 ;0 ;112 ;
206 ;0 ;2 ;8 ;0 ;30 ;
206 ;0 ;3 ;1 ;0 ;231 ;
206 ;0 ;3 ;2 ;0 ;265 ;
206 ;0 ;3 ;3 ;0 ;138 ;
206 ;0 ;3 ;4 ;0 ;211 ;
206 ;0 ;3 ;5 ;0 ;152 ;
206 ;0 ;3 ;6 ;0 ;248 ;
206 ;0 ;3 ;7 ;0 ;217 ;
206 ;0 ;3 ;8 ;0 ;117 ;
207 ;0 ;0 ;2 ;0 ;162 ;
207 ;0 ;0 ;3 ;0 ;271 ;
207 ;0 ;0 ;4 ;0 ;59 ;
207 ;0 ;0 ;5 ;0 ;11 ;
207 ;0 ;0 ;6 ;0 ;281 ;
207 ;0 ;0 ;7 ;0 ;256 ;
207 ;0 ;1 ;1 ;0 ;262 ;
207 ;0 ;1 ;2 ;0 ;273 ;
207 ;0 ;1 ;3 ;0 ;34 ;
207 ;0 ;1 ;4 ;0 ;121 ;
207 ;0 ;1 ;5 ;0 ;20 ;
207 ;0 ;1 ;6 ;0 ;277 ;
207 ;0 ;1 ;7 ;0 ;99 ;
207 ;0 ;2 ;1 ;0 ;214 ;
207 ;0 ;2 ;2 ;0 ;252 ;
207 ;0 ;2 ;3 ;0 ;122 ;
207 ;0 ;2 ;4 ;0 ;156 ;
207 ;0 ;2 ;5 ;0 ;39 ;
207 ;0 ;2 ;6 ;0 ;65 ;
207 ;0 ;2 ;7 ;0 ;29 ;
207 ;0 ;2 ;8 ;0 ;114 ;
207 ;0 ;3 ;1 ;0 ;168 ;
207 ;0 ;3 ;2 ;0 ;50 ;
207 ;0 ;3 ;3 ;0 ;67 ;
207 ;0 ;3 ;4 ;0 ;125 ;
207 ;0 ;3 ;5 ;0 ;232 ;
207 ;0 ;3 ;6 ;0 ;181 ;
207 ;0 ;3 ;7 ;0 ;260 ;
207 ;0 ;3 ;8 ;0 ;31 ;
207 ;0 ;4 ;1 ;0 ;238 ;
207 ;0 ;4 ;2 ;0 ;279 ;
207 ;0 ;4 ;3 ;0 ;45 ;
207 ;0 ;4 ;4 ;0 ;10 ;
207 ;0 ;4 ;5 ;0 ;80 ;
207 ;0 ;4 ;6 ;0 ;193 ;
207 ;0 ;4 ;7 ;0 ;183 ;
207 ;0 ;4 ;8 ;0 ;105 ;
207 ;0 ;5 ;1 ;0 ;187 ;
207 ;0 ;5 ;2 ;0 ;196 ;
207 ;0 ;5 ;3 ;0 ;17 ;
207 ;0 ;5 ;4 ;0 ;170 ;
207 ;0 ;5 ;5 ;0 ;37 ;
207 ;0 ;5 ;6 ;0 ;77 ;
207 ;0 ;5 ;7 ;0 ;173 ;
207 ;0 ;5 ;8 ;0 ;237 ;
208 ;0 ;0 ;1 ;0 ;251 ;
208 ;0 ;0 ;2 ;0 ;250 ;
208 ;0 ;0 ;3 ;0 ;91 ;
208 ;0 ;0 ;4 ;0 ;120 ;
208 ;0 ;0 ;5 ;0 ;118 ;
208 ;0 ;0 ;6 ;0 ;66 ;
208 ;0 ;0 ;7 ;0 ;198 ;
208 ;0 ;1 ;1 ;0 ;36 ;
208 ;0 ;1 ;2 ;0 ;124 ;
208 ;0 ;1 ;3 ;0 ;222 ;
208 ;0 ;1 ;4 ;0 ;148 ;
208 ;0 ;1 ;5 ;0 ;267 ;
208 ;0 ;1 ;6 ;0 ;180 ;
208 ;0 ;1 ;7 ;0 ;102 ;
208 ;0 ;2 ;1 ;0 ;23 ;
208 ;0 ;2 ;2 ;0 ;71 ;
208 ;0 ;2 ;3 ;0 ;240 ;
208 ;0 ;2 ;4 ;0 ;172 ;
208 ;0 ;2 ;5 ;0 ;137 ;
208 ;0 ;2 ;6 ;0 ;209 ;
208 ;0 ;2 ;7 ;0 ;53 ;
208 ;0 ;2 ;8 ;0 ;192 ;
208 ;0 ;3 ;1 ;0 ;81 ;
208 ;0 ;3 ;2 ;0 ;109 ;
208 ;0 ;3 ;3 ;0 ;235 ;
208 ;0 ;3 ;4 ;0 ;18 ;
208 ;0 ;3 ;5 ;0 ;230 ;
208 ;0 ;3 ;6 ;0 ;174 ;
208 ;0 ;3 ;7 ;0 ;129 ;
208 ;0 ;3 ;8 ;0 ;206 ;
208 ;0 ;4 ;1 ;0 ;258 ;
208 ;0 ;4 ;2 ;0 ;215 ;
208 ;0 ;4 ;3 ;0 ;269 ;
208 ;0 ;4 ;4 ;0 ;69 ;
208 ;0 ;4 ;5 ;0 ;257 ;
208 ;0 ;4 ;6 ;0 ;58 ;
208 ;0 ;4 ;7 ;0 ;249 ;
208 ;0 ;4 ;8 ;0 ;64 ;
208 ;0 ;5 ;1 ;0 ;202 ;
208 ;0 ;5 ;2 ;0 ;3 ;
208 ;0 ;5 ;3 ;0 ;212 ;
208 ;0 ;5 ;4 ;0 ;243 ;
208 ;0 ;5 ;5 ;0 ;197 ;
208 ;0 ;5 ;6 ;0 ;253 ;
208 ;0 ;5 ;7 ;0 ;199 ;
208 ;0 ;5 ;8 ;0 ;84 ;
209 ;0 ;0 ;1 ;0 ;182 ;
209 ;0 ;0 ;2 ;0 ;62 ;
209 ;0 ;0 ;3 ;0 ;153 ;
209 ;0 ;0 ;4 ;0 ;75 ;
209 ;0 ;0 ;5 ;0 ;204 ;
209 ;0 ;0 ;6 ;0 ;83 ;
209 ;0 ;0 ;7 ;0 ;189 ;
210 ;0 ;0 ;2 ;0 ;36 ;
210 ;0 ;0 ;3 ;0 ;54 ;
210 ;0 ;0 ;4 ;0 ;228 ;
210 ;0 ;0 ;5 ;0 ;95 ;
210 ;0 ;0 ;6 ;0 ;124 ;
210 ;0 ;0 ;7 ;0 ;267 ;
210 ;0 ;1 ;1 ;0 ;71 ;
210 ;0 ;1 ;2 ;0 ;142 ;
210 ;0 ;1 ;3 ;0 ;30 ;
210 ;0 ;1 ;4 ;0 ;209 ;
210 ;0 ;1 ;5 ;0 ;120 ;
210 ;0 ;1 ;6 ;0 ;167 ;
210 ;0 ;1 ;7 ;0 ;5 ;
210 ;0 ;2 ;1 ;0 ;23 ;
210 ;0 ;2 ;2 ;0 ;102 ;
210 ;0 ;2 ;3 ;0 ;179 ;
210 ;0 ;2 ;4 ;0 ;97 ;
210 ;0 ;2 ;5 ;0 ;225 ;
210 ;0 ;2 ;6 ;0 ;9 ;
210 ;0 ;2 ;7 ;0 ;231 ;
210 ;0 ;2 ;8 ;0 ;254 ;
210 ;0 ;3 ;1 ;0 ;206 ;
210 ;0 ;3 ;2 ;0 ;192 ;
210 ;0 ;3 ;3 ;0 ;230 ;
210 ;0 ;3 ;4 ;0 ;76 ;
210 ;0 ;3 ;5 ;0 ;215 ;
210 ;0 ;3 ;6 ;0 ;33 ;
210 ;0 ;3 ;7 ;0 ;269 ;
210 ;0 ;3 ;8 ;0 ;109 ;
210 ;0 ;4 ;1 ;0 ;265 ;
210 ;0 ;4 ;2 ;0 ;216 ;
210 ;0 ;4 ;3 ;0 ;22 ;
210 ;0 ;4 ;4 ;0 ;247 ;
210 ;0 ;4 ;5 ;0 ;199 ;
210 ;0 ;4 ;6 ;0 ;138 ;
210 ;0 ;4 ;7 ;0 ;3 ;
210 ;0 ;4 ;8 ;0 ;69 ;
210 ;0 ;5 ;1 ;0 ;128 ;
210 ;0 ;5 ;2 ;0 ;243 ;
210 ;0 ;5 ;3 ;0 ;149 ;
210 ;0 ;5 ;4 ;0 ;197 ;
210 ;0 ;5 ;5 ;0 ;194 ;
210 ;0 ;5 ;6 ;0 ;8 ;
210 ;0 ;5 ;7 ;0 ;211 ;
210 ;0 ;5 ;8 ;0 ;146 ;
211 ;0 ;0 ;3 ;0 ;162 ;
211 ;0 ;0 ;4 ;0 ;106 ;
211 ;0 ;0 ;5 ;0 ;34 ;
211 ;0 ;0 ;6 ;0 ;114 ;
211 ;0 ;0 ;7 ;0 ;56 ;
211 ;0 ;1 ;2 ;0 ;103 ;
211 ;0 ;1 ;3 ;0 ;133 ;
211 ;0 ;1 ;4 ;0 ;213 ;
211 ;0 ;1 ;5 ;0 ;214 ;
211 ;0 ;1 ;6 ;0 ;227 ;
211 ;0 ;1 ;7 ;0 ;67 ;
211 ;0 ;2 ;1 ;0 ;65 ;
211 ;0 ;2 ;2 ;0 ;39 ;
211 ;0 ;2 ;3 ;0 ;108 ;
211 ;0 ;2 ;4 ;0 ;210 ;
211 ;0 ;2 ;5 ;0 ;252 ;
211 ;0 ;2 ;6 ;0 ;261 ;
211 ;0 ;2 ;7 ;0 ;20 ;
211 ;0 ;2 ;8 ;0 ;168 ;
211 ;0 ;3 ;1 ;0 ;101 ;
211 ;0 ;3 ;2 ;0 ;236 ;
211 ;0 ;3 ;3 ;0 ;110 ;
211 ;0 ;3 ;4 ;0 ;50 ;
211 ;0 ;3 ;5 ;0 ;46 ;
211 ;0 ;3 ;6 ;0 ;234 ;
211 ;0 ;3 ;7 ;0 ;121 ;
211 ;0 ;3 ;8 ;0 ;92 ;
211 ;0 ;4 ;1 ;0 ;181 ;
211 ;0 ;4 ;2 ;0 ;82 ;
211 ;0 ;4 ;3 ;0 ;282 ;
211 ;0 ;4 ;4 ;0 ;186 ;
211 ;0 ;4 ;5 ;0 ;238 ;
211 ;0 ;4 ;6 ;0 ;203 ;
211 ;0 ;4 ;7 ;0 ;122 ;
211 ;0 ;4 ;8 ;0 ;31 ;
211 ;0 ;5 ;1 ;0 ;275 ;
211 ;0 ;5 ;2 ;0 ;80 ;
211 ;0 ;5 ;3 ;0 ;68 ;
211 ;0 ;5 ;4 ;0 ;156 ;
211 ;0 ;5 ;5 ;0 ;123 ;
211 ;0 ;5 ;6 ;0 ;28 ;
211 ;0 ;5 ;7 ;0 ;87 ;
211 ;0 ;5 ;8 ;0 ;218 ;
211 ;0 ;6 ;1 ;0 ;130 ;
211 ;0 ;6 ;2 ;0 ;11 ;
211 ;0 ;6 ;3 ;0 ;208 ;
211 ;0 ;6 ;4 ;0 ;45 ;
211 ;0 ;6 ;5 ;0 ;83 ;
211 ;0 ;6 ;6 ;0 ;223 ;
211 ;0 ;6 ;7 ;0 ;260 ;
211 ;0 ;6 ;8 ;0 ;226 ;
211 ;0 ;7 ;1 ;0 ;273 ;
211 ;0 ;7 ;2 ;0 ;99 ;
211 ;0 ;7 ;3 ;0 ;62 ;
211 ;0 ;7 ;4 ;0 ;42 ;
211 ;0 ;7 ;5 ;0 ;232 ;
211 ;0 ;7 ;6 ;0 ;51 ;
211 ;0 ;7 ;7 ;0 ;173 ;
211 ;0 ;7 ;8 ;0 ;187 ;
211 ;0 ;8 ;1 ;0 ;49 ;
211 ;0 ;8 ;2 ;0 ;193 ;
211 ;0 ;8 ;3 ;0 ;12 ;
211 ;0 ;8 ;4 ;0 ;73 ;
211 ;0 ;8 ;5 ;0 ;44 ;
211 ;0 ;8 ;6 ;0 ;98 ;
211 ;0 ;8 ;7 ;0 ;85 ;
211 ;0 ;8 ;8 ;0 ;60 ;
211 ;0 ;9 ;1 ;0 ;237 ;
211 ;0 ;9 ;2 ;0 ;204 ;
211 ;0 ;9 ;3 ;0 ;207 ;
211 ;0 ;9 ;4 ;0 ;105 ;
211 ;0 ;9 ;5 ;0 ;163 ;
211 ;0 ;9 ;6 ;0 ;196 ;
211 ;0 ;9 ;7 ;0 ;15 ;
211 ;0 ;9 ;8 ;0 ;183 ;
211 ;0 ;10 ;1 ;0 ;38 ;
211 ;0 ;10 ;2 ;0 ;176 ;
211 ;0 ;10 ;3 ;0 ;41 ;
211 ;0 ;10 ;4 ;0 ;43 ;
211 ;0 ;10 ;5 ;0 ;263 ;
211 ;0 ;10 ;6 ;0 ;10 ;
211 ;0 ;10 ;7 ;0 ;143 ;
211 ;0 ;10 ;8 ;0 ;280 ;
211 ;0 ;11 ;1 ;0 ;182 ;
211 ;0 ;11 ;2 ;0 ;279 ;
211 ;0 ;11 ;3 ;0 ;13 ;
211 ;0 ;11 ;4 ;0 ;32 ;
211 ;0 ;11 ;5 ;0 ;145 ;
211 ;0 ;11 ;6 ;0 ;270 ;
211 ;0 ;11 ;7 ;0 ;272 ;
211 ;0 ;11 ;8 ;0 ;185 ;
211 ;0 ;12 ;1 ;0 ;175 ;
211 ;0 ;12 ;2 ;0 ;61 ;
211 ;0 ;12 ;3 ;0 ;35 ;
211 ;0 ;12 ;4 ;0 ;1 ;
211 ;0 ;12 ;5 ;0 ;171 ;
211 ;0 ;12 ;6 ;0 ;4 ;
211 ;0 ;12 ;7 ;0 ;17 ;
211 ;0 ;12 ;8 ;0 ;100 ;
211 ;0 ;13 ;1 ;0 ;233 ;
211 ;0 ;13 ;2 ;0 ;37 ;
211 ;0 ;13 ;3 ;0 ;14 ;
211 ;0 ;13 ;4 ;0 ;161 ;
211 ;0 ;13 ;5 ;0 ;170 ;
211 ;0 ;13 ;6 ;0 ;164 ;
211 ;0 ;13 ;7 ;0 ;107 ;
211 ;0 ;13 ;8 ;0 ;77 ;
212 ;0 ;0 ;1 ;0 ;88 ;
212 ;0 ;0 ;2 ;0 ;84 ;
212 ;0 ;0 ;3 ;0 ;177 ;
212 ;0 ;0 ;4 ;0 ;19 ;
212 ;0 ;0 ;5 ;0 ;202 ;
212 ;0 ;0 ;6 ;0 ;18 ;
212 ;0 ;0 ;7 ;0 ;76 ;
212 ;0 ;0 ;8 ;0 ;192 ;
