event; round;heat;lane;relais;idBib;
201 ;0 ;0 ;1 ;0 ;92 ;
201 ;0 ;0 ;2 ;0 ;285 ;
201 ;0 ;0 ;3 ;0 ;35 ;
201 ;0 ;0 ;4 ;0 ;300 ;
201 ;0 ;0 ;5 ;0 ;115 ;
201 ;0 ;1 ;1 ;0 ;102 ;
201 ;0 ;1 ;2 ;0 ;53 ;
201 ;0 ;1 ;3 ;0 ;137 ;
201 ;0 ;1 ;4 ;0 ;152 ;
201 ;0 ;1 ;5 ;0 ;147 ;
201 ;0 ;2 ;1 ;0 ;104 ;
201 ;0 ;2 ;2 ;0 ;366 ;
201 ;0 ;2 ;3 ;0 ;65 ;
201 ;0 ;2 ;4 ;0 ;306 ;
201 ;0 ;2 ;5 ;0 ;307 ;
201 ;0 ;2 ;6 ;0 ;105 ;
201 ;0 ;3 ;1 ;0 ;43 ;
201 ;0 ;3 ;2 ;0 ;106 ;
201 ;0 ;3 ;3 ;0 ;47 ;
201 ;0 ;3 ;4 ;0 ;71 ;
201 ;0 ;3 ;5 ;0 ;216 ;
201 ;0 ;3 ;6 ;0 ;82 ;
201 ;0 ;4 ;1 ;0 ;99 ;
201 ;0 ;4 ;2 ;0 ;210 ;
201 ;0 ;4 ;3 ;0 ;110 ;
201 ;0 ;4 ;4 ;0 ;320 ;
201 ;0 ;4 ;5 ;0 ;136 ;
201 ;0 ;4 ;6 ;0 ;29 ;
201 ;0 ;5 ;1 ;0 ;1 ;
201 ;0 ;5 ;2 ;0 ;31 ;
201 ;0 ;5 ;3 ;0 ;362 ;
201 ;0 ;5 ;4 ;0 ;276 ;
201 ;0 ;5 ;5 ;0 ;337 ;
201 ;0 ;5 ;6 ;0 ;9 ;
201 ;0 ;6 ;1 ;0 ;151 ;
201 ;0 ;6 ;2 ;0 ;290 ;
201 ;0 ;6 ;3 ;0 ;48 ;
201 ;0 ;6 ;4 ;0 ;77 ;
201 ;0 ;6 ;5 ;0 ;52 ;
201 ;0 ;6 ;6 ;0 ;158 ;
202 ;0 ;0 ;2 ;0 ;88 ;
202 ;0 ;0 ;3 ;0 ;86 ;
202 ;0 ;0 ;4 ;0 ;227 ;
202 ;0 ;0 ;5 ;0 ;192 ;
202 ;0 ;1 ;2 ;0 ;359 ;
202 ;0 ;1 ;3 ;0 ;79 ;
202 ;0 ;1 ;4 ;0 ;5 ;
202 ;0 ;1 ;5 ;0 ;274 ;
202 ;0 ;2 ;1 ;0 ;252 ;
202 ;0 ;2 ;2 ;0 ;103 ;
202 ;0 ;2 ;3 ;0 ;305 ;
202 ;0 ;2 ;4 ;0 ;272 ;
202 ;0 ;2 ;5 ;0 ;248 ;
202 ;0 ;2 ;6 ;0 ;361 ;
202 ;0 ;3 ;1 ;0 ;166 ;
202 ;0 ;3 ;2 ;0 ;12 ;
202 ;0 ;3 ;3 ;0 ;258 ;
202 ;0 ;3 ;4 ;0 ;19 ;
202 ;0 ;3 ;5 ;0 ;98 ;
202 ;0 ;3 ;6 ;0 ;23 ;
202 ;0 ;4 ;1 ;0 ;261 ;
202 ;0 ;4 ;2 ;0 ;117 ;
202 ;0 ;4 ;3 ;0 ;316 ;
202 ;0 ;4 ;4 ;0 ;279 ;
202 ;0 ;4 ;5 ;0 ;182 ;
202 ;0 ;4 ;6 ;0 ;118 ;
202 ;0 ;5 ;1 ;0 ;168 ;
202 ;0 ;5 ;2 ;0 ;11 ;
202 ;0 ;5 ;3 ;0 ;7 ;
202 ;0 ;5 ;4 ;0 ;51 ;
202 ;0 ;5 ;5 ;0 ;286 ;
202 ;0 ;5 ;6 ;0 ;41 ;
202 ;0 ;6 ;1 ;0 ;179 ;
202 ;0 ;6 ;2 ;0 ;259 ;
202 ;0 ;6 ;3 ;0 ;101 ;
202 ;0 ;6 ;4 ;0 ;133 ;
202 ;0 ;6 ;5 ;0 ;209 ;
202 ;0 ;6 ;6 ;0 ;237 ;
202 ;0 ;7 ;1 ;0 ;232 ;
202 ;0 ;7 ;2 ;0 ;207 ;
202 ;0 ;7 ;3 ;0 ;212 ;
202 ;0 ;7 ;4 ;0 ;200 ;
202 ;0 ;7 ;5 ;0 ;46 ;
202 ;0 ;7 ;6 ;0 ;175 ;
202 ;0 ;8 ;1 ;0 ;265 ;
202 ;0 ;8 ;2 ;0 ;238 ;
202 ;0 ;8 ;3 ;0 ;262 ;
202 ;0 ;8 ;4 ;0 ;273 ;
202 ;0 ;8 ;5 ;0 ;134 ;
202 ;0 ;8 ;6 ;0 ;32 ;
202 ;0 ;9 ;1 ;0 ;297 ;
202 ;0 ;9 ;2 ;0 ;287 ;
202 ;0 ;9 ;3 ;0 ;163 ;
202 ;0 ;9 ;4 ;0 ;22 ;
202 ;0 ;9 ;5 ;0 ;229 ;
202 ;0 ;9 ;6 ;0 ;328 ;
202 ;0 ;10 ;1 ;0 ;304 ;
202 ;0 ;10 ;2 ;0 ;249 ;
202 ;0 ;10 ;3 ;0 ;181 ;
202 ;0 ;10 ;4 ;0 ;345 ;
202 ;0 ;10 ;5 ;0 ;21 ;
202 ;0 ;10 ;6 ;0 ;75 ;
203 ;0 ;0 ;1 ;0 ;108 ;
203 ;0 ;0 ;2 ;0 ;283 ;
203 ;0 ;0 ;3 ;0 ;94 ;
203 ;0 ;0 ;4 ;0 ;92 ;
203 ;0 ;0 ;5 ;0 ;27 ;
203 ;0 ;1 ;1 ;0 ;104 ;
203 ;0 ;1 ;2 ;0 ;105 ;
203 ;0 ;1 ;3 ;0 ;65 ;
203 ;0 ;1 ;4 ;0 ;53 ;
203 ;0 ;1 ;5 ;0 ;152 ;
203 ;0 ;1 ;6 ;0 ;102 ;
203 ;0 ;2 ;1 ;0 ;82 ;
203 ;0 ;2 ;2 ;0 ;43 ;
203 ;0 ;2 ;3 ;0 ;115 ;
203 ;0 ;2 ;4 ;0 ;34 ;
203 ;0 ;2 ;5 ;0 ;127 ;
203 ;0 ;2 ;6 ;0 ;99 ;
203 ;0 ;3 ;1 ;0 ;310 ;
203 ;0 ;3 ;2 ;0 ;210 ;
203 ;0 ;3 ;3 ;0 ;140 ;
203 ;0 ;3 ;4 ;0 ;284 ;
203 ;0 ;3 ;5 ;0 ;363 ;
203 ;0 ;3 ;6 ;0 ;110 ;
203 ;0 ;4 ;1 ;0 ;250 ;
203 ;0 ;4 ;2 ;0 ;106 ;
203 ;0 ;4 ;3 ;0 ;36 ;
203 ;0 ;4 ;4 ;0 ;144 ;
203 ;0 ;4 ;5 ;0 ;138 ;
203 ;0 ;4 ;6 ;0 ;276 ;
203 ;0 ;5 ;1 ;0 ;362 ;
203 ;0 ;5 ;2 ;0 ;185 ;
203 ;0 ;5 ;3 ;0 ;193 ;
203 ;0 ;5 ;4 ;0 ;360 ;
203 ;0 ;5 ;5 ;0 ;97 ;
203 ;0 ;5 ;6 ;0 ;9 ;
203 ;0 ;6 ;1 ;0 ;158 ;
203 ;0 ;6 ;2 ;0 ;77 ;
203 ;0 ;6 ;3 ;0 ;132 ;
203 ;0 ;6 ;4 ;0 ;218 ;
203 ;0 ;6 ;5 ;0 ;48 ;
203 ;0 ;6 ;6 ;0 ;52 ;
204 ;0 ;0 ;2 ;0 ;269 ;
204 ;0 ;0 ;3 ;0 ;294 ;
204 ;0 ;0 ;4 ;0 ;8 ;
204 ;0 ;0 ;5 ;0 ;192 ;
204 ;0 ;1 ;2 ;0 ;7 ;
204 ;0 ;1 ;3 ;0 ;227 ;
204 ;0 ;1 ;4 ;0 ;38 ;
204 ;0 ;1 ;5 ;0 ;88 ;
204 ;0 ;2 ;1 ;0 ;282 ;
204 ;0 ;2 ;2 ;0 ;199 ;
204 ;0 ;2 ;3 ;0 ;91 ;
204 ;0 ;2 ;4 ;0 ;166 ;
204 ;0 ;2 ;5 ;0 ;86 ;
204 ;0 ;2 ;6 ;0 ;245 ;
204 ;0 ;3 ;1 ;0 ;182 ;
204 ;0 ;3 ;2 ;0 ;261 ;
204 ;0 ;3 ;3 ;0 ;248 ;
204 ;0 ;3 ;4 ;0 ;316 ;
204 ;0 ;3 ;5 ;0 ;131 ;
204 ;0 ;3 ;6 ;0 ;12 ;
204 ;0 ;4 ;1 ;0 ;98 ;
204 ;0 ;4 ;2 ;0 ;103 ;
204 ;0 ;4 ;3 ;0 ;46 ;
204 ;0 ;4 ;4 ;0 ;332 ;
204 ;0 ;4 ;5 ;0 ;252 ;
204 ;0 ;4 ;6 ;0 ;118 ;
204 ;0 ;5 ;1 ;0 ;159 ;
204 ;0 ;5 ;2 ;0 ;222 ;
204 ;0 ;5 ;3 ;0 ;11 ;
204 ;0 ;5 ;4 ;0 ;198 ;
204 ;0 ;5 ;5 ;0 ;79 ;
204 ;0 ;5 ;6 ;0 ;70 ;
204 ;0 ;6 ;1 ;0 ;272 ;
204 ;0 ;6 ;2 ;0 ;275 ;
204 ;0 ;6 ;3 ;0 ;112 ;
204 ;0 ;6 ;4 ;0 ;265 ;
204 ;0 ;6 ;5 ;0 ;305 ;
204 ;0 ;6 ;6 ;0 ;258 ;
204 ;0 ;7 ;1 ;0 ;259 ;
204 ;0 ;7 ;2 ;0 ;143 ;
204 ;0 ;7 ;3 ;0 ;57 ;
204 ;0 ;7 ;4 ;0 ;289 ;
204 ;0 ;7 ;5 ;0 ;326 ;
204 ;0 ;7 ;6 ;0 ;45 ;
204 ;0 ;8 ;1 ;0 ;279 ;
204 ;0 ;8 ;2 ;0 ;179 ;
204 ;0 ;8 ;3 ;0 ;200 ;
204 ;0 ;8 ;4 ;0 ;350 ;
204 ;0 ;8 ;5 ;0 ;234 ;
204 ;0 ;8 ;6 ;0 ;41 ;
204 ;0 ;9 ;1 ;0 ;117 ;
204 ;0 ;9 ;2 ;0 ;299 ;
204 ;0 ;9 ;3 ;0 ;286 ;
204 ;0 ;9 ;4 ;0 ;229 ;
204 ;0 ;9 ;5 ;0 ;73 ;
204 ;0 ;9 ;6 ;0 ;3 ;
204 ;0 ;10 ;1 ;0 ;61 ;
204 ;0 ;10 ;2 ;0 ;232 ;
204 ;0 ;10 ;3 ;0 ;58 ;
204 ;0 ;10 ;4 ;0 ;224 ;
204 ;0 ;10 ;5 ;0 ;175 ;
204 ;0 ;10 ;6 ;0 ;298 ;
204 ;0 ;11 ;1 ;0 ;74 ;
204 ;0 ;11 ;2 ;0 ;328 ;
204 ;0 ;11 ;3 ;0 ;32 ;
204 ;0 ;11 ;4 ;0 ;251 ;
204 ;0 ;11 ;5 ;0 ;297 ;
204 ;0 ;11 ;6 ;0 ;236 ;
204 ;0 ;12 ;1 ;0 ;174 ;
204 ;0 ;12 ;2 ;0 ;66 ;
204 ;0 ;12 ;3 ;0 ;303 ;
204 ;0 ;12 ;4 ;0 ;75 ;
204 ;0 ;12 ;5 ;0 ;217 ;
204 ;0 ;12 ;6 ;0 ;304 ;
205 ;0 ;0 ;2 ;0 ;154 ;
205 ;0 ;0 ;3 ;0 ;187 ;
205 ;0 ;0 ;4 ;0 ;99 ;
205 ;0 ;0 ;5 ;0 ;43 ;
205 ;0 ;1 ;1 ;0 ;82 ;
205 ;0 ;1 ;2 ;0 ;140 ;
205 ;0 ;1 ;3 ;0 ;35 ;
205 ;0 ;1 ;4 ;0 ;320 ;
205 ;0 ;1 ;5 ;0 ;1 ;
205 ;0 ;2 ;1 ;0 ;71 ;
205 ;0 ;2 ;2 ;0 ;210 ;
205 ;0 ;2 ;3 ;0 ;276 ;
205 ;0 ;2 ;4 ;0 ;146 ;
205 ;0 ;2 ;5 ;0 ;250 ;
205 ;0 ;2 ;6 ;0 ;185 ;
205 ;0 ;3 ;1 ;0 ;136 ;
205 ;0 ;3 ;2 ;0 ;29 ;
205 ;0 ;3 ;3 ;0 ;138 ;
205 ;0 ;3 ;4 ;0 ;193 ;
205 ;0 ;3 ;5 ;0 ;141 ;
205 ;0 ;3 ;6 ;0 ;87 ;
205 ;0 ;4 ;1 ;0 ;284 ;
205 ;0 ;4 ;2 ;0 ;363 ;
205 ;0 ;4 ;3 ;0 ;256 ;
205 ;0 ;4 ;4 ;0 ;290 ;
205 ;0 ;4 ;5 ;0 ;97 ;
205 ;0 ;4 ;6 ;0 ;31 ;
205 ;0 ;5 ;1 ;0 ;110 ;
205 ;0 ;5 ;2 ;0 ;144 ;
205 ;0 ;5 ;3 ;0 ;9 ;
205 ;0 ;5 ;4 ;0 ;218 ;
205 ;0 ;5 ;5 ;0 ;267 ;
205 ;0 ;5 ;6 ;0 ;202 ;
205 ;0 ;6 ;1 ;0 ;360 ;
205 ;0 ;6 ;2 ;0 ;132 ;
205 ;0 ;6 ;3 ;0 ;77 ;
205 ;0 ;6 ;4 ;0 ;69 ;
205 ;0 ;6 ;5 ;0 ;204 ;
205 ;0 ;6 ;6 ;0 ;52 ;
206 ;0 ;0 ;2 ;0 ;265 ;
206 ;0 ;0 ;3 ;0 ;175 ;
206 ;0 ;0 ;4 ;0 ;73 ;
206 ;0 ;0 ;5 ;0 ;326 ;
206 ;0 ;1 ;1 ;0 ;251 ;
206 ;0 ;1 ;2 ;0 ;3 ;
206 ;0 ;1 ;3 ;0 ;207 ;
206 ;0 ;1 ;4 ;0 ;212 ;
206 ;0 ;1 ;5 ;0 ;237 ;
206 ;0 ;2 ;1 ;0 ;101 ;
206 ;0 ;2 ;2 ;0 ;277 ;
206 ;0 ;2 ;3 ;0 ;174 ;
206 ;0 ;2 ;4 ;0 ;217 ;
206 ;0 ;2 ;5 ;0 ;364 ;
206 ;0 ;2 ;6 ;0 ;10 ;
207 ;0 ;0 ;2 ;0 ;152 ;
207 ;0 ;0 ;3 ;0 ;104 ;
207 ;0 ;0 ;4 ;0 ;102 ;
207 ;0 ;0 ;5 ;0 ;105 ;
207 ;0 ;1 ;2 ;0 ;34 ;
207 ;0 ;1 ;3 ;0 ;115 ;
207 ;0 ;1 ;4 ;0 ;307 ;
207 ;0 ;1 ;5 ;0 ;82 ;
207 ;0 ;2 ;1 ;0 ;43 ;
207 ;0 ;2 ;2 ;0 ;310 ;
207 ;0 ;2 ;3 ;0 ;216 ;
207 ;0 ;2 ;4 ;0 ;47 ;
207 ;0 ;2 ;5 ;0 ;106 ;
207 ;0 ;2 ;6 ;0 ;69 ;
207 ;0 ;3 ;1 ;0 ;360 ;
207 ;0 ;3 ;2 ;0 ;1 ;
207 ;0 ;3 ;3 ;0 ;99 ;
207 ;0 ;3 ;4 ;0 ;250 ;
207 ;0 ;3 ;5 ;0 ;13 ;
207 ;0 ;3 ;6 ;0 ;363 ;
207 ;0 ;4 ;1 ;0 ;138 ;
207 ;0 ;4 ;2 ;0 ;256 ;
207 ;0 ;4 ;3 ;0 ;337 ;
207 ;0 ;4 ;4 ;0 ;193 ;
207 ;0 ;4 ;5 ;0 ;151 ;
207 ;0 ;4 ;6 ;0 ;110 ;
207 ;0 ;5 ;1 ;0 ;218 ;
207 ;0 ;5 ;2 ;0 ;9 ;
207 ;0 ;5 ;3 ;0 ;77 ;
207 ;0 ;5 ;4 ;0 ;290 ;
207 ;0 ;5 ;5 ;0 ;267 ;
207 ;0 ;5 ;6 ;0 ;144 ;
