event; round;heat;lane;relais;idBib;
301 ;0 ;0 ;2 ;0 ;210 ;
301 ;0 ;0 ;3 ;0 ;157 ;
301 ;0 ;0 ;4 ;0 ;416 ;
301 ;0 ;0 ;5 ;0 ;358 ;
301 ;0 ;0 ;6 ;0 ;508 ;
301 ;0 ;0 ;7 ;0 ;251 ;
301 ;0 ;1 ;2 ;0 ;483 ;
301 ;0 ;1 ;3 ;0 ;312 ;
301 ;0 ;1 ;4 ;0 ;217 ;
301 ;0 ;1 ;5 ;0 ;289 ;
301 ;0 ;1 ;6 ;0 ;530 ;
301 ;0 ;1 ;7 ;0 ;301 ;
301 ;0 ;2 ;1 ;0 ;331 ;
301 ;0 ;2 ;2 ;0 ;119 ;
301 ;0 ;2 ;3 ;0 ;136 ;
301 ;0 ;2 ;4 ;0 ;346 ;
301 ;0 ;2 ;5 ;0 ;209 ;
301 ;0 ;2 ;6 ;0 ;407 ;
301 ;0 ;2 ;7 ;0 ;207 ;
301 ;0 ;2 ;8 ;0 ;110 ;
301 ;0 ;3 ;1 ;0 ;71 ;
301 ;0 ;3 ;2 ;0 ;285 ;
301 ;0 ;3 ;3 ;0 ;364 ;
301 ;0 ;3 ;4 ;0 ;107 ;
301 ;0 ;3 ;5 ;0 ;516 ;
301 ;0 ;3 ;6 ;0 ;41 ;
301 ;0 ;3 ;7 ;0 ;52 ;
301 ;0 ;3 ;8 ;0 ;449 ;
301 ;0 ;4 ;1 ;0 ;203 ;
301 ;0 ;4 ;2 ;0 ;160 ;
301 ;0 ;4 ;3 ;0 ;78 ;
301 ;0 ;4 ;4 ;0 ;79 ;
301 ;0 ;4 ;5 ;0 ;502 ;
301 ;0 ;4 ;6 ;0 ;189 ;
301 ;0 ;4 ;7 ;0 ;537 ;
301 ;0 ;4 ;8 ;0 ;91 ;
301 ;0 ;5 ;1 ;0 ;106 ;
301 ;0 ;5 ;2 ;0 ;49 ;
301 ;0 ;5 ;3 ;0 ;459 ;
301 ;0 ;5 ;4 ;0 ;205 ;
301 ;0 ;5 ;5 ;0 ;462 ;
301 ;0 ;5 ;6 ;0 ;286 ;
301 ;0 ;5 ;7 ;0 ;539 ;
301 ;0 ;5 ;8 ;0 ;275 ;
302 ;0 ;0 ;3 ;0 ;115 ;
302 ;0 ;0 ;4 ;0 ;325 ;
302 ;0 ;0 ;5 ;0 ;201 ;
302 ;0 ;0 ;6 ;0 ;176 ;
302 ;0 ;0 ;7 ;0 ;291 ;
302 ;0 ;1 ;3 ;0 ;526 ;
302 ;0 ;1 ;4 ;0 ;253 ;
302 ;0 ;1 ;5 ;0 ;122 ;
302 ;0 ;1 ;6 ;0 ;214 ;
302 ;0 ;1 ;7 ;0 ;387 ;
302 ;0 ;2 ;1 ;0 ;309 ;
302 ;0 ;2 ;2 ;0 ;403 ;
302 ;0 ;2 ;3 ;0 ;470 ;
302 ;0 ;2 ;4 ;0 ;164 ;
302 ;0 ;2 ;5 ;0 ;117 ;
302 ;0 ;2 ;6 ;0 ;329 ;
302 ;0 ;2 ;7 ;0 ;261 ;
302 ;0 ;2 ;8 ;0 ;402 ;
302 ;0 ;3 ;1 ;0 ;154 ;
302 ;0 ;3 ;2 ;0 ;431 ;
302 ;0 ;3 ;3 ;0 ;199 ;
302 ;0 ;3 ;4 ;0 ;179 ;
302 ;0 ;3 ;5 ;0 ;254 ;
302 ;0 ;3 ;6 ;0 ;1 ;
302 ;0 ;3 ;7 ;0 ;206 ;
302 ;0 ;3 ;8 ;0 ;362 ;
302 ;0 ;4 ;1 ;0 ;143 ;
302 ;0 ;4 ;2 ;0 ;174 ;
302 ;0 ;4 ;3 ;0 ;514 ;
302 ;0 ;4 ;4 ;0 ;280 ;
302 ;0 ;4 ;5 ;0 ;190 ;
302 ;0 ;4 ;6 ;0 ;382 ;
302 ;0 ;4 ;7 ;0 ;158 ;
302 ;0 ;4 ;8 ;0 ;344 ;
302 ;0 ;5 ;1 ;0 ;294 ;
302 ;0 ;5 ;2 ;0 ;405 ;
302 ;0 ;5 ;3 ;0 ;310 ;
302 ;0 ;5 ;4 ;0 ;438 ;
302 ;0 ;5 ;5 ;0 ;188 ;
302 ;0 ;5 ;6 ;0 ;24 ;
302 ;0 ;5 ;7 ;0 ;462 ;
302 ;0 ;5 ;8 ;0 ;47 ;
302 ;0 ;6 ;1 ;0 ;450 ;
302 ;0 ;6 ;2 ;0 ;392 ;
302 ;0 ;6 ;3 ;0 ;456 ;
302 ;0 ;6 ;4 ;0 ;25 ;
302 ;0 ;6 ;5 ;0 ;282 ;
302 ;0 ;6 ;6 ;0 ;141 ;
302 ;0 ;6 ;7 ;0 ;50 ;
302 ;0 ;6 ;8 ;0 ;223 ;
302 ;0 ;7 ;1 ;0 ;528 ;
302 ;0 ;7 ;2 ;0 ;262 ;
302 ;0 ;7 ;3 ;0 ;226 ;
302 ;0 ;7 ;4 ;0 ;23 ;
302 ;0 ;7 ;5 ;0 ;27 ;
302 ;0 ;7 ;6 ;0 ;83 ;
302 ;0 ;7 ;7 ;0 ;548 ;
302 ;0 ;7 ;8 ;0 ;123 ;
302 ;0 ;8 ;1 ;0 ;236 ;
302 ;0 ;8 ;2 ;0 ;162 ;
302 ;0 ;8 ;3 ;0 ;361 ;
302 ;0 ;8 ;4 ;0 ;21 ;
302 ;0 ;8 ;5 ;0 ;523 ;
302 ;0 ;8 ;6 ;0 ;343 ;
302 ;0 ;8 ;7 ;0 ;155 ;
302 ;0 ;8 ;8 ;0 ;556 ;
302 ;0 ;9 ;1 ;0 ;317 ;
302 ;0 ;9 ;2 ;0 ;204 ;
302 ;0 ;9 ;3 ;0 ;30 ;
302 ;0 ;9 ;4 ;0 ;6 ;
302 ;0 ;9 ;5 ;0 ;205 ;
302 ;0 ;9 ;6 ;0 ;3 ;
302 ;0 ;9 ;7 ;0 ;428 ;
302 ;0 ;9 ;8 ;0 ;437 ;
302 ;0 ;10 ;1 ;0 ;172 ;
302 ;0 ;10 ;2 ;0 ;513 ;
302 ;0 ;10 ;3 ;0 ;26 ;
302 ;0 ;10 ;4 ;0 ;481 ;
302 ;0 ;10 ;5 ;0 ;191 ;
302 ;0 ;10 ;6 ;0 ;493 ;
302 ;0 ;10 ;7 ;0 ;161 ;
302 ;0 ;10 ;8 ;0 ;328 ;
302 ;0 ;11 ;1 ;0 ;255 ;
302 ;0 ;11 ;2 ;0 ;225 ;
302 ;0 ;11 ;3 ;0 ;140 ;
302 ;0 ;11 ;4 ;0 ;102 ;
302 ;0 ;11 ;5 ;0 ;429 ;
302 ;0 ;11 ;6 ;0 ;469 ;
302 ;0 ;11 ;7 ;0 ;94 ;
302 ;0 ;11 ;8 ;0 ;274 ;
302 ;0 ;12 ;1 ;0 ;311 ;
302 ;0 ;12 ;2 ;0 ;187 ;
302 ;0 ;12 ;3 ;0 ;318 ;
302 ;0 ;12 ;4 ;0 ;48 ;
302 ;0 ;12 ;5 ;0 ;16 ;
302 ;0 ;12 ;6 ;0 ;198 ;
302 ;0 ;12 ;7 ;0 ;104 ;
302 ;0 ;12 ;8 ;0 ;472 ;
302 ;0 ;13 ;1 ;0 ;177 ;
302 ;0 ;13 ;2 ;0 ;249 ;
302 ;0 ;13 ;3 ;0 ;543 ;
302 ;0 ;13 ;4 ;0 ;511 ;
302 ;0 ;13 ;5 ;0 ;454 ;
302 ;0 ;13 ;6 ;0 ;518 ;
302 ;0 ;13 ;7 ;0 ;88 ;
302 ;0 ;13 ;8 ;0 ;475 ;
302 ;0 ;14 ;1 ;0 ;216 ;
302 ;0 ;14 ;2 ;0 ;367 ;
302 ;0 ;14 ;3 ;0 ;173 ;
302 ;0 ;14 ;4 ;0 ;139 ;
302 ;0 ;14 ;5 ;0 ;521 ;
302 ;0 ;14 ;6 ;0 ;49 ;
302 ;0 ;14 ;7 ;0 ;114 ;
302 ;0 ;14 ;8 ;0 ;238 ;
302 ;0 ;15 ;1 ;0 ;244 ;
302 ;0 ;15 ;2 ;0 ;355 ;
302 ;0 ;15 ;3 ;0 ;430 ;
302 ;0 ;15 ;4 ;0 ;505 ;
302 ;0 ;15 ;5 ;0 ;92 ;
302 ;0 ;15 ;6 ;0 ;87 ;
302 ;0 ;15 ;7 ;0 ;134 ;
302 ;0 ;15 ;8 ;0 ;303 ;
302 ;0 ;16 ;1 ;0 ;321 ;
302 ;0 ;16 ;2 ;0 ;305 ;
302 ;0 ;16 ;3 ;0 ;500 ;
302 ;0 ;16 ;4 ;0 ;86 ;
302 ;0 ;16 ;5 ;0 ;531 ;
302 ;0 ;16 ;6 ;0 ;466 ;
302 ;0 ;16 ;7 ;0 ;250 ;
302 ;0 ;16 ;8 ;0 ;406 ;
302 ;0 ;17 ;1 ;0 ;379 ;
302 ;0 ;17 ;2 ;0 ;366 ;
302 ;0 ;17 ;3 ;0 ;229 ;
302 ;0 ;17 ;4 ;0 ;42 ;
302 ;0 ;17 ;5 ;0 ;443 ;
302 ;0 ;17 ;6 ;0 ;504 ;
302 ;0 ;17 ;7 ;0 ;10 ;
302 ;0 ;17 ;8 ;0 ;538 ;
303 ;0 ;0 ;1 ;0 ;474 ;
303 ;0 ;0 ;2 ;0 ;99 ;
303 ;0 ;0 ;3 ;0 ;264 ;
303 ;0 ;0 ;4 ;0 ;39 ;
303 ;0 ;0 ;5 ;0 ;508 ;
303 ;0 ;0 ;6 ;0 ;358 ;
303 ;0 ;0 ;7 ;0 ;105 ;
303 ;0 ;0 ;8 ;0 ;301 ;
303 ;0 ;1 ;1 ;0 ;132 ;
303 ;0 ;1 ;2 ;0 ;263 ;
303 ;0 ;1 ;3 ;0 ;293 ;
303 ;0 ;1 ;4 ;0 ;307 ;
303 ;0 ;1 ;5 ;0 ;217 ;
303 ;0 ;1 ;6 ;0 ;512 ;
303 ;0 ;1 ;7 ;0 ;453 ;
303 ;0 ;1 ;8 ;0 ;271 ;
303 ;0 ;2 ;1 ;0 ;210 ;
303 ;0 ;2 ;2 ;0 ;283 ;
303 ;0 ;2 ;3 ;0 ;374 ;
303 ;0 ;2 ;4 ;0 ;418 ;
303 ;0 ;2 ;5 ;0 ;425 ;
303 ;0 ;2 ;6 ;0 ;120 ;
303 ;0 ;2 ;7 ;0 ;156 ;
303 ;0 ;2 ;8 ;0 ;452 ;
303 ;0 ;3 ;1 ;0 ;31 ;
303 ;0 ;3 ;2 ;0 ;389 ;
303 ;0 ;3 ;3 ;0 ;278 ;
303 ;0 ;3 ;4 ;0 ;378 ;
303 ;0 ;3 ;5 ;0 ;266 ;
303 ;0 ;3 ;6 ;0 ;515 ;
303 ;0 ;3 ;7 ;0 ;228 ;
303 ;0 ;3 ;8 ;0 ;299 ;
303 ;0 ;4 ;1 ;0 ;77 ;
303 ;0 ;4 ;2 ;0 ;137 ;
303 ;0 ;4 ;3 ;0 ;426 ;
303 ;0 ;4 ;4 ;0 ;287 ;
303 ;0 ;4 ;5 ;0 ;417 ;
303 ;0 ;4 ;6 ;0 ;72 ;
303 ;0 ;4 ;7 ;0 ;520 ;
303 ;0 ;4 ;8 ;0 ;487 ;
303 ;0 ;5 ;1 ;0 ;38 ;
303 ;0 ;5 ;2 ;0 ;298 ;
303 ;0 ;5 ;3 ;0 ;231 ;
303 ;0 ;5 ;4 ;0 ;316 ;
303 ;0 ;5 ;5 ;0 ;145 ;
303 ;0 ;5 ;6 ;0 ;193 ;
303 ;0 ;5 ;7 ;0 ;12 ;
303 ;0 ;5 ;8 ;0 ;220 ;
303 ;0 ;6 ;1 ;0 ;463 ;
303 ;0 ;6 ;2 ;0 ;381 ;
303 ;0 ;6 ;3 ;0 ;525 ;
303 ;0 ;6 ;4 ;0 ;121 ;
303 ;0 ;6 ;5 ;0 ;152 ;
303 ;0 ;6 ;6 ;0 ;232 ;
303 ;0 ;6 ;7 ;0 ;546 ;
303 ;0 ;6 ;8 ;0 ;360 ;
303 ;0 ;7 ;1 ;0 ;491 ;
303 ;0 ;7 ;2 ;0 ;380 ;
303 ;0 ;7 ;3 ;0 ;45 ;
303 ;0 ;7 ;4 ;0 ;341 ;
303 ;0 ;7 ;5 ;0 ;471 ;
303 ;0 ;7 ;6 ;0 ;242 ;
303 ;0 ;7 ;7 ;0 ;386 ;
303 ;0 ;7 ;8 ;0 ;393 ;
303 ;0 ;8 ;1 ;0 ;296 ;
303 ;0 ;8 ;2 ;0 ;399 ;
303 ;0 ;8 ;3 ;0 ;414 ;
303 ;0 ;8 ;4 ;0 ;28 ;
303 ;0 ;8 ;5 ;0 ;421 ;
303 ;0 ;8 ;6 ;0 ;207 ;
303 ;0 ;8 ;7 ;0 ;408 ;
303 ;0 ;8 ;8 ;0 ;62 ;
303 ;0 ;9 ;1 ;0 ;124 ;
303 ;0 ;9 ;2 ;0 ;183 ;
303 ;0 ;9 ;3 ;0 ;233 ;
303 ;0 ;9 ;4 ;0 ;138 ;
303 ;0 ;9 ;5 ;0 ;350 ;
303 ;0 ;9 ;6 ;0 ;377 ;
303 ;0 ;9 ;7 ;0 ;476 ;
303 ;0 ;9 ;8 ;0 ;440 ;
303 ;0 ;10 ;1 ;0 ;342 ;
303 ;0 ;10 ;2 ;0 ;400 ;
303 ;0 ;10 ;3 ;0 ;306 ;
303 ;0 ;10 ;4 ;0 ;517 ;
303 ;0 ;10 ;5 ;0 ;422 ;
303 ;0 ;10 ;6 ;0 ;218 ;
303 ;0 ;10 ;7 ;0 ;497 ;
303 ;0 ;10 ;8 ;0 ;423 ;
303 ;0 ;11 ;1 ;0 ;136 ;
303 ;0 ;11 ;2 ;0 ;129 ;
303 ;0 ;11 ;3 ;0 ;524 ;
303 ;0 ;11 ;4 ;0 ;507 ;
303 ;0 ;11 ;5 ;0 ;184 ;
303 ;0 ;11 ;6 ;0 ;18 ;
303 ;0 ;11 ;7 ;0 ;533 ;
303 ;0 ;11 ;8 ;0 ;419 ;
303 ;0 ;12 ;1 ;0 ;297 ;
303 ;0 ;12 ;2 ;0 ;391 ;
303 ;0 ;12 ;3 ;0 ;494 ;
303 ;0 ;12 ;4 ;0 ;498 ;
303 ;0 ;12 ;5 ;0 ;243 ;
303 ;0 ;12 ;6 ;0 ;284 ;
303 ;0 ;12 ;7 ;0 ;128 ;
303 ;0 ;12 ;8 ;0 ;549 ;
303 ;0 ;13 ;1 ;0 ;133 ;
303 ;0 ;13 ;2 ;0 ;20 ;
303 ;0 ;13 ;3 ;0 ;221 ;
303 ;0 ;13 ;4 ;0 ;468 ;
303 ;0 ;13 ;5 ;0 ;441 ;
303 ;0 ;13 ;6 ;0 ;435 ;
303 ;0 ;13 ;7 ;0 ;61 ;
303 ;0 ;13 ;8 ;0 ;65 ;
303 ;0 ;14 ;1 ;0 ;59 ;
303 ;0 ;14 ;2 ;0 ;364 ;
303 ;0 ;14 ;3 ;0 ;302 ;
303 ;0 ;14 ;4 ;0 ;506 ;
303 ;0 ;14 ;5 ;0 ;247 ;
303 ;0 ;14 ;6 ;0 ;444 ;
303 ;0 ;14 ;7 ;0 ;265 ;
303 ;0 ;14 ;8 ;0 ;19 ;
303 ;0 ;15 ;1 ;0 ;163 ;
303 ;0 ;15 ;2 ;0 ;14 ;
303 ;0 ;15 ;3 ;0 ;185 ;
303 ;0 ;15 ;4 ;0 ;118 ;
303 ;0 ;15 ;5 ;0 ;445 ;
303 ;0 ;15 ;6 ;0 ;13 ;
303 ;0 ;15 ;7 ;0 ;7 ;
303 ;0 ;15 ;8 ;0 ;276 ;
303 ;0 ;16 ;1 ;0 ;407 ;
303 ;0 ;16 ;2 ;0 ;258 ;
303 ;0 ;16 ;3 ;0 ;127 ;
303 ;0 ;16 ;4 ;0 ;385 ;
303 ;0 ;16 ;5 ;0 ;519 ;
303 ;0 ;16 ;6 ;0 ;460 ;
303 ;0 ;16 ;7 ;0 ;67 ;
303 ;0 ;16 ;8 ;0 ;501 ;
303 ;0 ;17 ;1 ;0 ;130 ;
303 ;0 ;17 ;2 ;0 ;304 ;
303 ;0 ;17 ;3 ;0 ;159 ;
303 ;0 ;17 ;4 ;0 ;208 ;
303 ;0 ;17 ;5 ;0 ;267 ;
303 ;0 ;17 ;6 ;0 ;424 ;
303 ;0 ;17 ;7 ;0 ;196 ;
303 ;0 ;17 ;8 ;0 ;91 ;
303 ;0 ;18 ;1 ;0 ;73 ;
303 ;0 ;18 ;2 ;0 ;112 ;
303 ;0 ;18 ;3 ;0 ;336 ;
303 ;0 ;18 ;4 ;0 ;542 ;
303 ;0 ;18 ;5 ;0 ;17 ;
303 ;0 ;18 ;6 ;0 ;434 ;
303 ;0 ;18 ;7 ;0 ;457 ;
303 ;0 ;18 ;8 ;0 ;372 ;
304 ;0 ;0 ;3 ;0 ;461 ;
304 ;0 ;0 ;4 ;0 ;351 ;
304 ;0 ;0 ;5 ;0 ;526 ;
304 ;0 ;0 ;6 ;0 ;528 ;
304 ;0 ;0 ;7 ;0 ;428 ;
304 ;0 ;1 ;2 ;0 ;323 ;
304 ;0 ;1 ;3 ;0 ;177 ;
304 ;0 ;1 ;4 ;0 ;244 ;
304 ;0 ;1 ;5 ;0 ;465 ;
304 ;0 ;1 ;6 ;0 ;178 ;
304 ;0 ;1 ;7 ;0 ;3 ;
304 ;0 ;2 ;1 ;0 ;171 ;
304 ;0 ;2 ;2 ;0 ;322 ;
304 ;0 ;2 ;3 ;0 ;173 ;
304 ;0 ;2 ;4 ;0 ;250 ;
304 ;0 ;2 ;5 ;0 ;205 ;
304 ;0 ;2 ;6 ;0 ;317 ;
304 ;0 ;2 ;7 ;0 ;496 ;
304 ;0 ;2 ;8 ;0 ;427 ;
305 ;0 ;0 ;3 ;0 ;360 ;
305 ;0 ;0 ;4 ;0 ;233 ;
305 ;0 ;0 ;5 ;0 ;113 ;
305 ;0 ;0 ;6 ;0 ;365 ;
305 ;0 ;0 ;7 ;0 ;307 ;
305 ;0 ;1 ;3 ;0 ;529 ;
305 ;0 ;1 ;4 ;0 ;192 ;
305 ;0 ;1 ;5 ;0 ;448 ;
305 ;0 ;1 ;6 ;0 ;498 ;
305 ;0 ;1 ;7 ;0 ;502 ;
305 ;0 ;2 ;1 ;0 ;501 ;
305 ;0 ;2 ;2 ;0 ;447 ;
305 ;0 ;2 ;3 ;0 ;484 ;
305 ;0 ;2 ;4 ;0 ;7 ;
305 ;0 ;2 ;5 ;0 ;112 ;
305 ;0 ;2 ;6 ;0 ;503 ;
305 ;0 ;2 ;7 ;0 ;446 ;
305 ;0 ;2 ;8 ;0 ;364 ;
305 ;0 ;3 ;1 ;0 ;265 ;
305 ;0 ;3 ;2 ;0 ;333 ;
305 ;0 ;3 ;3 ;0 ;334 ;
305 ;0 ;3 ;4 ;0 ;270 ;
305 ;0 ;3 ;5 ;0 ;490 ;
305 ;0 ;3 ;6 ;0 ;415 ;
305 ;0 ;3 ;7 ;0 ;460 ;
305 ;0 ;3 ;8 ;0 ;522 ;
306 ;3 ;0 ;1 ;0 ;49 ;
306 ;3 ;0 ;2 ;0 ;472 ;
306 ;3 ;0 ;3 ;0 ;430 ;
306 ;3 ;0 ;4 ;0 ;366 ;
306 ;3 ;0 ;5 ;0 ;303 ;
306 ;3 ;0 ;6 ;0 ;250 ;
306 ;3 ;0 ;7 ;0 ;454 ;
306 ;3 ;0 ;8 ;0 ;177 ;
307 ;3 ;0 ;1 ;0 ;321 ;
307 ;3 ;0 ;2 ;0 ;406 ;
307 ;3 ;0 ;3 ;0 ;134 ;
307 ;3 ;0 ;4 ;0 ;42 ;
307 ;3 ;0 ;5 ;0 ;229 ;
307 ;3 ;0 ;6 ;0 ;92 ;
307 ;3 ;0 ;7 ;0 ;86 ;
307 ;3 ;0 ;8 ;0 ;87 ;
308 ;3 ;0 ;1 ;0 ;318 ;
308 ;3 ;0 ;2 ;0 ;379 ;
308 ;3 ;0 ;3 ;0 ;466 ;
308 ;3 ;0 ;4 ;0 ;443 ;
308 ;3 ;0 ;5 ;0 ;504 ;
308 ;3 ;0 ;6 ;0 ;538 ;
308 ;3 ;0 ;7 ;0 ;475 ;
308 ;3 ;0 ;8 ;0 ;26 ;
309 ;3 ;0 ;1 ;0 ;184 ;
309 ;3 ;0 ;2 ;0 ;112 ;
309 ;3 ;0 ;3 ;0 ;159 ;
309 ;3 ;0 ;4 ;0 ;196 ;
309 ;3 ;0 ;5 ;0 ;457 ;
309 ;3 ;0 ;6 ;0 ;407 ;
309 ;3 ;0 ;7 ;0 ;73 ;
309 ;3 ;0 ;8 ;0 ;372 ;
310 ;3 ;0 ;1 ;0 ;91 ;
310 ;3 ;0 ;2 ;0 ;460 ;
310 ;3 ;0 ;3 ;0 ;17 ;
310 ;3 ;0 ;4 ;0 ;542 ;
310 ;3 ;0 ;5 ;0 ;434 ;
310 ;3 ;0 ;6 ;0 ;336 ;
310 ;3 ;0 ;7 ;0 ;67 ;
310 ;3 ;0 ;8 ;0 ;267 ;
311 ;3 ;0 ;1 ;0 ;399 ;
311 ;3 ;0 ;2 ;0 ;221 ;
311 ;3 ;0 ;3 ;0 ;377 ;
311 ;3 ;0 ;4 ;0 ;304 ;
311 ;3 ;0 ;5 ;0 ;284 ;
311 ;3 ;0 ;6 ;0 ;127 ;
311 ;3 ;0 ;7 ;0 ;468 ;
311 ;3 ;0 ;8 ;0 ;491 ;
312 ;3 ;0 ;1 ;0 ;528 ;
312 ;3 ;0 ;2 ;0 ;323 ;
312 ;3 ;0 ;3 ;0 ;427 ;
312 ;3 ;0 ;4 ;0 ;250 ;
312 ;3 ;0 ;5 ;0 ;322 ;
312 ;3 ;0 ;6 ;0 ;244 ;
312 ;3 ;0 ;7 ;0 ;428 ;
312 ;3 ;0 ;8 ;0 ;461 ;
313 ;3 ;0 ;2 ;0 ;178 ;
313 ;3 ;0 ;3 ;0 ;171 ;
313 ;3 ;0 ;4 ;0 ;205 ;
313 ;3 ;0 ;5 ;0 ;173 ;
313 ;3 ;0 ;6 ;0 ;465 ;
314 ;3 ;0 ;4 ;0 ;496 ;
315 ;3 ;0 ;1 ;0 ;484 ;
315 ;3 ;0 ;2 ;0 ;447 ;
315 ;3 ;0 ;3 ;0 ;265 ;
315 ;3 ;0 ;4 ;0 ;503 ;
315 ;3 ;0 ;5 ;0 ;333 ;
315 ;3 ;0 ;6 ;0 ;501 ;
315 ;3 ;0 ;7 ;0 ;364 ;
315 ;3 ;0 ;8 ;0 ;522 ;
316 ;3 ;0 ;1 ;0 ;270 ;
316 ;3 ;0 ;2 ;0 ;529 ;
316 ;3 ;0 ;3 ;0 ;334 ;
316 ;3 ;0 ;4 ;0 ;460 ;
316 ;3 ;0 ;5 ;0 ;490 ;
316 ;3 ;0 ;6 ;0 ;415 ;
316 ;3 ;0 ;7 ;0 ;448 ;
318 ;0 ;0 ;1 ;0 ;363 ;
318 ;0 ;0 ;2 ;0 ;77 ;
318 ;0 ;0 ;3 ;0 ;515 ;
318 ;0 ;0 ;4 ;0 ;374 ;
318 ;0 ;0 ;5 ;0 ;133 ;
318 ;0 ;0 ;6 ;0 ;148 ;
318 ;0 ;0 ;7 ;0 ;146 ;
318 ;0 ;0 ;8 ;0 ;536 ;
318 ;0 ;1 ;1 ;0 ;193 ;
318 ;0 ;1 ;2 ;0 ;380 ;
318 ;0 ;1 ;3 ;0 ;44 ;
318 ;0 ;1 ;4 ;0 ;273 ;
318 ;0 ;1 ;5 ;0 ;381 ;
318 ;0 ;1 ;6 ;0 ;452 ;
318 ;0 ;1 ;7 ;0 ;61 ;
318 ;0 ;1 ;8 ;0 ;126 ;
318 ;0 ;2 ;1 ;0 ;451 ;
318 ;0 ;2 ;2 ;0 ;218 ;
318 ;0 ;2 ;3 ;0 ;263 ;
318 ;0 ;2 ;4 ;0 ;525 ;
318 ;0 ;2 ;5 ;0 ;153 ;
318 ;0 ;2 ;6 ;0 ;230 ;
318 ;0 ;2 ;7 ;0 ;265 ;
318 ;0 ;2 ;8 ;0 ;474 ;
318 ;0 ;3 ;1 ;0 ;72 ;
318 ;0 ;3 ;2 ;0 ;281 ;
318 ;0 ;3 ;3 ;0 ;520 ;
318 ;0 ;3 ;4 ;0 ;487 ;
318 ;0 ;3 ;5 ;0 ;341 ;
318 ;0 ;3 ;6 ;0 ;184 ;
318 ;0 ;3 ;7 ;0 ;186 ;
318 ;0 ;3 ;8 ;0 ;144 ;
318 ;0 ;4 ;1 ;0 ;127 ;
318 ;0 ;4 ;2 ;0 ;180 ;
318 ;0 ;4 ;3 ;0 ;14 ;
318 ;0 ;4 ;4 ;0 ;414 ;
318 ;0 ;4 ;5 ;0 ;425 ;
318 ;0 ;4 ;6 ;0 ;372 ;
318 ;0 ;4 ;7 ;0 ;17 ;
318 ;0 ;4 ;8 ;0 ;267 ;
318 ;0 ;5 ;1 ;0 ;495 ;
318 ;0 ;5 ;2 ;0 ;460 ;
318 ;0 ;5 ;3 ;0 ;159 ;
318 ;0 ;5 ;4 ;0 ;147 ;
318 ;0 ;5 ;5 ;0 ;510 ;
318 ;0 ;5 ;6 ;0 ;302 ;
318 ;0 ;5 ;7 ;0 ;67 ;
318 ;0 ;5 ;8 ;0 ;507 ;
319 ;0 ;0 ;3 ;0 ;115 ;
319 ;0 ;0 ;4 ;0 ;325 ;
319 ;0 ;0 ;5 ;0 ;201 ;
319 ;0 ;0 ;6 ;0 ;251 ;
319 ;0 ;0 ;7 ;0 ;253 ;
319 ;0 ;1 ;3 ;0 ;388 ;
319 ;0 ;1 ;4 ;0 ;199 ;
319 ;0 ;1 ;5 ;0 ;260 ;
319 ;0 ;1 ;6 ;0 ;294 ;
319 ;0 ;1 ;7 ;0 ;161 ;
319 ;0 ;2 ;1 ;0 ;164 ;
319 ;0 ;2 ;2 ;0 ;535 ;
319 ;0 ;2 ;3 ;0 ;438 ;
319 ;0 ;2 ;4 ;0 ;254 ;
319 ;0 ;2 ;5 ;0 ;526 ;
319 ;0 ;2 ;6 ;0 ;532 ;
319 ;0 ;2 ;7 ;0 ;456 ;
319 ;0 ;2 ;8 ;0 ;191 ;
319 ;0 ;3 ;1 ;0 ;162 ;
319 ;0 ;3 ;2 ;0 ;345 ;
319 ;0 ;3 ;3 ;0 ;94 ;
319 ;0 ;3 ;4 ;0 ;496 ;
319 ;0 ;3 ;5 ;0 ;103 ;
319 ;0 ;3 ;6 ;0 ;252 ;
319 ;0 ;3 ;7 ;0 ;518 ;
319 ;0 ;3 ;8 ;0 ;10 ;
319 ;0 ;4 ;1 ;0 ;259 ;
319 ;0 ;4 ;2 ;0 ;523 ;
319 ;0 ;4 ;3 ;0 ;282 ;
319 ;0 ;4 ;4 ;0 ;521 ;
319 ;0 ;4 ;5 ;0 ;538 ;
319 ;0 ;4 ;6 ;0 ;466 ;
319 ;0 ;4 ;7 ;0 ;465 ;
319 ;0 ;4 ;8 ;0 ;11 ;
319 ;0 ;5 ;1 ;0 ;134 ;
319 ;0 ;5 ;2 ;0 ;355 ;
319 ;0 ;5 ;3 ;0 ;481 ;
319 ;0 ;5 ;4 ;0 ;396 ;
319 ;0 ;5 ;5 ;0 ;442 ;
319 ;0 ;5 ;6 ;0 ;544 ;
319 ;0 ;5 ;7 ;0 ;475 ;
319 ;0 ;5 ;8 ;0 ;109 ;
320 ;0 ;0 ;3 ;0 ;478 ;
320 ;0 ;0 ;4 ;0 ;455 ;
320 ;0 ;0 ;5 ;0 ;293 ;
320 ;0 ;0 ;6 ;0 ;156 ;
320 ;0 ;0 ;7 ;0 ;266 ;
320 ;0 ;1 ;2 ;0 ;471 ;
320 ;0 ;1 ;3 ;0 ;105 ;
320 ;0 ;1 ;4 ;0 ;479 ;
320 ;0 ;1 ;5 ;0 ;69 ;
320 ;0 ;1 ;6 ;0 ;12 ;
320 ;0 ;1 ;7 ;0 ;525 ;
320 ;0 ;2 ;1 ;0 ;146 ;
320 ;0 ;2 ;2 ;0 ;145 ;
320 ;0 ;2 ;3 ;0 ;547 ;
320 ;0 ;2 ;4 ;0 ;371 ;
320 ;0 ;2 ;5 ;0 ;417 ;
320 ;0 ;2 ;6 ;0 ;308 ;
320 ;0 ;2 ;7 ;0 ;332 ;
320 ;0 ;2 ;8 ;0 ;360 ;
320 ;0 ;3 ;1 ;0 ;445 ;
320 ;0 ;3 ;2 ;0 ;364 ;
320 ;0 ;3 ;3 ;0 ;213 ;
320 ;0 ;3 ;4 ;0 ;46 ;
320 ;0 ;3 ;5 ;0 ;453 ;
320 ;0 ;3 ;6 ;0 ;497 ;
320 ;0 ;3 ;7 ;0 ;373 ;
320 ;0 ;3 ;8 ;0 ;520 ;
320 ;0 ;4 ;1 ;0 ;506 ;
320 ;0 ;4 ;2 ;0 ;484 ;
320 ;0 ;4 ;3 ;0 ;63 ;
320 ;0 ;4 ;4 ;0 ;181 ;
320 ;0 ;4 ;5 ;0 ;207 ;
320 ;0 ;4 ;6 ;0 ;446 ;
320 ;0 ;4 ;7 ;0 ;242 ;
320 ;0 ;4 ;8 ;0 ;337 ;
320 ;0 ;5 ;1 ;0 ;73 ;
320 ;0 ;5 ;2 ;0 ;277 ;
320 ;0 ;5 ;3 ;0 ;17 ;
320 ;0 ;5 ;4 ;0 ;333 ;
320 ;0 ;5 ;5 ;0 ;108 ;
320 ;0 ;5 ;6 ;0 ;424 ;
320 ;0 ;5 ;7 ;0 ;52 ;
320 ;0 ;5 ;8 ;0 ;517 ;
320 ;0 ;6 ;1 ;0 ;335 ;
320 ;0 ;6 ;2 ;0 ;287 ;
320 ;0 ;6 ;3 ;0 ;96 ;
320 ;0 ;6 ;4 ;0 ;534 ;
320 ;0 ;6 ;5 ;0 ;336 ;
320 ;0 ;6 ;6 ;0 ;197 ;
320 ;0 ;6 ;7 ;0 ;522 ;
320 ;0 ;6 ;8 ;0 ;200 ;
321 ;0 ;0 ;1 ;0 ;48 ;
321 ;0 ;0 ;2 ;0 ;209 ;
321 ;0 ;0 ;3 ;0 ;189 ;
321 ;0 ;0 ;4 ;0 ;174 ;
321 ;0 ;0 ;5 ;0 ;22 ;
321 ;0 ;0 ;6 ;0 ;203 ;
321 ;0 ;0 ;7 ;0 ;323 ;
321 ;0 ;1 ;1 ;0 ;513 ;
321 ;0 ;1 ;2 ;0 ;431 ;
321 ;0 ;1 ;3 ;0 ;175 ;
321 ;0 ;1 ;4 ;0 ;155 ;
321 ;0 ;1 ;5 ;0 ;21 ;
321 ;0 ;1 ;6 ;0 ;437 ;
321 ;0 ;1 ;7 ;0 ;450 ;
321 ;0 ;1 ;8 ;0 ;320 ;
321 ;0 ;2 ;1 ;0 ;356 ;
321 ;0 ;2 ;2 ;0 ;79 ;
321 ;0 ;2 ;3 ;0 ;204 ;
321 ;0 ;2 ;4 ;0 ;53 ;
321 ;0 ;2 ;5 ;0 ;6 ;
321 ;0 ;2 ;6 ;0 ;482 ;
321 ;0 ;2 ;7 ;0 ;274 ;
321 ;0 ;2 ;8 ;0 ;178 ;
321 ;0 ;3 ;1 ;0 ;493 ;
321 ;0 ;3 ;2 ;0 ;172 ;
321 ;0 ;3 ;3 ;0 ;429 ;
321 ;0 ;3 ;4 ;0 ;329 ;
321 ;0 ;3 ;5 ;0 ;51 ;
321 ;0 ;3 ;6 ;0 ;187 ;
321 ;0 ;3 ;7 ;0 ;464 ;
321 ;0 ;3 ;8 ;0 ;9 ;
321 ;0 ;4 ;1 ;0 ;222 ;
321 ;0 ;4 ;2 ;0 ;465 ;
321 ;0 ;4 ;3 ;0 ;279 ;
321 ;0 ;4 ;4 ;0 ;326 ;
321 ;0 ;4 ;5 ;0 ;369 ;
321 ;0 ;4 ;6 ;0 ;177 ;
321 ;0 ;4 ;7 ;0 ;89 ;
321 ;0 ;4 ;8 ;0 ;290 ;
322 ;0 ;0 ;1 ;0 ;148 ;
322 ;0 ;0 ;2 ;0 ;132 ;
322 ;0 ;0 ;3 ;0 ;421 ;
322 ;0 ;0 ;4 ;0 ;281 ;
322 ;0 ;0 ;5 ;0 ;453 ;
322 ;0 ;0 ;6 ;0 ;266 ;
322 ;0 ;0 ;7 ;0 ;409 ;
322 ;0 ;1 ;1 ;0 ;381 ;
322 ;0 ;1 ;2 ;0 ;156 ;
322 ;0 ;1 ;3 ;0 ;512 ;
322 ;0 ;1 ;4 ;0 ;217 ;
322 ;0 ;1 ;5 ;0 ;278 ;
322 ;0 ;1 ;6 ;0 ;166 ;
322 ;0 ;1 ;7 ;0 ;546 ;
322 ;0 ;2 ;1 ;0 ;271 ;
322 ;0 ;2 ;2 ;0 ;231 ;
322 ;0 ;2 ;3 ;0 ;12 ;
322 ;0 ;2 ;4 ;0 ;39 ;
322 ;0 ;2 ;5 ;0 ;417 ;
322 ;0 ;2 ;6 ;0 ;515 ;
322 ;0 ;2 ;7 ;0 ;41 ;
322 ;0 ;2 ;8 ;0 ;377 ;
322 ;0 ;3 ;1 ;0 ;136 ;
322 ;0 ;3 ;2 ;0 ;374 ;
322 ;0 ;3 ;3 ;0 ;289 ;
322 ;0 ;3 ;4 ;0 ;419 ;
322 ;0 ;3 ;5 ;0 ;380 ;
322 ;0 ;3 ;6 ;0 ;105 ;
322 ;0 ;3 ;7 ;0 ;452 ;
322 ;0 ;3 ;8 ;0 ;423 ;
322 ;0 ;4 ;1 ;0 ;400 ;
322 ;0 ;4 ;2 ;0 ;72 ;
322 ;0 ;4 ;3 ;0 ;145 ;
322 ;0 ;4 ;4 ;0 ;418 ;
322 ;0 ;4 ;5 ;0 ;45 ;
322 ;0 ;4 ;6 ;0 ;491 ;
322 ;0 ;4 ;7 ;0 ;425 ;
322 ;0 ;4 ;8 ;0 ;341 ;
322 ;0 ;5 ;1 ;0 ;293 ;
322 ;0 ;5 ;2 ;0 ;476 ;
322 ;0 ;5 ;3 ;0 ;110 ;
322 ;0 ;5 ;4 ;0 ;386 ;
322 ;0 ;5 ;5 ;0 ;28 ;
322 ;0 ;5 ;6 ;0 ;520 ;
322 ;0 ;5 ;7 ;0 ;63 ;
322 ;0 ;5 ;8 ;0 ;391 ;
322 ;0 ;6 ;1 ;0 ;473 ;
322 ;0 ;6 ;2 ;0 ;525 ;
322 ;0 ;6 ;3 ;0 ;337 ;
322 ;0 ;6 ;4 ;0 ;67 ;
322 ;0 ;6 ;5 ;0 ;296 ;
322 ;0 ;6 ;6 ;0 ;108 ;
322 ;0 ;6 ;7 ;0 ;529 ;
322 ;0 ;6 ;8 ;0 ;399 ;
322 ;0 ;7 ;1 ;0 ;121 ;
322 ;0 ;7 ;2 ;0 ;133 ;
322 ;0 ;7 ;3 ;0 ;213 ;
322 ;0 ;7 ;4 ;0 ;129 ;
322 ;0 ;7 ;5 ;0 ;144 ;
322 ;0 ;7 ;6 ;0 ;220 ;
322 ;0 ;7 ;7 ;0 ;306 ;
322 ;0 ;7 ;8 ;0 ;408 ;
322 ;0 ;8 ;1 ;0 ;38 ;
322 ;0 ;8 ;2 ;0 ;299 ;
322 ;0 ;8 ;3 ;0 ;218 ;
322 ;0 ;8 ;4 ;0 ;128 ;
322 ;0 ;8 ;5 ;0 ;506 ;
322 ;0 ;8 ;6 ;0 ;350 ;
322 ;0 ;8 ;7 ;0 ;297 ;
322 ;0 ;8 ;8 ;0 ;503 ;
322 ;0 ;9 ;1 ;0 ;284 ;
322 ;0 ;9 ;2 ;0 ;422 ;
322 ;0 ;9 ;3 ;0 ;152 ;
322 ;0 ;9 ;4 ;0 ;138 ;
322 ;0 ;9 ;5 ;0 ;342 ;
322 ;0 ;9 ;6 ;0 ;435 ;
322 ;0 ;9 ;7 ;0 ;440 ;
322 ;0 ;9 ;8 ;0 ;494 ;
322 ;0 ;10 ;1 ;0 ;463 ;
322 ;0 ;10 ;2 ;0 ;333 ;
322 ;0 ;10 ;3 ;0 ;371 ;
322 ;0 ;10 ;4 ;0 ;242 ;
322 ;0 ;10 ;5 ;0 ;360 ;
322 ;0 ;10 ;6 ;0 ;243 ;
322 ;0 ;10 ;7 ;0 ;501 ;
322 ;0 ;10 ;8 ;0 ;18 ;
322 ;0 ;11 ;1 ;0 ;96 ;
322 ;0 ;11 ;2 ;0 ;59 ;
322 ;0 ;11 ;3 ;0 ;414 ;
322 ;0 ;11 ;4 ;0 ;163 ;
322 ;0 ;11 ;5 ;0 ;184 ;
322 ;0 ;11 ;6 ;0 ;233 ;
322 ;0 ;11 ;7 ;0 ;287 ;
322 ;0 ;11 ;8 ;0 ;248 ;
322 ;0 ;12 ;1 ;0 ;497 ;
322 ;0 ;12 ;2 ;0 ;445 ;
322 ;0 ;12 ;3 ;0 ;444 ;
322 ;0 ;12 ;4 ;0 ;19 ;
322 ;0 ;12 ;5 ;0 ;468 ;
322 ;0 ;12 ;6 ;0 ;73 ;
322 ;0 ;12 ;7 ;0 ;533 ;
322 ;0 ;12 ;8 ;0 ;65 ;
322 ;0 ;13 ;1 ;0 ;276 ;
322 ;0 ;13 ;2 ;0 ;196 ;
322 ;0 ;13 ;3 ;0 ;524 ;
322 ;0 ;13 ;4 ;0 ;364 ;
322 ;0 ;13 ;5 ;0 ;7 ;
322 ;0 ;13 ;6 ;0 ;446 ;
322 ;0 ;13 ;7 ;0 ;118 ;
322 ;0 ;13 ;8 ;0 ;207 ;
322 ;0 ;14 ;1 ;0 ;60 ;
322 ;0 ;14 ;2 ;0 ;441 ;
322 ;0 ;14 ;3 ;0 ;14 ;
322 ;0 ;14 ;4 ;0 ;265 ;
322 ;0 ;14 ;5 ;0 ;457 ;
322 ;0 ;14 ;6 ;0 ;517 ;
322 ;0 ;14 ;7 ;0 ;221 ;
322 ;0 ;14 ;8 ;0 ;372 ;
322 ;0 ;15 ;1 ;0 ;20 ;
322 ;0 ;15 ;2 ;0 ;335 ;
322 ;0 ;15 ;3 ;0 ;270 ;
322 ;0 ;15 ;4 ;0 ;385 ;
322 ;0 ;15 ;5 ;0 ;208 ;
322 ;0 ;15 ;6 ;0 ;13 ;
322 ;0 ;15 ;7 ;0 ;519 ;
322 ;0 ;15 ;8 ;0 ;112 ;
322 ;0 ;16 ;1 ;0 ;43 ;
322 ;0 ;16 ;2 ;0 ;502 ;
322 ;0 ;16 ;3 ;0 ;159 ;
322 ;0 ;16 ;4 ;0 ;460 ;
322 ;0 ;16 ;5 ;0 ;490 ;
322 ;0 ;16 ;6 ;0 ;304 ;
322 ;0 ;16 ;7 ;0 ;130 ;
322 ;0 ;16 ;8 ;0 ;267 ;
322 ;0 ;17 ;1 ;0 ;407 ;
322 ;0 ;17 ;2 ;0 ;434 ;
322 ;0 ;17 ;3 ;0 ;336 ;
322 ;0 ;17 ;4 ;0 ;542 ;
322 ;0 ;17 ;5 ;0 ;510 ;
322 ;0 ;17 ;6 ;0 ;197 ;
322 ;0 ;17 ;7 ;0 ;424 ;
322 ;0 ;17 ;8 ;0 ;247 ;
323 ;0 ;0 ;1 ;0 ;115 ;
323 ;0 ;0 ;2 ;0 ;201 ;
323 ;0 ;0 ;3 ;0 ;251 ;
323 ;0 ;0 ;4 ;0 ;325 ;
323 ;0 ;0 ;5 ;0 ;176 ;
323 ;0 ;0 ;6 ;0 ;190 ;
323 ;0 ;0 ;7 ;0 ;117 ;
323 ;0 ;1 ;1 ;0 ;214 ;
323 ;0 ;1 ;2 ;0 ;260 ;
323 ;0 ;1 ;3 ;0 ;122 ;
323 ;0 ;1 ;4 ;0 ;403 ;
323 ;0 ;1 ;5 ;0 ;383 ;
323 ;0 ;1 ;6 ;0 ;526 ;
323 ;0 ;1 ;7 ;0 ;1 ;
323 ;0 ;1 ;8 ;0 ;101 ;
323 ;0 ;2 ;1 ;0 ;189 ;
323 ;0 ;2 ;2 ;0 ;438 ;
323 ;0 ;2 ;3 ;0 ;154 ;
323 ;0 ;2 ;4 ;0 ;47 ;
323 ;0 ;2 ;5 ;0 ;362 ;
323 ;0 ;2 ;6 ;0 ;461 ;
323 ;0 ;2 ;7 ;0 ;499 ;
323 ;0 ;2 ;8 ;0 ;262 ;
323 ;0 ;3 ;1 ;0 ;323 ;
323 ;0 ;3 ;2 ;0 ;310 ;
323 ;0 ;3 ;3 ;0 ;203 ;
323 ;0 ;3 ;4 ;0 ;179 ;
323 ;0 ;3 ;5 ;0 ;382 ;
323 ;0 ;3 ;6 ;0 ;402 ;
323 ;0 ;3 ;7 ;0 ;405 ;
323 ;0 ;3 ;8 ;0 ;514 ;
323 ;0 ;4 ;1 ;0 ;143 ;
323 ;0 ;4 ;2 ;0 ;280 ;
323 ;0 ;4 ;3 ;0 ;26 ;
323 ;0 ;4 ;4 ;0 ;188 ;
323 ;0 ;4 ;5 ;0 ;556 ;
323 ;0 ;4 ;6 ;0 ;275 ;
323 ;0 ;4 ;7 ;0 ;40 ;
323 ;0 ;4 ;8 ;0 ;30 ;
323 ;0 ;5 ;1 ;0 ;21 ;
323 ;0 ;5 ;2 ;0 ;158 ;
323 ;0 ;5 ;3 ;0 ;24 ;
323 ;0 ;5 ;4 ;0 ;164 ;
323 ;0 ;5 ;5 ;0 ;174 ;
323 ;0 ;5 ;6 ;0 ;25 ;
323 ;0 ;5 ;7 ;0 ;162 ;
323 ;0 ;5 ;8 ;0 ;532 ;
323 ;0 ;6 ;1 ;0 ;488 ;
323 ;0 ;6 ;2 ;0 ;83 ;
323 ;0 ;6 ;3 ;0 ;274 ;
323 ;0 ;6 ;4 ;0 ;343 ;
323 ;0 ;6 ;5 ;0 ;222 ;
323 ;0 ;6 ;6 ;0 ;6 ;
323 ;0 ;6 ;7 ;0 ;282 ;
323 ;0 ;6 ;8 ;0 ;123 ;
323 ;0 ;7 ;1 ;0 ;23 ;
323 ;0 ;7 ;2 ;0 ;225 ;
323 ;0 ;7 ;3 ;0 ;172 ;
323 ;0 ;7 ;4 ;0 ;513 ;
323 ;0 ;7 ;5 ;0 ;191 ;
323 ;0 ;7 ;6 ;0 ;493 ;
323 ;0 ;7 ;7 ;0 ;462 ;
323 ;0 ;7 ;8 ;0 ;329 ;
323 ;0 ;8 ;1 ;0 ;198 ;
323 ;0 ;8 ;2 ;0 ;450 ;
323 ;0 ;8 ;3 ;0 ;317 ;
323 ;0 ;8 ;4 ;0 ;236 ;
323 ;0 ;8 ;5 ;0 ;206 ;
323 ;0 ;8 ;6 ;0 ;223 ;
323 ;0 ;8 ;7 ;0 ;469 ;
323 ;0 ;8 ;8 ;0 ;255 ;
323 ;0 ;9 ;1 ;0 ;155 ;
323 ;0 ;9 ;2 ;0 ;431 ;
323 ;0 ;9 ;3 ;0 ;75 ;
323 ;0 ;9 ;4 ;0 ;361 ;
323 ;0 ;9 ;5 ;0 ;472 ;
323 ;0 ;9 ;6 ;0 ;428 ;
323 ;0 ;9 ;7 ;0 ;481 ;
323 ;0 ;9 ;8 ;0 ;543 ;
323 ;0 ;10 ;1 ;0 ;171 ;
323 ;0 ;10 ;2 ;0 ;109 ;
323 ;0 ;10 ;3 ;0 ;160 ;
323 ;0 ;10 ;4 ;0 ;79 ;
323 ;0 ;10 ;5 ;0 ;528 ;
323 ;0 ;10 ;6 ;0 ;303 ;
323 ;0 ;10 ;7 ;0 ;437 ;
323 ;0 ;10 ;8 ;0 ;482 ;
323 ;0 ;11 ;1 ;0 ;356 ;
323 ;0 ;11 ;2 ;0 ;321 ;
323 ;0 ;11 ;3 ;0 ;48 ;
323 ;0 ;11 ;4 ;0 ;379 ;
323 ;0 ;11 ;5 ;0 ;161 ;
323 ;0 ;11 ;6 ;0 ;134 ;
323 ;0 ;11 ;7 ;0 ;406 ;
323 ;0 ;11 ;8 ;0 ;53 ;
323 ;0 ;12 ;1 ;0 ;85 ;
323 ;0 ;12 ;2 ;0 ;187 ;
323 ;0 ;12 ;3 ;0 ;16 ;
323 ;0 ;12 ;4 ;0 ;318 ;
323 ;0 ;12 ;5 ;0 ;9 ;
323 ;0 ;12 ;6 ;0 ;430 ;
323 ;0 ;12 ;7 ;0 ;454 ;
323 ;0 ;12 ;8 ;0 ;51 ;
323 ;0 ;13 ;1 ;0 ;238 ;
323 ;0 ;13 ;2 ;0 ;3 ;
323 ;0 ;13 ;3 ;0 ;49 ;
323 ;0 ;13 ;4 ;0 ;355 ;
323 ;0 ;13 ;5 ;0 ;10 ;
323 ;0 ;13 ;6 ;0 ;290 ;
323 ;0 ;13 ;7 ;0 ;511 ;
323 ;0 ;13 ;8 ;0 ;86 ;
323 ;0 ;14 ;1 ;0 ;244 ;
323 ;0 ;14 ;2 ;0 ;466 ;
323 ;0 ;14 ;3 ;0 ;173 ;
323 ;0 ;14 ;4 ;0 ;177 ;
323 ;0 ;14 ;5 ;0 ;204 ;
323 ;0 ;14 ;6 ;0 ;205 ;
323 ;0 ;14 ;7 ;0 ;475 ;
323 ;0 ;14 ;8 ;0 ;328 ;
323 ;0 ;15 ;1 ;0 ;88 ;
323 ;0 ;15 ;2 ;0 ;216 ;
323 ;0 ;15 ;3 ;0 ;250 ;
323 ;0 ;15 ;4 ;0 ;518 ;
323 ;0 ;15 ;5 ;0 ;87 ;
323 ;0 ;15 ;6 ;0 ;92 ;
323 ;0 ;15 ;7 ;0 ;531 ;
323 ;0 ;15 ;8 ;0 ;369 ;
323 ;0 ;16 ;1 ;0 ;505 ;
323 ;0 ;16 ;2 ;0 ;326 ;
323 ;0 ;16 ;3 ;0 ;504 ;
323 ;0 ;16 ;4 ;0 ;42 ;
323 ;0 ;16 ;5 ;0 ;366 ;
323 ;0 ;16 ;6 ;0 ;229 ;
323 ;0 ;16 ;7 ;0 ;500 ;
323 ;0 ;16 ;8 ;0 ;215 ;
324 ;3 ;0 ;1 ;0 ;72 ;
324 ;3 ;0 ;2 ;0 ;14 ;
324 ;3 ;0 ;3 ;0 ;126 ;
324 ;3 ;0 ;4 ;0 ;159 ;
324 ;3 ;0 ;5 ;0 ;425 ;
324 ;3 ;0 ;6 ;0 ;507 ;
324 ;3 ;0 ;7 ;0 ;372 ;
324 ;3 ;0 ;8 ;0 ;341 ;
325 ;3 ;0 ;1 ;0 ;144 ;
325 ;3 ;0 ;2 ;0 ;186 ;
325 ;3 ;0 ;3 ;0 ;180 ;
325 ;3 ;0 ;4 ;0 ;510 ;
325 ;3 ;0 ;5 ;0 ;460 ;
325 ;3 ;0 ;6 ;0 ;67 ;
325 ;3 ;0 ;7 ;0 ;414 ;
325 ;3 ;0 ;8 ;0 ;380 ;
326 ;3 ;0 ;4 ;0 ;495 ;
326 ;3 ;0 ;5 ;0 ;127 ;
327 ;3 ;0 ;1 ;0 ;294 ;
327 ;3 ;0 ;2 ;0 ;164 ;
327 ;3 ;0 ;3 ;0 ;456 ;
327 ;3 ;0 ;4 ;0 ;481 ;
327 ;3 ;0 ;5 ;0 ;282 ;
327 ;3 ;0 ;6 ;0 ;252 ;
327 ;3 ;0 ;7 ;0 ;438 ;
327 ;3 ;0 ;8 ;0 ;162 ;
328 ;3 ;0 ;1 ;0 ;94 ;
328 ;3 ;0 ;2 ;0 ;11 ;
328 ;3 ;0 ;3 ;0 ;465 ;
328 ;3 ;0 ;4 ;0 ;109 ;
328 ;3 ;0 ;5 ;0 ;355 ;
328 ;3 ;0 ;6 ;0 ;134 ;
328 ;3 ;0 ;7 ;0 ;345 ;
329 ;3 ;0 ;1 ;0 ;259 ;
329 ;3 ;0 ;2 ;0 ;466 ;
329 ;3 ;0 ;3 ;0 ;475 ;
329 ;3 ;0 ;4 ;0 ;396 ;
329 ;3 ;0 ;5 ;0 ;442 ;
329 ;3 ;0 ;6 ;0 ;544 ;
329 ;3 ;0 ;7 ;0 ;103 ;
329 ;3 ;0 ;8 ;0 ;251 ;
330 ;3 ;0 ;1 ;0 ;333 ;
330 ;3 ;0 ;2 ;0 ;207 ;
330 ;3 ;0 ;3 ;0 ;522 ;
330 ;3 ;0 ;4 ;0 ;287 ;
330 ;3 ;0 ;5 ;0 ;424 ;
330 ;3 ;0 ;6 ;0 ;108 ;
330 ;3 ;0 ;7 ;0 ;277 ;
330 ;3 ;0 ;8 ;0 ;506 ;
331 ;3 ;0 ;1 ;0 ;335 ;
331 ;3 ;0 ;2 ;0 ;534 ;
331 ;3 ;0 ;3 ;0 ;197 ;
331 ;3 ;0 ;4 ;0 ;336 ;
331 ;3 ;0 ;5 ;0 ;96 ;
331 ;3 ;0 ;6 ;0 ;52 ;
331 ;3 ;0 ;7 ;0 ;200 ;
331 ;3 ;0 ;8 ;0 ;181 ;
332 ;3 ;0 ;4 ;0 ;517 ;
333 ;3 ;0 ;1 ;0 ;329 ;
333 ;3 ;0 ;2 ;0 ;51 ;
333 ;3 ;0 ;3 ;0 ;493 ;
333 ;3 ;0 ;4 ;0 ;369 ;
333 ;3 ;0 ;5 ;0 ;177 ;
333 ;3 ;0 ;6 ;0 ;53 ;
333 ;3 ;0 ;7 ;0 ;79 ;
333 ;3 ;0 ;8 ;0 ;204 ;
334 ;3 ;0 ;1 ;0 ;178 ;
334 ;3 ;0 ;2 ;0 ;429 ;
334 ;3 ;0 ;3 ;0 ;279 ;
334 ;3 ;0 ;4 ;0 ;187 ;
334 ;3 ;0 ;5 ;0 ;326 ;
334 ;3 ;0 ;6 ;0 ;222 ;
334 ;3 ;0 ;7 ;0 ;437 ;
334 ;3 ;0 ;8 ;0 ;482 ;
335 ;3 ;0 ;4 ;0 ;89 ;
335 ;3 ;0 ;5 ;0 ;290 ;
336 ;3 ;0 ;1 ;0 ;159 ;
336 ;3 ;0 ;2 ;0 ;424 ;
336 ;3 ;0 ;3 ;0 ;407 ;
336 ;3 ;0 ;4 ;0 ;457 ;
336 ;3 ;0 ;5 ;0 ;112 ;
336 ;3 ;0 ;6 ;0 ;20 ;
336 ;3 ;0 ;7 ;0 ;276 ;
336 ;3 ;0 ;8 ;0 ;13 ;
337 ;3 ;0 ;1 ;0 ;65 ;
337 ;3 ;0 ;2 ;0 ;197 ;
337 ;3 ;0 ;3 ;0 ;510 ;
337 ;3 ;0 ;4 ;0 ;336 ;
337 ;3 ;0 ;5 ;0 ;542 ;
337 ;3 ;0 ;6 ;0 ;434 ;
337 ;3 ;0 ;7 ;0 ;247 ;
337 ;3 ;0 ;8 ;0 ;335 ;
338 ;3 ;0 ;1 ;0 ;399 ;
338 ;3 ;0 ;2 ;0 ;491 ;
338 ;3 ;0 ;3 ;0 ;284 ;
338 ;3 ;0 ;4 ;0 ;43 ;
338 ;3 ;0 ;5 ;0 ;304 ;
338 ;3 ;0 ;6 ;0 ;468 ;
338 ;3 ;0 ;7 ;0 ;377 ;
339 ;3 ;0 ;1 ;0 ;53 ;
339 ;3 ;0 ;2 ;0 ;369 ;
339 ;3 ;0 ;3 ;0 ;430 ;
339 ;3 ;0 ;4 ;0 ;366 ;
339 ;3 ;0 ;5 ;0 ;250 ;
339 ;3 ;0 ;6 ;0 ;49 ;
339 ;3 ;0 ;7 ;0 ;48 ;
339 ;3 ;0 ;8 ;0 ;511 ;
340 ;3 ;0 ;1 ;0 ;505 ;
340 ;3 ;0 ;2 ;0 ;229 ;
340 ;3 ;0 ;3 ;0 ;215 ;
340 ;3 ;0 ;4 ;0 ;42 ;
340 ;3 ;0 ;5 ;0 ;326 ;
340 ;3 ;0 ;6 ;0 ;328 ;
340 ;3 ;0 ;7 ;0 ;92 ;
340 ;3 ;0 ;8 ;0 ;88 ;
341 ;3 ;0 ;1 ;0 ;26 ;
341 ;3 ;0 ;2 ;0 ;379 ;
341 ;3 ;0 ;3 ;0 ;475 ;
341 ;3 ;0 ;4 ;0 ;504 ;
341 ;3 ;0 ;5 ;0 ;318 ;
341 ;3 ;0 ;6 ;0 ;290 ;
341 ;3 ;0 ;7 ;0 ;25 ;
