event; round;heat;lane;relais;idBib;
101 ;0 ;0 ;1 ;0 ;100 ;
101 ;0 ;0 ;2 ;0 ;40 ;
101 ;0 ;0 ;3 ;0 ;92 ;
101 ;0 ;0 ;4 ;0 ;72 ;
101 ;0 ;0 ;5 ;0 ;46 ;
101 ;0 ;1 ;1 ;0 ;34 ;
101 ;0 ;1 ;2 ;0 ;139 ;
101 ;0 ;1 ;3 ;0 ;19 ;
101 ;0 ;1 ;4 ;0 ;39 ;
101 ;0 ;1 ;5 ;0 ;64 ;
101 ;0 ;1 ;6 ;0 ;47 ;
101 ;0 ;2 ;1 ;0 ;128 ;
101 ;0 ;2 ;2 ;0 ;93 ;
101 ;0 ;2 ;3 ;0 ;134 ;
101 ;0 ;2 ;4 ;0 ;24 ;
101 ;0 ;2 ;5 ;0 ;1 ;
101 ;0 ;2 ;6 ;0 ;91 ;
101 ;0 ;3 ;1 ;0 ;135 ;
101 ;0 ;3 ;2 ;0 ;11 ;
101 ;0 ;3 ;3 ;0 ;26 ;
101 ;0 ;3 ;4 ;0 ;61 ;
101 ;0 ;3 ;5 ;0 ;22 ;
101 ;0 ;3 ;6 ;0 ;45 ;
101 ;0 ;4 ;1 ;0 ;101 ;
101 ;0 ;4 ;2 ;0 ;7 ;
101 ;0 ;4 ;3 ;0 ;30 ;
101 ;0 ;4 ;4 ;0 ;105 ;
101 ;0 ;4 ;5 ;0 ;42 ;
101 ;0 ;4 ;6 ;0 ;99 ;
102 ;0 ;0 ;1 ;0 ;2 ;
102 ;0 ;0 ;2 ;0 ;27 ;
102 ;0 ;0 ;3 ;0 ;5 ;
102 ;0 ;0 ;4 ;0 ;68 ;
102 ;0 ;0 ;5 ;0 ;44 ;
102 ;0 ;1 ;1 ;0 ;143 ;
102 ;0 ;1 ;2 ;0 ;70 ;
102 ;0 ;1 ;3 ;0 ;113 ;
102 ;0 ;1 ;4 ;0 ;16 ;
102 ;0 ;1 ;5 ;0 ;138 ;
102 ;0 ;1 ;6 ;0 ;37 ;
103 ;0 ;0 ;2 ;0 ;33 ;
103 ;0 ;0 ;3 ;0 ;140 ;
103 ;0 ;0 ;4 ;0 ;31 ;
103 ;0 ;0 ;5 ;0 ;71 ;
103 ;0 ;1 ;1 ;0 ;14 ;
103 ;0 ;1 ;2 ;0 ;75 ;
103 ;0 ;1 ;3 ;0 ;59 ;
103 ;0 ;1 ;4 ;0 ;78 ;
103 ;0 ;1 ;5 ;0 ;20 ;
103 ;0 ;2 ;1 ;0 ;108 ;
103 ;0 ;2 ;2 ;0 ;86 ;
103 ;0 ;2 ;3 ;0 ;114 ;
103 ;0 ;2 ;4 ;0 ;73 ;
103 ;0 ;2 ;5 ;0 ;121 ;
103 ;0 ;2 ;6 ;0 ;122 ;
103 ;0 ;3 ;1 ;0 ;149 ;
103 ;0 ;3 ;2 ;0 ;123 ;
103 ;0 ;3 ;3 ;0 ;32 ;
103 ;0 ;3 ;4 ;0 ;63 ;
103 ;0 ;3 ;5 ;0 ;23 ;
103 ;0 ;3 ;6 ;0 ;84 ;
103 ;0 ;4 ;1 ;0 ;77 ;
103 ;0 ;4 ;2 ;0 ;4 ;
103 ;0 ;4 ;3 ;0 ;81 ;
103 ;0 ;4 ;4 ;0 ;112 ;
103 ;0 ;4 ;5 ;0 ;53 ;
103 ;0 ;4 ;6 ;0 ;62 ;
104 ;0 ;0 ;2 ;0 ;74 ;
104 ;0 ;0 ;3 ;0 ;35 ;
104 ;0 ;0 ;4 ;0 ;48 ;
104 ;0 ;0 ;5 ;0 ;80 ;
104 ;0 ;1 ;1 ;0 ;96 ;
104 ;0 ;1 ;2 ;0 ;117 ;
104 ;0 ;1 ;3 ;0 ;104 ;
104 ;0 ;1 ;4 ;0 ;89 ;
104 ;0 ;1 ;5 ;0 ;95 ;
104 ;0 ;2 ;1 ;0 ;54 ;
104 ;0 ;2 ;2 ;0 ;41 ;
104 ;0 ;2 ;3 ;0 ;36 ;
104 ;0 ;2 ;4 ;0 ;3 ;
104 ;0 ;2 ;5 ;0 ;88 ;
104 ;0 ;2 ;6 ;0 ;125 ;
105 ;0 ;0 ;1 ;0 ;61 ;
105 ;0 ;0 ;2 ;0 ;99 ;
105 ;0 ;0 ;3 ;0 ;101 ;
105 ;0 ;0 ;4 ;0 ;19 ;
105 ;0 ;0 ;5 ;0 ;22 ;
105 ;0 ;1 ;1 ;0 ;115 ;
105 ;0 ;1 ;2 ;0 ;26 ;
105 ;0 ;1 ;3 ;0 ;24 ;
105 ;0 ;1 ;4 ;0 ;17 ;
105 ;0 ;1 ;5 ;0 ;64 ;
105 ;0 ;1 ;6 ;0 ;91 ;
105 ;0 ;2 ;1 ;0 ;34 ;
105 ;0 ;2 ;2 ;0 ;7 ;
105 ;0 ;2 ;3 ;0 ;30 ;
105 ;0 ;2 ;4 ;0 ;93 ;
105 ;0 ;2 ;5 ;0 ;105 ;
105 ;0 ;2 ;6 ;0 ;45 ;
106 ;0 ;0 ;2 ;0 ;2 ;
106 ;0 ;0 ;3 ;0 ;5 ;
106 ;0 ;0 ;4 ;0 ;44 ;
106 ;0 ;0 ;5 ;0 ;70 ;
106 ;0 ;1 ;2 ;0 ;16 ;
106 ;0 ;1 ;3 ;0 ;113 ;
106 ;0 ;1 ;4 ;0 ;68 ;
106 ;0 ;1 ;5 ;0 ;37 ;
107 ;0 ;0 ;1 ;0 ;86 ;
107 ;0 ;0 ;2 ;0 ;14 ;
107 ;0 ;0 ;3 ;0 ;31 ;
107 ;0 ;0 ;4 ;0 ;114 ;
107 ;0 ;0 ;5 ;0 ;20 ;
107 ;0 ;1 ;1 ;0 ;71 ;
107 ;0 ;1 ;2 ;0 ;108 ;
107 ;0 ;1 ;3 ;0 ;75 ;
107 ;0 ;1 ;4 ;0 ;78 ;
107 ;0 ;1 ;5 ;0 ;84 ;
108 ;0 ;0 ;2 ;0 ;59 ;
108 ;0 ;0 ;3 ;0 ;149 ;
108 ;0 ;0 ;4 ;0 ;62 ;
108 ;0 ;1 ;2 ;0 ;122 ;
108 ;0 ;1 ;3 ;0 ;63 ;
108 ;0 ;1 ;4 ;0 ;73 ;
108 ;0 ;1 ;5 ;0 ;121 ;
108 ;0 ;2 ;1 ;0 ;4 ;
108 ;0 ;2 ;2 ;0 ;53 ;
108 ;0 ;2 ;3 ;0 ;112 ;
108 ;0 ;2 ;4 ;0 ;81 ;
108 ;0 ;2 ;5 ;0 ;77 ;
108 ;0 ;2 ;6 ;0 ;23 ;
109 ;0 ;0 ;1 ;0 ;96 ;
109 ;0 ;0 ;2 ;0 ;117 ;
109 ;0 ;0 ;3 ;0 ;80 ;
109 ;0 ;0 ;4 ;0 ;35 ;
109 ;0 ;0 ;5 ;0 ;125 ;
109 ;0 ;1 ;1 ;0 ;89 ;
109 ;0 ;1 ;2 ;0 ;54 ;
109 ;0 ;1 ;3 ;0 ;41 ;
109 ;0 ;1 ;4 ;0 ;36 ;
109 ;0 ;1 ;5 ;0 ;104 ;
110 ;0 ;0 ;3 ;0 ;3 ;
110 ;0 ;0 ;4 ;0 ;95 ;
111 ;0 ;0 ;1 ;0 ;100 ;
111 ;0 ;0 ;2 ;0 ;40 ;
111 ;0 ;0 ;3 ;0 ;92 ;
111 ;0 ;0 ;4 ;0 ;72 ;
111 ;0 ;0 ;5 ;0 ;46 ;
111 ;0 ;0 ;6 ;0 ;34 ;
111 ;0 ;1 ;1 ;0 ;101 ;
111 ;0 ;1 ;2 ;0 ;19 ;
111 ;0 ;1 ;3 ;0 ;39 ;
111 ;0 ;1 ;4 ;0 ;64 ;
111 ;0 ;1 ;5 ;0 ;47 ;
111 ;0 ;1 ;6 ;0 ;128 ;
111 ;0 ;2 ;1 ;0 ;42 ;
111 ;0 ;2 ;2 ;0 ;93 ;
111 ;0 ;2 ;3 ;0 ;26 ;
111 ;0 ;2 ;4 ;0 ;134 ;
111 ;0 ;2 ;5 ;0 ;24 ;
111 ;0 ;2 ;6 ;0 ;129 ;
111 ;0 ;3 ;1 ;0 ;1 ;
111 ;0 ;3 ;2 ;0 ;17 ;
111 ;0 ;3 ;3 ;0 ;11 ;
111 ;0 ;3 ;4 ;0 ;61 ;
111 ;0 ;3 ;5 ;0 ;135 ;
111 ;0 ;3 ;6 ;0 ;99 ;
111 ;0 ;4 ;1 ;0 ;22 ;
111 ;0 ;4 ;2 ;0 ;105 ;
111 ;0 ;4 ;3 ;0 ;7 ;
111 ;0 ;4 ;4 ;0 ;91 ;
111 ;0 ;4 ;5 ;0 ;30 ;
111 ;0 ;4 ;6 ;0 ;45 ;
112 ;0 ;0 ;2 ;0 ;2 ;
112 ;0 ;0 ;3 ;0 ;27 ;
112 ;0 ;0 ;4 ;0 ;68 ;
112 ;0 ;1 ;2 ;0 ;37 ;
112 ;0 ;1 ;3 ;0 ;113 ;
112 ;0 ;1 ;4 ;0 ;16 ;
112 ;0 ;1 ;5 ;0 ;44 ;
113 ;0 ;0 ;1 ;0 ;59 ;
113 ;0 ;0 ;2 ;0 ;75 ;
113 ;0 ;0 ;3 ;0 ;33 ;
113 ;0 ;0 ;4 ;0 ;140 ;
113 ;0 ;0 ;5 ;0 ;71 ;
113 ;0 ;1 ;1 ;0 ;84 ;
113 ;0 ;1 ;2 ;0 ;63 ;
113 ;0 ;1 ;3 ;0 ;108 ;
113 ;0 ;1 ;4 ;0 ;78 ;
113 ;0 ;1 ;5 ;0 ;114 ;
113 ;0 ;1 ;6 ;0 ;86 ;
113 ;0 ;2 ;1 ;0 ;73 ;
113 ;0 ;2 ;2 ;0 ;149 ;
113 ;0 ;2 ;3 ;0 ;122 ;
113 ;0 ;2 ;4 ;0 ;23 ;
113 ;0 ;2 ;5 ;0 ;121 ;
113 ;0 ;2 ;6 ;0 ;77 ;
113 ;0 ;3 ;1 ;0 ;32 ;
113 ;0 ;3 ;2 ;0 ;53 ;
113 ;0 ;3 ;3 ;0 ;112 ;
113 ;0 ;3 ;4 ;0 ;81 ;
113 ;0 ;3 ;5 ;0 ;4 ;
113 ;0 ;3 ;6 ;0 ;62 ;
114 ;0 ;0 ;1 ;0 ;104 ;
114 ;0 ;0 ;2 ;0 ;95 ;
114 ;0 ;0 ;3 ;0 ;88 ;
114 ;0 ;0 ;4 ;0 ;35 ;
114 ;0 ;0 ;5 ;0 ;125 ;
114 ;0 ;1 ;1 ;0 ;89 ;
114 ;0 ;1 ;2 ;0 ;41 ;
114 ;0 ;1 ;3 ;0 ;3 ;
114 ;0 ;1 ;4 ;0 ;36 ;
114 ;0 ;1 ;5 ;0 ;54 ;
201 ;0 ;0 ;1 ;0 ;6 ;
201 ;0 ;0 ;2 ;0 ;133 ;
201 ;0 ;0 ;3 ;0 ;94 ;
201 ;0 ;0 ;4 ;0 ;148 ;
201 ;0 ;0 ;5 ;0 ;97 ;
201 ;0 ;1 ;1 ;0 ;38 ;
201 ;0 ;1 ;2 ;0 ;25 ;
201 ;0 ;1 ;3 ;0 ;137 ;
201 ;0 ;1 ;4 ;0 ;136 ;
201 ;0 ;1 ;5 ;0 ;58 ;
201 ;0 ;1 ;6 ;0 ;9 ;
202 ;0 ;0 ;1 ;0 ;79 ;
202 ;0 ;0 ;2 ;0 ;141 ;
202 ;0 ;0 ;3 ;0 ;119 ;
202 ;0 ;0 ;4 ;0 ;120 ;
202 ;0 ;0 ;5 ;0 ;60 ;
202 ;0 ;0 ;6 ;0 ;87 ;
203 ;0 ;0 ;2 ;0 ;100 ;
203 ;0 ;0 ;3 ;0 ;72 ;
203 ;0 ;0 ;4 ;0 ;46 ;
203 ;0 ;0 ;5 ;0 ;34 ;
203 ;0 ;1 ;2 ;0 ;99 ;
203 ;0 ;1 ;3 ;0 ;139 ;
203 ;0 ;1 ;4 ;0 ;19 ;
203 ;0 ;1 ;5 ;0 ;64 ;
203 ;0 ;2 ;1 ;0 ;47 ;
203 ;0 ;2 ;2 ;0 ;93 ;
203 ;0 ;2 ;3 ;0 ;134 ;
203 ;0 ;2 ;4 ;0 ;17 ;
203 ;0 ;2 ;5 ;0 ;61 ;
203 ;0 ;2 ;6 ;0 ;11 ;
203 ;0 ;3 ;1 ;0 ;1 ;
203 ;0 ;3 ;2 ;0 ;26 ;
203 ;0 ;3 ;3 ;0 ;92 ;
203 ;0 ;3 ;4 ;0 ;135 ;
203 ;0 ;3 ;5 ;0 ;22 ;
203 ;0 ;3 ;6 ;0 ;42 ;
203 ;0 ;4 ;1 ;0 ;101 ;
203 ;0 ;4 ;2 ;0 ;7 ;
203 ;0 ;4 ;3 ;0 ;30 ;
203 ;0 ;4 ;4 ;0 ;91 ;
203 ;0 ;4 ;5 ;0 ;105 ;
203 ;0 ;4 ;6 ;0 ;45 ;
204 ;0 ;0 ;1 ;0 ;2 ;
204 ;0 ;0 ;2 ;0 ;5 ;
204 ;0 ;0 ;3 ;0 ;68 ;
204 ;0 ;0 ;4 ;0 ;44 ;
204 ;0 ;0 ;5 ;0 ;57 ;
204 ;0 ;1 ;1 ;0 ;138 ;
204 ;0 ;1 ;2 ;0 ;37 ;
204 ;0 ;1 ;3 ;0 ;113 ;
204 ;0 ;1 ;4 ;0 ;16 ;
204 ;0 ;1 ;5 ;0 ;70 ;
204 ;0 ;1 ;6 ;0 ;143 ;
205 ;0 ;0 ;1 ;0 ;21 ;
205 ;0 ;0 ;2 ;0 ;10 ;
205 ;0 ;0 ;3 ;0 ;50 ;
205 ;0 ;0 ;4 ;0 ;15 ;
205 ;0 ;0 ;5 ;0 ;52 ;
205 ;0 ;1 ;1 ;0 ;146 ;
205 ;0 ;1 ;2 ;0 ;69 ;
205 ;0 ;1 ;3 ;0 ;132 ;
205 ;0 ;1 ;4 ;0 ;111 ;
205 ;0 ;1 ;5 ;0 ;131 ;
205 ;0 ;2 ;1 ;0 ;51 ;
205 ;0 ;2 ;2 ;0 ;110 ;
205 ;0 ;2 ;3 ;0 ;43 ;
205 ;0 ;2 ;4 ;0 ;130 ;
205 ;0 ;2 ;5 ;0 ;66 ;
205 ;0 ;2 ;6 ;0 ;85 ;
206 ;0 ;0 ;1 ;0 ;90 ;
206 ;0 ;0 ;2 ;0 ;145 ;
206 ;0 ;0 ;3 ;0 ;107 ;
206 ;0 ;0 ;4 ;0 ;142 ;
206 ;0 ;1 ;1 ;0 ;127 ;
206 ;0 ;1 ;2 ;0 ;118 ;
206 ;0 ;1 ;3 ;0 ;83 ;
206 ;0 ;1 ;4 ;0 ;18 ;
206 ;0 ;1 ;5 ;0 ;13 ;
206 ;0 ;2 ;1 ;0 ;144 ;
206 ;0 ;2 ;2 ;0 ;126 ;
206 ;0 ;2 ;3 ;0 ;65 ;
206 ;0 ;2 ;4 ;0 ;76 ;
206 ;0 ;2 ;5 ;0 ;28 ;
206 ;0 ;2 ;6 ;0 ;29 ;
207 ;0 ;0 ;1 ;0 ;34 ;
207 ;0 ;0 ;2 ;0 ;99 ;
207 ;0 ;0 ;3 ;0 ;101 ;
207 ;0 ;0 ;4 ;0 ;22 ;
207 ;0 ;0 ;5 ;0 ;115 ;
207 ;0 ;1 ;1 ;0 ;42 ;
207 ;0 ;1 ;2 ;0 ;93 ;
207 ;0 ;1 ;3 ;0 ;26 ;
207 ;0 ;1 ;4 ;0 ;91 ;
207 ;0 ;1 ;5 ;0 ;135 ;
207 ;0 ;2 ;1 ;0 ;45 ;
207 ;0 ;2 ;2 ;0 ;7 ;
207 ;0 ;2 ;3 ;0 ;30 ;
207 ;0 ;2 ;4 ;0 ;19 ;
207 ;0 ;2 ;5 ;0 ;105 ;
207 ;0 ;2 ;6 ;0 ;11 ;
208 ;0 ;0 ;2 ;0 ;2 ;
208 ;0 ;0 ;3 ;0 ;16 ;
208 ;0 ;0 ;4 ;0 ;44 ;
208 ;0 ;1 ;2 ;0 ;57 ;
208 ;0 ;1 ;3 ;0 ;68 ;
208 ;0 ;1 ;4 ;0 ;113 ;
208 ;0 ;1 ;5 ;0 ;37 ;
209 ;0 ;0 ;1 ;0 ;124 ;
209 ;0 ;0 ;2 ;0 ;94 ;
209 ;0 ;0 ;3 ;0 ;133 ;
209 ;0 ;0 ;4 ;0 ;148 ;
209 ;0 ;0 ;5 ;0 ;9 ;
209 ;0 ;1 ;1 ;0 ;97 ;
209 ;0 ;1 ;2 ;0 ;25 ;
209 ;0 ;1 ;3 ;0 ;136 ;
209 ;0 ;1 ;4 ;0 ;137 ;
209 ;0 ;1 ;5 ;0 ;38 ;
209 ;0 ;1 ;6 ;0 ;58 ;
210 ;0 ;0 ;1 ;0 ;79 ;
210 ;0 ;0 ;2 ;0 ;120 ;
210 ;0 ;0 ;3 ;0 ;119 ;
210 ;0 ;0 ;4 ;0 ;60 ;
210 ;0 ;0 ;5 ;0 ;116 ;
210 ;0 ;0 ;6 ;0 ;87 ;
211 ;0 ;0 ;1 ;0 ;92 ;
211 ;0 ;0 ;2 ;0 ;61 ;
211 ;0 ;0 ;3 ;0 ;72 ;
211 ;0 ;0 ;4 ;0 ;34 ;
211 ;0 ;0 ;5 ;0 ;19 ;
211 ;0 ;1 ;1 ;0 ;22 ;
211 ;0 ;1 ;2 ;0 ;64 ;
211 ;0 ;1 ;3 ;0 ;105 ;
211 ;0 ;1 ;4 ;0 ;42 ;
211 ;0 ;1 ;5 ;0 ;93 ;
211 ;0 ;2 ;1 ;0 ;26 ;
211 ;0 ;2 ;2 ;0 ;101 ;
211 ;0 ;2 ;3 ;0 ;30 ;
211 ;0 ;2 ;4 ;0 ;7 ;
211 ;0 ;2 ;5 ;0 ;91 ;
211 ;0 ;2 ;6 ;0 ;45 ;
212 ;0 ;0 ;2 ;0 ;2 ;
212 ;0 ;0 ;3 ;0 ;16 ;
212 ;0 ;0 ;4 ;0 ;68 ;
212 ;0 ;0 ;5 ;0 ;44 ;
212 ;0 ;1 ;2 ;0 ;70 ;
212 ;0 ;1 ;3 ;0 ;113 ;
212 ;0 ;1 ;4 ;0 ;57 ;
212 ;0 ;1 ;5 ;0 ;37 ;
213 ;0 ;0 ;1 ;0 ;6 ;
213 ;0 ;0 ;2 ;0 ;124 ;
213 ;0 ;0 ;3 ;0 ;94 ;
213 ;0 ;0 ;4 ;0 ;58 ;
213 ;0 ;0 ;5 ;0 ;148 ;
213 ;0 ;1 ;1 ;0 ;9 ;
213 ;0 ;1 ;2 ;0 ;137 ;
213 ;0 ;1 ;3 ;0 ;136 ;
213 ;0 ;1 ;4 ;0 ;25 ;
213 ;0 ;1 ;5 ;0 ;38 ;
214 ;0 ;0 ;1 ;0 ;102 ;
214 ;0 ;0 ;2 ;0 ;119 ;
214 ;0 ;0 ;3 ;0 ;60 ;
214 ;0 ;0 ;4 ;0 ;120 ;
214 ;0 ;0 ;5 ;0 ;141 ;
214 ;0 ;0 ;6 ;0 ;79 ;
301 ;0 ;0 ;1 ;0 ;33 ;
301 ;0 ;0 ;2 ;0 ;31 ;
301 ;0 ;0 ;3 ;0 ;12 ;
301 ;0 ;0 ;4 ;0 ;108 ;
301 ;0 ;0 ;5 ;0 ;75 ;
301 ;0 ;1 ;1 ;0 ;86 ;
301 ;0 ;1 ;2 ;0 ;114 ;
301 ;0 ;1 ;3 ;0 ;63 ;
301 ;0 ;1 ;4 ;0 ;59 ;
301 ;0 ;1 ;5 ;0 ;78 ;
301 ;0 ;2 ;1 ;0 ;122 ;
301 ;0 ;2 ;2 ;0 ;73 ;
301 ;0 ;2 ;3 ;0 ;123 ;
301 ;0 ;2 ;4 ;0 ;23 ;
301 ;0 ;2 ;5 ;0 ;149 ;
301 ;0 ;2 ;6 ;0 ;77 ;
301 ;0 ;3 ;1 ;0 ;84 ;
301 ;0 ;3 ;2 ;0 ;53 ;
301 ;0 ;3 ;3 ;0 ;81 ;
301 ;0 ;3 ;4 ;0 ;112 ;
301 ;0 ;3 ;5 ;0 ;4 ;
301 ;0 ;3 ;6 ;0 ;62 ;
302 ;0 ;0 ;2 ;0 ;80 ;
302 ;0 ;0 ;3 ;0 ;74 ;
302 ;0 ;0 ;4 ;0 ;35 ;
302 ;0 ;0 ;5 ;0 ;48 ;
302 ;0 ;1 ;2 ;0 ;96 ;
302 ;0 ;1 ;3 ;0 ;117 ;
302 ;0 ;1 ;4 ;0 ;104 ;
302 ;0 ;1 ;5 ;0 ;125 ;
302 ;0 ;2 ;1 ;0 ;89 ;
302 ;0 ;2 ;2 ;0 ;54 ;
302 ;0 ;2 ;3 ;0 ;41 ;
302 ;0 ;2 ;4 ;0 ;3 ;
302 ;0 ;2 ;5 ;0 ;36 ;
302 ;0 ;2 ;6 ;0 ;88 ;
303 ;0 ;0 ;1 ;0 ;6 ;
303 ;0 ;0 ;2 ;0 ;124 ;
303 ;0 ;0 ;3 ;0 ;9 ;
303 ;0 ;0 ;4 ;0 ;148 ;
303 ;0 ;0 ;5 ;0 ;97 ;
303 ;0 ;1 ;1 ;0 ;38 ;
303 ;0 ;1 ;2 ;0 ;25 ;
303 ;0 ;1 ;3 ;0 ;136 ;
303 ;0 ;1 ;4 ;0 ;137 ;
303 ;0 ;1 ;5 ;0 ;58 ;
304 ;0 ;0 ;1 ;0 ;87 ;
304 ;0 ;0 ;2 ;0 ;116 ;
304 ;0 ;0 ;3 ;0 ;79 ;
304 ;0 ;0 ;4 ;0 ;147 ;
304 ;0 ;0 ;5 ;0 ;8 ;
304 ;0 ;1 ;1 ;0 ;141 ;
304 ;0 ;1 ;2 ;0 ;106 ;
304 ;0 ;1 ;3 ;0 ;119 ;
304 ;0 ;1 ;4 ;0 ;120 ;
304 ;0 ;1 ;5 ;0 ;60 ;
304 ;0 ;1 ;6 ;0 ;109 ;
305 ;0 ;0 ;1 ;0 ;12 ;
305 ;0 ;0 ;2 ;0 ;114 ;
305 ;0 ;0 ;3 ;0 ;122 ;
305 ;0 ;0 ;4 ;0 ;84 ;
305 ;0 ;0 ;5 ;0 ;63 ;
305 ;0 ;1 ;1 ;0 ;78 ;
305 ;0 ;1 ;2 ;0 ;59 ;
305 ;0 ;1 ;3 ;0 ;149 ;
305 ;0 ;1 ;4 ;0 ;73 ;
305 ;0 ;1 ;5 ;0 ;32 ;
305 ;0 ;1 ;6 ;0 ;23 ;
305 ;0 ;2 ;1 ;0 ;4 ;
305 ;0 ;2 ;2 ;0 ;77 ;
305 ;0 ;2 ;3 ;0 ;81 ;
305 ;0 ;2 ;4 ;0 ;112 ;
305 ;0 ;2 ;5 ;0 ;53 ;
305 ;0 ;2 ;6 ;0 ;62 ;
306 ;0 ;0 ;1 ;0 ;80 ;
306 ;0 ;0 ;2 ;0 ;88 ;
306 ;0 ;0 ;3 ;0 ;48 ;
306 ;0 ;0 ;4 ;0 ;96 ;
306 ;0 ;0 ;5 ;0 ;104 ;
306 ;0 ;1 ;1 ;0 ;89 ;
306 ;0 ;1 ;2 ;0 ;41 ;
306 ;0 ;1 ;3 ;0 ;3 ;
306 ;0 ;1 ;4 ;0 ;36 ;
306 ;0 ;1 ;5 ;0 ;54 ;
306 ;0 ;1 ;6 ;0 ;125 ;
307 ;0 ;0 ;3 ;0 ;25 ;
307 ;0 ;0 ;4 ;0 ;116 ;
308 ;0 ;0 ;1 ;0 ;58 ;
308 ;0 ;0 ;2 ;0 ;38 ;
308 ;0 ;0 ;3 ;0 ;137 ;
308 ;0 ;0 ;4 ;0 ;136 ;
308 ;0 ;0 ;5 ;0 ;9 ;
308 ;0 ;0 ;6 ;0 ;133 ;
310 ;0 ;0 ;1 ;0 ;102 ;
310 ;0 ;0 ;2 ;0 ;79 ;
310 ;0 ;0 ;3 ;0 ;8 ;
310 ;0 ;0 ;4 ;0 ;147 ;
310 ;0 ;0 ;5 ;0 ;109 ;
310 ;0 ;1 ;1 ;0 ;106 ;
310 ;0 ;1 ;2 ;0 ;141 ;
310 ;0 ;1 ;3 ;0 ;60 ;
310 ;0 ;1 ;4 ;0 ;119 ;
310 ;0 ;1 ;5 ;0 ;120 ;
311 ;0 ;0 ;1 ;0 ;33 ;
311 ;0 ;0 ;2 ;0 ;71 ;
311 ;0 ;0 ;3 ;0 ;108 ;
311 ;0 ;0 ;4 ;0 ;75 ;
311 ;0 ;0 ;5 ;0 ;12 ;
311 ;0 ;1 ;1 ;0 ;59 ;
311 ;0 ;1 ;2 ;0 ;63 ;
311 ;0 ;1 ;3 ;0 ;73 ;
311 ;0 ;1 ;4 ;0 ;78 ;
311 ;0 ;1 ;5 ;0 ;114 ;
311 ;0 ;1 ;6 ;0 ;20 ;
311 ;0 ;2 ;1 ;0 ;123 ;
311 ;0 ;2 ;2 ;0 ;149 ;
311 ;0 ;2 ;3 ;0 ;62 ;
311 ;0 ;2 ;4 ;0 ;32 ;
311 ;0 ;2 ;5 ;0 ;122 ;
311 ;0 ;2 ;6 ;0 ;77 ;
311 ;0 ;3 ;1 ;0 ;84 ;
311 ;0 ;3 ;2 ;0 ;4 ;
311 ;0 ;3 ;3 ;0 ;81 ;
311 ;0 ;3 ;4 ;0 ;112 ;
311 ;0 ;3 ;5 ;0 ;53 ;
311 ;0 ;3 ;6 ;0 ;23 ;
312 ;0 ;0 ;2 ;0 ;117 ;
312 ;0 ;0 ;3 ;0 ;80 ;
312 ;0 ;0 ;4 ;0 ;74 ;
312 ;0 ;0 ;5 ;0 ;35 ;
312 ;0 ;1 ;2 ;0 ;48 ;
312 ;0 ;1 ;3 ;0 ;96 ;
312 ;0 ;1 ;4 ;0 ;89 ;
312 ;0 ;1 ;5 ;0 ;54 ;
312 ;0 ;2 ;1 ;0 ;125 ;
312 ;0 ;2 ;2 ;0 ;3 ;
312 ;0 ;2 ;3 ;0 ;36 ;
312 ;0 ;2 ;4 ;0 ;41 ;
312 ;0 ;2 ;5 ;0 ;88 ;
312 ;0 ;2 ;6 ;0 ;104 ;
313 ;0 ;0 ;1 ;0 ;133 ;
313 ;0 ;0 ;2 ;0 ;6 ;
313 ;0 ;0 ;3 ;0 ;148 ;
313 ;0 ;0 ;4 ;0 ;9 ;
313 ;0 ;0 ;5 ;0 ;97 ;
313 ;0 ;1 ;1 ;0 ;38 ;
313 ;0 ;1 ;2 ;0 ;137 ;
313 ;0 ;1 ;3 ;0 ;25 ;
313 ;0 ;1 ;4 ;0 ;58 ;
313 ;0 ;1 ;5 ;0 ;136 ;
314 ;0 ;0 ;2 ;0 ;79 ;
314 ;0 ;0 ;3 ;0 ;102 ;
314 ;0 ;0 ;4 ;0 ;8 ;
314 ;0 ;0 ;5 ;0 ;147 ;
314 ;0 ;1 ;1 ;0 ;141 ;
314 ;0 ;1 ;2 ;0 ;109 ;
314 ;0 ;1 ;3 ;0 ;120 ;
314 ;0 ;1 ;4 ;0 ;119 ;
314 ;0 ;1 ;5 ;0 ;60 ;
