event; round;heat;lane;relais;idBib;
101 ;0 ;0 ;1 ;0 ;85 ;
101 ;0 ;0 ;2 ;0 ;197 ;
101 ;0 ;0 ;3 ;0 ;112 ;
101 ;0 ;0 ;4 ;0 ;326 ;
101 ;0 ;0 ;5 ;0 ;307 ;
101 ;0 ;1 ;1 ;0 ;60 ;
101 ;0 ;1 ;2 ;0 ;151 ;
101 ;0 ;1 ;3 ;0 ;311 ;
101 ;0 ;1 ;4 ;0 ;72 ;
101 ;0 ;1 ;5 ;0 ;15 ;
101 ;0 ;1 ;6 ;0 ;278 ;
101 ;0 ;2 ;1 ;0 ;316 ;
101 ;0 ;2 ;2 ;0 ;285 ;
101 ;0 ;2 ;3 ;0 ;327 ;
101 ;0 ;2 ;4 ;0 ;155 ;
101 ;0 ;2 ;5 ;0 ;84 ;
101 ;0 ;2 ;6 ;0 ;11 ;
101 ;0 ;3 ;1 ;0 ;176 ;
101 ;0 ;3 ;2 ;0 ;156 ;
101 ;0 ;3 ;3 ;0 ;67 ;
101 ;0 ;3 ;4 ;0 ;304 ;
101 ;0 ;3 ;5 ;0 ;369 ;
101 ;0 ;3 ;6 ;0 ;310 ;
101 ;0 ;4 ;1 ;0 ;355 ;
101 ;0 ;4 ;2 ;0 ;216 ;
101 ;0 ;4 ;3 ;0 ;325 ;
101 ;0 ;4 ;4 ;0 ;106 ;
101 ;0 ;4 ;5 ;0 ;128 ;
101 ;0 ;4 ;6 ;0 ;370 ;
101 ;0 ;5 ;1 ;0 ;7 ;
101 ;0 ;5 ;2 ;0 ;250 ;
101 ;0 ;5 ;3 ;0 ;287 ;
101 ;0 ;5 ;4 ;0 ;172 ;
101 ;0 ;5 ;5 ;0 ;314 ;
101 ;0 ;5 ;6 ;0 ;184 ;
101 ;0 ;6 ;1 ;0 ;351 ;
101 ;0 ;6 ;2 ;0 ;52 ;
101 ;0 ;6 ;3 ;0 ;90 ;
101 ;0 ;6 ;4 ;0 ;375 ;
101 ;0 ;6 ;5 ;0 ;347 ;
101 ;0 ;6 ;6 ;0 ;286 ;
101 ;0 ;7 ;1 ;0 ;388 ;
101 ;0 ;7 ;2 ;0 ;212 ;
101 ;0 ;7 ;3 ;0 ;247 ;
101 ;0 ;7 ;4 ;0 ;245 ;
101 ;0 ;7 ;5 ;0 ;366 ;
101 ;0 ;7 ;6 ;0 ;276 ;
101 ;0 ;8 ;1 ;0 ;290 ;
101 ;0 ;8 ;2 ;0 ;13 ;
101 ;0 ;8 ;3 ;0 ;293 ;
101 ;0 ;8 ;4 ;0 ;61 ;
101 ;0 ;8 ;5 ;0 ;296 ;
101 ;0 ;8 ;6 ;0 ;130 ;
101 ;0 ;9 ;1 ;0 ;183 ;
101 ;0 ;9 ;2 ;0 ;274 ;
101 ;0 ;9 ;3 ;0 ;157 ;
101 ;0 ;9 ;4 ;0 ;372 ;
101 ;0 ;9 ;5 ;0 ;56 ;
101 ;0 ;9 ;6 ;0 ;334 ;
101 ;0 ;10 ;1 ;0 ;235 ;
101 ;0 ;10 ;2 ;0 ;246 ;
101 ;0 ;10 ;3 ;0 ;71 ;
101 ;0 ;10 ;4 ;0 ;251 ;
101 ;0 ;10 ;5 ;0 ;91 ;
101 ;0 ;10 ;6 ;0 ;301 ;
102 ;0 ;0 ;1 ;0 ;173 ;
102 ;0 ;0 ;2 ;0 ;83 ;
102 ;0 ;0 ;3 ;0 ;95 ;
102 ;0 ;0 ;4 ;0 ;223 ;
102 ;0 ;0 ;5 ;0 ;207 ;
102 ;0 ;1 ;1 ;0 ;104 ;
102 ;0 ;1 ;2 ;0 ;78 ;
102 ;0 ;1 ;3 ;0 ;62 ;
102 ;0 ;1 ;4 ;0 ;277 ;
102 ;0 ;1 ;5 ;0 ;203 ;
102 ;0 ;2 ;1 ;0 ;189 ;
102 ;0 ;2 ;2 ;0 ;201 ;
102 ;0 ;2 ;3 ;0 ;124 ;
102 ;0 ;2 ;4 ;0 ;328 ;
102 ;0 ;2 ;5 ;0 ;185 ;
102 ;0 ;2 ;6 ;0 ;284 ;
102 ;0 ;3 ;1 ;0 ;226 ;
102 ;0 ;3 ;2 ;0 ;79 ;
102 ;0 ;3 ;3 ;0 ;213 ;
102 ;0 ;3 ;4 ;0 ;230 ;
102 ;0 ;3 ;5 ;0 ;352 ;
102 ;0 ;3 ;6 ;0 ;343 ;
102 ;0 ;4 ;1 ;0 ;94 ;
102 ;0 ;4 ;2 ;0 ;332 ;
102 ;0 ;4 ;3 ;0 ;333 ;
102 ;0 ;4 ;4 ;0 ;171 ;
102 ;0 ;4 ;5 ;0 ;208 ;
102 ;0 ;4 ;6 ;0 ;267 ;
102 ;0 ;5 ;1 ;0 ;166 ;
102 ;0 ;5 ;2 ;0 ;134 ;
102 ;0 ;5 ;3 ;0 ;209 ;
102 ;0 ;5 ;4 ;0 ;205 ;
102 ;0 ;5 ;5 ;0 ;77 ;
102 ;0 ;5 ;6 ;0 ;215 ;
102 ;0 ;6 ;1 ;0 ;190 ;
102 ;0 ;6 ;2 ;0 ;12 ;
102 ;0 ;6 ;3 ;0 ;234 ;
102 ;0 ;6 ;4 ;0 ;73 ;
102 ;0 ;6 ;5 ;0 ;89 ;
102 ;0 ;6 ;6 ;0 ;299 ;
102 ;0 ;7 ;1 ;0 ;360 ;
102 ;0 ;7 ;2 ;0 ;211 ;
102 ;0 ;7 ;3 ;0 ;49 ;
102 ;0 ;7 ;4 ;0 ;82 ;
102 ;0 ;7 ;5 ;0 ;248 ;
102 ;0 ;7 ;6 ;0 ;348 ;
102 ;0 ;8 ;1 ;0 ;363 ;
102 ;0 ;8 ;2 ;0 ;380 ;
102 ;0 ;8 ;3 ;0 ;339 ;
102 ;0 ;8 ;4 ;0 ;198 ;
102 ;0 ;8 ;5 ;0 ;5 ;
102 ;0 ;8 ;6 ;0 ;64 ;
102 ;0 ;9 ;1 ;0 ;75 ;
102 ;0 ;9 ;2 ;0 ;164 ;
102 ;0 ;9 ;3 ;0 ;129 ;
102 ;0 ;9 ;4 ;0 ;163 ;
102 ;0 ;9 ;5 ;0 ;254 ;
102 ;0 ;9 ;6 ;0 ;177 ;
102 ;0 ;10 ;1 ;0 ;357 ;
102 ;0 ;10 ;2 ;0 ;324 ;
102 ;0 ;10 ;3 ;0 ;350 ;
102 ;0 ;10 ;4 ;0 ;206 ;
102 ;0 ;10 ;5 ;0 ;240 ;
102 ;0 ;10 ;6 ;0 ;21 ;
102 ;0 ;11 ;1 ;0 ;313 ;
102 ;0 ;11 ;2 ;0 ;54 ;
102 ;0 ;11 ;3 ;0 ;136 ;
102 ;0 ;11 ;4 ;0 ;265 ;
102 ;0 ;11 ;5 ;0 ;318 ;
102 ;0 ;11 ;6 ;0 ;243 ;
102 ;0 ;12 ;1 ;0 ;143 ;
102 ;0 ;12 ;2 ;0 ;200 ;
102 ;0 ;12 ;3 ;0 ;105 ;
102 ;0 ;12 ;4 ;0 ;69 ;
102 ;0 ;12 ;5 ;0 ;268 ;
102 ;0 ;12 ;6 ;0 ;55 ;
102 ;0 ;13 ;1 ;0 ;137 ;
102 ;0 ;13 ;2 ;0 ;103 ;
102 ;0 ;13 ;3 ;0 ;275 ;
102 ;0 ;13 ;4 ;0 ;148 ;
102 ;0 ;14 ;1 ;0 ;99 ;
102 ;0 ;14 ;2 ;0 ;100 ;
102 ;0 ;14 ;3 ;0 ;354 ;
102 ;0 ;14 ;4 ;0 ;292 ;
102 ;0 ;14 ;5 ;0 ;210 ;
102 ;0 ;14 ;6 ;0 ;131 ;
102 ;0 ;15 ;4 ;0 ;302 ;
102 ;0 ;15 ;5 ;0 ;113 ;
102 ;0 ;15 ;6 ;0 ;111 ;
103 ;0 ;0 ;1 ;0 ;221 ;
103 ;0 ;0 ;2 ;0 ;11 ;
103 ;0 ;0 ;3 ;0 ;259 ;
103 ;0 ;0 ;4 ;0 ;115 ;
103 ;0 ;0 ;5 ;0 ;60 ;
103 ;0 ;1 ;1 ;0 ;197 ;
103 ;0 ;1 ;2 ;0 ;285 ;
103 ;0 ;1 ;3 ;0 ;330 ;
103 ;0 ;1 ;4 ;0 ;155 ;
103 ;0 ;1 ;5 ;0 ;325 ;
103 ;0 ;1 ;6 ;0 ;85 ;
103 ;0 ;2 ;1 ;0 ;7 ;
103 ;0 ;2 ;2 ;0 ;311 ;
103 ;0 ;2 ;3 ;0 ;156 ;
103 ;0 ;2 ;4 ;0 ;151 ;
103 ;0 ;2 ;5 ;0 ;278 ;
103 ;0 ;2 ;6 ;0 ;15 ;
103 ;0 ;3 ;1 ;0 ;128 ;
103 ;0 ;3 ;2 ;0 ;304 ;
103 ;0 ;3 ;3 ;0 ;263 ;
103 ;0 ;3 ;4 ;0 ;287 ;
103 ;0 ;3 ;5 ;0 ;52 ;
103 ;0 ;3 ;6 ;0 ;307 ;
103 ;0 ;4 ;1 ;0 ;366 ;
103 ;0 ;4 ;2 ;0 ;72 ;
103 ;0 ;4 ;3 ;0 ;245 ;
103 ;0 ;4 ;4 ;0 ;236 ;
103 ;0 ;4 ;5 ;0 ;67 ;
103 ;0 ;4 ;6 ;0 ;355 ;
103 ;0 ;5 ;1 ;0 ;370 ;
103 ;0 ;5 ;2 ;0 ;112 ;
103 ;0 ;5 ;3 ;0 ;327 ;
103 ;0 ;5 ;4 ;0 ;90 ;
103 ;0 ;5 ;5 ;0 ;326 ;
103 ;0 ;5 ;6 ;0 ;172 ;
103 ;0 ;6 ;1 ;0 ;310 ;
103 ;0 ;6 ;2 ;0 ;253 ;
103 ;0 ;6 ;3 ;0 ;347 ;
103 ;0 ;6 ;4 ;0 ;375 ;
103 ;0 ;6 ;5 ;0 ;290 ;
103 ;0 ;6 ;6 ;0 ;61 ;
103 ;0 ;7 ;1 ;0 ;276 ;
103 ;0 ;7 ;2 ;0 ;106 ;
103 ;0 ;7 ;3 ;0 ;17 ;
103 ;0 ;7 ;4 ;0 ;216 ;
103 ;0 ;7 ;5 ;0 ;369 ;
103 ;0 ;7 ;6 ;0 ;212 ;
103 ;0 ;8 ;1 ;0 ;305 ;
103 ;0 ;8 ;2 ;0 ;388 ;
103 ;0 ;8 ;3 ;0 ;301 ;
103 ;0 ;8 ;4 ;0 ;247 ;
103 ;0 ;8 ;5 ;0 ;367 ;
103 ;0 ;8 ;6 ;0 ;372 ;
103 ;0 ;9 ;1 ;0 ;235 ;
103 ;0 ;9 ;2 ;0 ;91 ;
103 ;0 ;9 ;3 ;0 ;296 ;
103 ;0 ;9 ;4 ;0 ;252 ;
103 ;0 ;9 ;5 ;0 ;251 ;
103 ;0 ;9 ;6 ;0 ;56 ;
103 ;0 ;10 ;1 ;0 ;130 ;
103 ;0 ;10 ;2 ;0 ;71 ;
103 ;0 ;10 ;3 ;0 ;218 ;
103 ;0 ;10 ;4 ;0 ;373 ;
103 ;0 ;10 ;5 ;0 ;204 ;
103 ;0 ;10 ;6 ;0 ;334 ;
104 ;0 ;0 ;2 ;0 ;328 ;
104 ;0 ;0 ;3 ;0 ;94 ;
104 ;0 ;0 ;4 ;0 ;238 ;
104 ;0 ;0 ;5 ;0 ;173 ;
104 ;0 ;1 ;1 ;0 ;189 ;
104 ;0 ;1 ;2 ;0 ;332 ;
104 ;0 ;1 ;3 ;0 ;277 ;
104 ;0 ;1 ;4 ;0 ;230 ;
104 ;0 ;1 ;5 ;0 ;223 ;
104 ;0 ;2 ;1 ;0 ;217 ;
104 ;0 ;2 ;2 ;0 ;213 ;
104 ;0 ;2 ;3 ;0 ;107 ;
104 ;0 ;2 ;4 ;0 ;132 ;
104 ;0 ;2 ;5 ;0 ;208 ;
104 ;0 ;2 ;6 ;0 ;299 ;
104 ;0 ;3 ;1 ;0 ;82 ;
104 ;0 ;3 ;2 ;0 ;361 ;
104 ;0 ;3 ;3 ;0 ;265 ;
104 ;0 ;3 ;4 ;0 ;177 ;
104 ;0 ;3 ;5 ;0 ;333 ;
104 ;0 ;3 ;6 ;0 ;254 ;
104 ;0 ;4 ;1 ;0 ;134 ;
104 ;0 ;4 ;2 ;0 ;209 ;
104 ;0 ;4 ;3 ;0 ;205 ;
104 ;0 ;4 ;4 ;0 ;215 ;
104 ;0 ;4 ;5 ;0 ;166 ;
104 ;0 ;4 ;6 ;0 ;198 ;
104 ;0 ;5 ;1 ;0 ;374 ;
104 ;0 ;5 ;2 ;0 ;318 ;
104 ;0 ;5 ;3 ;0 ;343 ;
104 ;0 ;5 ;4 ;0 ;138 ;
104 ;0 ;5 ;5 ;0 ;171 ;
104 ;0 ;5 ;6 ;0 ;352 ;
104 ;0 ;6 ;1 ;0 ;190 ;
104 ;0 ;6 ;2 ;0 ;129 ;
104 ;0 ;6 ;3 ;0 ;234 ;
104 ;0 ;6 ;4 ;0 ;149 ;
104 ;0 ;6 ;5 ;0 ;64 ;
104 ;0 ;6 ;6 ;0 ;211 ;
104 ;0 ;7 ;1 ;0 ;312 ;
104 ;0 ;7 ;2 ;0 ;21 ;
104 ;0 ;7 ;3 ;0 ;141 ;
104 ;0 ;7 ;4 ;0 ;54 ;
104 ;0 ;7 ;5 ;0 ;363 ;
104 ;0 ;7 ;6 ;0 ;268 ;
104 ;0 ;8 ;1 ;0 ;329 ;
104 ;0 ;8 ;2 ;0 ;322 ;
104 ;0 ;8 ;3 ;0 ;146 ;
104 ;0 ;8 ;4 ;0 ;240 ;
104 ;0 ;8 ;5 ;0 ;350 ;
104 ;0 ;8 ;6 ;0 ;147 ;
104 ;0 ;9 ;1 ;0 ;281 ;
104 ;0 ;9 ;2 ;0 ;210 ;
104 ;0 ;9 ;3 ;0 ;201 ;
104 ;0 ;9 ;4 ;0 ;275 ;
104 ;0 ;9 ;5 ;0 ;380 ;
104 ;0 ;9 ;6 ;0 ;248 ;
104 ;0 ;10 ;1 ;0 ;20 ;
104 ;0 ;10 ;2 ;0 ;292 ;
104 ;0 ;10 ;3 ;0 ;214 ;
104 ;0 ;10 ;4 ;0 ;364 ;
104 ;0 ;10 ;5 ;0 ;302 ;
104 ;0 ;10 ;6 ;0 ;243 ;
104 ;0 ;11 ;1 ;0 ;55 ;
104 ;0 ;11 ;2 ;0 ;87 ;
104 ;0 ;11 ;3 ;0 ;131 ;
104 ;0 ;11 ;4 ;0 ;111 ;
104 ;0 ;11 ;5 ;0 ;18 ;
104 ;0 ;11 ;6 ;0 ;69 ;
104 ;0 ;12 ;1 ;0 ;105 ;
104 ;0 ;12 ;2 ;0 ;256 ;
104 ;0 ;12 ;3 ;0 ;377 ;
104 ;0 ;12 ;4 ;0 ;16 ;
104 ;0 ;12 ;5 ;0 ;81 ;
104 ;0 ;12 ;6 ;0 ;103 ;
105 ;0 ;0 ;1 ;0 ;84 ;
105 ;0 ;0 ;2 ;0 ;67 ;
105 ;0 ;0 ;3 ;0 ;85 ;
105 ;0 ;0 ;4 ;0 ;236 ;
105 ;0 ;0 ;5 ;0 ;316 ;
105 ;0 ;1 ;1 ;0 ;151 ;
105 ;0 ;1 ;2 ;0 ;197 ;
105 ;0 ;1 ;3 ;0 ;128 ;
105 ;0 ;1 ;4 ;0 ;176 ;
105 ;0 ;1 ;5 ;0 ;15 ;
105 ;0 ;2 ;1 ;0 ;327 ;
105 ;0 ;2 ;2 ;0 ;178 ;
105 ;0 ;2 ;3 ;0 ;112 ;
105 ;0 ;2 ;4 ;0 ;250 ;
105 ;0 ;2 ;5 ;0 ;7 ;
105 ;0 ;2 ;6 ;0 ;172 ;
105 ;0 ;3 ;1 ;0 ;307 ;
105 ;0 ;3 ;2 ;0 ;325 ;
105 ;0 ;3 ;3 ;0 ;304 ;
105 ;0 ;3 ;4 ;0 ;212 ;
105 ;0 ;3 ;5 ;0 ;52 ;
105 ;0 ;3 ;6 ;0 ;276 ;
105 ;0 ;4 ;1 ;0 ;245 ;
105 ;0 ;4 ;2 ;0 ;253 ;
105 ;0 ;4 ;3 ;0 ;370 ;
105 ;0 ;4 ;4 ;0 ;290 ;
105 ;0 ;4 ;5 ;0 ;314 ;
105 ;0 ;4 ;6 ;0 ;90 ;
105 ;0 ;5 ;1 ;0 ;156 ;
105 ;0 ;5 ;2 ;0 ;285 ;
105 ;0 ;5 ;3 ;0 ;61 ;
105 ;0 ;5 ;4 ;0 ;355 ;
105 ;0 ;5 ;5 ;0 ;330 ;
105 ;0 ;5 ;6 ;0 ;11 ;
105 ;0 ;6 ;1 ;0 ;286 ;
105 ;0 ;6 ;2 ;0 ;351 ;
105 ;0 ;6 ;3 ;0 ;184 ;
105 ;0 ;6 ;4 ;0 ;305 ;
105 ;0 ;6 ;5 ;0 ;278 ;
105 ;0 ;6 ;6 ;0 ;347 ;
105 ;0 ;7 ;1 ;0 ;296 ;
105 ;0 ;7 ;2 ;0 ;130 ;
105 ;0 ;7 ;3 ;0 ;375 ;
105 ;0 ;7 ;4 ;0 ;13 ;
105 ;0 ;7 ;5 ;0 ;366 ;
105 ;0 ;7 ;6 ;0 ;247 ;
105 ;0 ;8 ;1 ;0 ;293 ;
105 ;0 ;8 ;2 ;0 ;301 ;
105 ;0 ;8 ;3 ;0 ;274 ;
105 ;0 ;8 ;4 ;0 ;65 ;
105 ;0 ;8 ;5 ;0 ;372 ;
105 ;0 ;8 ;6 ;0 ;235 ;
105 ;0 ;9 ;1 ;0 ;183 ;
105 ;0 ;9 ;2 ;0 ;116 ;
105 ;0 ;9 ;3 ;0 ;334 ;
105 ;0 ;9 ;4 ;0 ;157 ;
105 ;0 ;9 ;5 ;0 ;56 ;
105 ;0 ;9 ;6 ;0 ;252 ;
105 ;0 ;10 ;1 ;0 ;91 ;
105 ;0 ;10 ;2 ;0 ;218 ;
105 ;0 ;10 ;3 ;0 ;331 ;
105 ;0 ;10 ;4 ;0 ;246 ;
105 ;0 ;10 ;5 ;0 ;204 ;
105 ;0 ;10 ;6 ;0 ;70 ;
106 ;0 ;0 ;1 ;0 ;282 ;
106 ;0 ;0 ;2 ;0 ;277 ;
106 ;0 ;0 ;3 ;0 ;76 ;
106 ;0 ;0 ;4 ;0 ;79 ;
106 ;0 ;0 ;5 ;0 ;280 ;
106 ;0 ;0 ;6 ;0 ;62 ;
106 ;0 ;1 ;1 ;0 ;95 ;
106 ;0 ;1 ;2 ;0 ;226 ;
106 ;0 ;1 ;3 ;0 ;124 ;
106 ;0 ;1 ;4 ;0 ;238 ;
106 ;0 ;1 ;5 ;0 ;107 ;
106 ;0 ;1 ;6 ;0 ;173 ;
106 ;0 ;2 ;1 ;0 ;78 ;
106 ;0 ;2 ;2 ;0 ;328 ;
106 ;0 ;2 ;3 ;0 ;213 ;
106 ;0 ;2 ;4 ;0 ;230 ;
106 ;0 ;2 ;5 ;0 ;104 ;
106 ;0 ;2 ;6 ;0 ;94 ;
106 ;0 ;3 ;1 ;0 ;208 ;
106 ;0 ;3 ;2 ;0 ;132 ;
106 ;0 ;3 ;3 ;0 ;207 ;
106 ;0 ;3 ;4 ;0 ;89 ;
106 ;0 ;3 ;5 ;0 ;171 ;
106 ;0 ;3 ;6 ;0 ;203 ;
106 ;0 ;4 ;1 ;0 ;215 ;
106 ;0 ;4 ;2 ;0 ;272 ;
106 ;0 ;4 ;3 ;0 ;300 ;
106 ;0 ;4 ;4 ;0 ;77 ;
106 ;0 ;4 ;5 ;0 ;21 ;
106 ;0 ;4 ;6 ;0 ;352 ;
106 ;0 ;5 ;1 ;0 ;343 ;
106 ;0 ;5 ;2 ;0 ;223 ;
106 ;0 ;5 ;3 ;0 ;54 ;
106 ;0 ;5 ;4 ;0 ;312 ;
106 ;0 ;5 ;5 ;0 ;332 ;
106 ;0 ;5 ;6 ;0 ;324 ;
106 ;0 ;6 ;1 ;0 ;211 ;
106 ;0 ;6 ;2 ;0 ;333 ;
106 ;0 ;6 ;3 ;0 ;49 ;
106 ;0 ;6 ;4 ;0 ;284 ;
106 ;0 ;6 ;5 ;0 ;348 ;
106 ;0 ;6 ;6 ;0 ;64 ;
106 ;0 ;7 ;1 ;0 ;189 ;
106 ;0 ;7 ;2 ;0 ;12 ;
106 ;0 ;7 ;3 ;0 ;198 ;
106 ;0 ;7 ;4 ;0 ;201 ;
106 ;0 ;7 ;5 ;0 ;126 ;
106 ;0 ;7 ;6 ;0 ;166 ;
106 ;0 ;8 ;1 ;0 ;279 ;
106 ;0 ;8 ;2 ;0 ;299 ;
106 ;0 ;8 ;3 ;0 ;339 ;
106 ;0 ;8 ;4 ;0 ;360 ;
106 ;0 ;8 ;5 ;0 ;185 ;
106 ;0 ;8 ;6 ;0 ;205 ;
106 ;0 ;9 ;1 ;0 ;357 ;
106 ;0 ;9 ;2 ;0 ;374 ;
106 ;0 ;9 ;3 ;0 ;248 ;
106 ;0 ;9 ;4 ;0 ;177 ;
106 ;0 ;9 ;5 ;0 ;206 ;
106 ;0 ;9 ;6 ;0 ;75 ;
106 ;0 ;10 ;1 ;0 ;73 ;
106 ;0 ;10 ;2 ;0 ;209 ;
106 ;0 ;10 ;3 ;0 ;5 ;
106 ;0 ;10 ;4 ;0 ;82 ;
106 ;0 ;10 ;5 ;0 ;149 ;
106 ;0 ;10 ;6 ;0 ;190 ;
106 ;0 ;11 ;1 ;0 ;265 ;
106 ;0 ;11 ;2 ;0 ;254 ;
106 ;0 ;11 ;3 ;0 ;141 ;
106 ;0 ;11 ;4 ;0 ;350 ;
106 ;0 ;11 ;5 ;0 ;143 ;
106 ;0 ;11 ;6 ;0 ;318 ;
106 ;0 ;12 ;1 ;0 ;380 ;
106 ;0 ;12 ;2 ;0 ;232 ;
106 ;0 ;12 ;3 ;0 ;164 ;
106 ;0 ;12 ;4 ;0 ;181 ;
106 ;0 ;12 ;5 ;0 ;163 ;
106 ;0 ;12 ;6 ;0 ;329 ;
106 ;0 ;13 ;1 ;0 ;137 ;
106 ;0 ;13 ;2 ;0 ;20 ;
106 ;0 ;13 ;3 ;0 ;313 ;
106 ;0 ;13 ;4 ;0 ;55 ;
106 ;0 ;13 ;5 ;0 ;281 ;
106 ;0 ;13 ;6 ;0 ;243 ;
106 ;0 ;14 ;1 ;0 ;322 ;
106 ;0 ;14 ;2 ;0 ;136 ;
106 ;0 ;14 ;3 ;0 ;14 ;
106 ;0 ;14 ;4 ;0 ;291 ;
106 ;0 ;14 ;5 ;0 ;100 ;
106 ;0 ;14 ;6 ;0 ;105 ;
106 ;0 ;15 ;1 ;0 ;292 ;
106 ;0 ;15 ;2 ;0 ;364 ;
106 ;0 ;15 ;3 ;0 ;69 ;
106 ;0 ;15 ;4 ;0 ;302 ;
106 ;0 ;15 ;5 ;0 ;210 ;
106 ;0 ;15 ;6 ;0 ;99 ;
106 ;0 ;16 ;1 ;0 ;129 ;
106 ;0 ;16 ;2 ;0 ;148 ;
106 ;0 ;16 ;3 ;0 ;354 ;
106 ;0 ;16 ;4 ;0 ;18 ;
106 ;0 ;16 ;5 ;0 ;256 ;
106 ;0 ;16 ;6 ;0 ;200 ;
107 ;0 ;0 ;1 ;0 ;311 ;
107 ;0 ;0 ;2 ;0 ;60 ;
107 ;0 ;0 ;3 ;0 ;307 ;
107 ;0 ;0 ;4 ;0 ;128 ;
107 ;0 ;0 ;5 ;0 ;67 ;
107 ;0 ;1 ;1 ;0 ;151 ;
107 ;0 ;1 ;2 ;0 ;52 ;
107 ;0 ;1 ;3 ;0 ;61 ;
107 ;0 ;1 ;4 ;0 ;197 ;
107 ;0 ;1 ;5 ;0 ;178 ;
107 ;0 ;1 ;6 ;0 ;15 ;
107 ;0 ;2 ;1 ;0 ;106 ;
107 ;0 ;2 ;2 ;0 ;250 ;
107 ;0 ;2 ;3 ;0 ;7 ;
107 ;0 ;2 ;4 ;0 ;310 ;
107 ;0 ;2 ;5 ;0 ;370 ;
107 ;0 ;2 ;6 ;0 ;325 ;
107 ;0 ;3 ;1 ;0 ;276 ;
107 ;0 ;3 ;2 ;0 ;388 ;
107 ;0 ;3 ;3 ;0 ;290 ;
107 ;0 ;3 ;4 ;0 ;212 ;
107 ;0 ;3 ;5 ;0 ;366 ;
107 ;0 ;3 ;6 ;0 ;245 ;
107 ;0 ;4 ;1 ;0 ;367 ;
107 ;0 ;4 ;2 ;0 ;375 ;
107 ;0 ;4 ;3 ;0 ;286 ;
107 ;0 ;4 ;4 ;0 ;296 ;
107 ;0 ;4 ;5 ;0 ;355 ;
107 ;0 ;4 ;6 ;0 ;247 ;
107 ;0 ;5 ;1 ;0 ;253 ;
107 ;0 ;5 ;2 ;0 ;305 ;
107 ;0 ;5 ;3 ;0 ;330 ;
107 ;0 ;5 ;4 ;0 ;130 ;
107 ;0 ;5 ;5 ;0 ;65 ;
107 ;0 ;5 ;6 ;0 ;293 ;
107 ;0 ;6 ;1 ;0 ;369 ;
107 ;0 ;6 ;2 ;0 ;17 ;
107 ;0 ;6 ;3 ;0 ;301 ;
107 ;0 ;6 ;4 ;0 ;314 ;
107 ;0 ;6 ;5 ;0 ;70 ;
107 ;0 ;6 ;6 ;0 ;91 ;
107 ;0 ;7 ;1 ;0 ;56 ;
107 ;0 ;7 ;2 ;0 ;251 ;
107 ;0 ;7 ;3 ;0 ;373 ;
107 ;0 ;7 ;4 ;0 ;204 ;
107 ;0 ;7 ;5 ;0 ;331 ;
107 ;0 ;7 ;6 ;0 ;252 ;
108 ;0 ;0 ;1 ;0 ;226 ;
108 ;0 ;0 ;2 ;0 ;76 ;
108 ;0 ;0 ;3 ;0 ;282 ;
108 ;0 ;0 ;4 ;0 ;280 ;
108 ;0 ;0 ;5 ;0 ;284 ;
108 ;0 ;1 ;1 ;0 ;352 ;
108 ;0 ;1 ;2 ;0 ;279 ;
108 ;0 ;1 ;3 ;0 ;62 ;
108 ;0 ;1 ;4 ;0 ;78 ;
108 ;0 ;1 ;5 ;0 ;238 ;
108 ;0 ;2 ;1 ;0 ;208 ;
108 ;0 ;2 ;2 ;0 ;328 ;
108 ;0 ;2 ;3 ;0 ;277 ;
108 ;0 ;2 ;4 ;0 ;21 ;
108 ;0 ;2 ;5 ;0 ;215 ;
108 ;0 ;2 ;6 ;0 ;134 ;
108 ;0 ;3 ;1 ;0 ;332 ;
108 ;0 ;3 ;2 ;0 ;361 ;
108 ;0 ;3 ;3 ;0 ;124 ;
108 ;0 ;3 ;4 ;0 ;230 ;
108 ;0 ;3 ;5 ;0 ;300 ;
108 ;0 ;3 ;6 ;0 ;207 ;
108 ;0 ;4 ;1 ;0 ;104 ;
108 ;0 ;4 ;2 ;0 ;107 ;
108 ;0 ;4 ;3 ;0 ;265 ;
108 ;0 ;4 ;4 ;0 ;173 ;
108 ;0 ;4 ;5 ;0 ;79 ;
108 ;0 ;4 ;6 ;0 ;94 ;
108 ;0 ;5 ;1 ;0 ;73 ;
108 ;0 ;5 ;2 ;0 ;132 ;
108 ;0 ;5 ;3 ;0 ;77 ;
108 ;0 ;5 ;4 ;0 ;203 ;
108 ;0 ;5 ;5 ;0 ;166 ;
108 ;0 ;5 ;6 ;0 ;198 ;
108 ;0 ;6 ;1 ;0 ;380 ;
108 ;0 ;6 ;2 ;0 ;254 ;
108 ;0 ;6 ;3 ;0 ;333 ;
108 ;0 ;6 ;4 ;0 ;89 ;
108 ;0 ;6 ;5 ;0 ;318 ;
108 ;0 ;6 ;6 ;0 ;267 ;
108 ;0 ;7 ;1 ;0 ;299 ;
108 ;0 ;7 ;2 ;0 ;171 ;
108 ;0 ;7 ;3 ;0 ;95 ;
108 ;0 ;7 ;4 ;0 ;223 ;
108 ;0 ;7 ;5 ;0 ;376 ;
108 ;0 ;7 ;6 ;0 ;185 ;
108 ;0 ;8 ;1 ;0 ;234 ;
108 ;0 ;8 ;2 ;0 ;12 ;
108 ;0 ;8 ;3 ;0 ;54 ;
108 ;0 ;8 ;4 ;0 ;205 ;
108 ;0 ;8 ;5 ;0 ;141 ;
108 ;0 ;8 ;6 ;0 ;189 ;
108 ;0 ;9 ;1 ;0 ;339 ;
108 ;0 ;9 ;2 ;0 ;272 ;
108 ;0 ;9 ;3 ;0 ;147 ;
108 ;0 ;9 ;4 ;0 ;149 ;
108 ;0 ;9 ;5 ;0 ;5 ;
108 ;0 ;9 ;6 ;0 ;211 ;
108 ;0 ;10 ;1 ;0 ;348 ;
108 ;0 ;10 ;2 ;0 ;214 ;
108 ;0 ;10 ;3 ;0 ;164 ;
108 ;0 ;10 ;4 ;0 ;177 ;
108 ;0 ;10 ;5 ;0 ;374 ;
108 ;0 ;10 ;6 ;0 ;55 ;
108 ;0 ;11 ;1 ;0 ;324 ;
108 ;0 ;11 ;2 ;0 ;350 ;
108 ;0 ;11 ;3 ;0 ;190 ;
108 ;0 ;11 ;4 ;0 ;146 ;
108 ;0 ;11 ;5 ;0 ;129 ;
108 ;0 ;11 ;6 ;0 ;248 ;
108 ;0 ;12 ;1 ;0 ;232 ;
108 ;0 ;12 ;2 ;0 ;163 ;
108 ;0 ;12 ;3 ;0 ;206 ;
108 ;0 ;12 ;4 ;0 ;82 ;
108 ;0 ;12 ;5 ;0 ;69 ;
108 ;0 ;12 ;6 ;0 ;200 ;
108 ;0 ;13 ;1 ;0 ;365 ;
108 ;0 ;13 ;2 ;0 ;268 ;
108 ;0 ;13 ;3 ;0 ;292 ;
108 ;0 ;13 ;4 ;0 ;99 ;
108 ;0 ;13 ;5 ;0 ;209 ;
108 ;0 ;13 ;6 ;0 ;291 ;
108 ;0 ;14 ;1 ;0 ;181 ;
108 ;0 ;14 ;2 ;0 ;136 ;
108 ;0 ;14 ;3 ;0 ;20 ;
108 ;0 ;14 ;4 ;0 ;14 ;
108 ;0 ;14 ;5 ;0 ;364 ;
108 ;0 ;14 ;6 ;0 ;137 ;
108 ;0 ;15 ;1 ;0 ;240 ;
108 ;0 ;15 ;2 ;0 ;100 ;
108 ;0 ;15 ;3 ;0 ;148 ;
108 ;0 ;15 ;4 ;0 ;105 ;
108 ;0 ;15 ;5 ;0 ;210 ;
108 ;0 ;15 ;6 ;0 ;16 ;
108 ;0 ;16 ;1 ;0 ;81 ;
108 ;0 ;16 ;2 ;0 ;18 ;
108 ;0 ;16 ;3 ;0 ;256 ;
108 ;0 ;16 ;4 ;0 ;377 ;
108 ;0 ;16 ;5 ;0 ;275 ;
108 ;0 ;16 ;6 ;0 ;354 ;
109 ;0 ;0 ;1 ;0 ;197 ;
109 ;0 ;0 ;2 ;0 ;112 ;
109 ;0 ;0 ;3 ;0 ;178 ;
109 ;0 ;0 ;4 ;0 ;355 ;
109 ;0 ;0 ;5 ;0 ;84 ;
109 ;0 ;0 ;6 ;0 ;172 ;
109 ;0 ;1 ;1 ;0 ;7 ;
109 ;0 ;1 ;2 ;0 ;90 ;
109 ;0 ;1 ;3 ;0 ;52 ;
109 ;0 ;1 ;4 ;0 ;286 ;
109 ;0 ;1 ;5 ;0 ;61 ;
109 ;0 ;1 ;6 ;0 ;128 ;
109 ;0 ;2 ;1 ;0 ;388 ;
109 ;0 ;2 ;2 ;0 ;366 ;
109 ;0 ;2 ;3 ;0 ;263 ;
109 ;0 ;2 ;4 ;0 ;290 ;
109 ;0 ;2 ;5 ;0 ;351 ;
109 ;0 ;2 ;6 ;0 ;245 ;
109 ;0 ;3 ;1 ;0 ;305 ;
109 ;0 ;3 ;2 ;0 ;65 ;
109 ;0 ;3 ;3 ;0 ;314 ;
109 ;0 ;3 ;4 ;0 ;56 ;
109 ;0 ;3 ;5 ;0 ;116 ;
109 ;0 ;3 ;6 ;0 ;91 ;
109 ;0 ;4 ;1 ;0 ;204 ;
109 ;0 ;4 ;2 ;0 ;218 ;
109 ;0 ;4 ;3 ;0 ;373 ;
109 ;0 ;4 ;4 ;0 ;228 ;
109 ;0 ;4 ;5 ;0 ;71 ;
109 ;0 ;4 ;6 ;0 ;334 ;
110 ;0 ;0 ;1 ;0 ;124 ;
110 ;0 ;0 ;2 ;0 ;343 ;
110 ;0 ;0 ;3 ;0 ;230 ;
110 ;0 ;0 ;4 ;0 ;329 ;
110 ;0 ;0 ;5 ;0 ;217 ;
110 ;0 ;0 ;6 ;0 ;77 ;
110 ;0 ;1 ;1 ;0 ;209 ;
110 ;0 ;1 ;2 ;0 ;313 ;
110 ;0 ;1 ;3 ;0 ;171 ;
110 ;0 ;1 ;4 ;0 ;141 ;
110 ;0 ;1 ;5 ;0 ;205 ;
110 ;0 ;1 ;6 ;0 ;380 ;
110 ;0 ;2 ;1 ;0 ;206 ;
110 ;0 ;2 ;2 ;0 ;64 ;
110 ;0 ;2 ;3 ;0 ;339 ;
110 ;0 ;2 ;4 ;0 ;190 ;
110 ;0 ;2 ;5 ;0 ;198 ;
110 ;0 ;2 ;6 ;0 ;211 ;
110 ;0 ;3 ;1 ;0 ;163 ;
110 ;0 ;3 ;2 ;0 ;214 ;
110 ;0 ;3 ;3 ;0 ;248 ;
110 ;0 ;3 ;4 ;0 ;181 ;
110 ;0 ;3 ;5 ;0 ;164 ;
110 ;0 ;3 ;6 ;0 ;126 ;
110 ;0 ;4 ;1 ;0 ;55 ;
110 ;0 ;4 ;2 ;0 ;146 ;
110 ;0 ;4 ;3 ;0 ;362 ;
110 ;0 ;4 ;4 ;0 ;365 ;
110 ;0 ;4 ;5 ;0 ;243 ;
110 ;0 ;4 ;6 ;0 ;302 ;
110 ;0 ;5 ;1 ;0 ;18 ;
110 ;0 ;5 ;2 ;0 ;210 ;
110 ;0 ;5 ;3 ;0 ;291 ;
110 ;0 ;5 ;4 ;0 ;131 ;
110 ;0 ;5 ;5 ;0 ;292 ;
110 ;0 ;5 ;6 ;0 ;255 ;
110 ;0 ;6 ;1 ;0 ;16 ;
110 ;0 ;6 ;2 ;0 ;87 ;
110 ;0 ;6 ;3 ;0 ;103 ;
110 ;0 ;6 ;4 ;0 ;219 ;
110 ;0 ;6 ;5 ;0 ;113 ;
110 ;0 ;6 ;6 ;0 ;105 ;
