event; round;heat;lane;relais;idBib;
101 ;0 ;0 ;2 ;0 ;93 ;
101 ;0 ;0 ;3 ;0 ;96 ;
101 ;0 ;0 ;4 ;0 ;149 ;
101 ;0 ;1 ;2 ;0 ;64 ;
101 ;0 ;1 ;3 ;0 ;126 ;
101 ;0 ;1 ;4 ;0 ;154 ;
101 ;0 ;1 ;5 ;0 ;161 ;
101 ;0 ;2 ;1 ;0 ;42 ;
101 ;0 ;2 ;2 ;0 ;28 ;
101 ;0 ;2 ;3 ;0 ;99 ;
101 ;0 ;2 ;4 ;0 ;114 ;
101 ;0 ;2 ;5 ;0 ;72 ;
101 ;0 ;2 ;6 ;0 ;174 ;
101 ;0 ;3 ;1 ;0 ;62 ;
101 ;0 ;3 ;2 ;0 ;94 ;
101 ;0 ;3 ;3 ;0 ;113 ;
101 ;0 ;3 ;4 ;0 ;135 ;
101 ;0 ;3 ;5 ;0 ;134 ;
101 ;0 ;3 ;6 ;0 ;157 ;
101 ;0 ;4 ;1 ;0 ;6 ;
101 ;0 ;4 ;2 ;0 ;17 ;
101 ;0 ;4 ;3 ;0 ;75 ;
101 ;0 ;4 ;4 ;0 ;123 ;
101 ;0 ;4 ;5 ;0 ;129 ;
101 ;0 ;4 ;6 ;0 ;53 ;
102 ;0 ;0 ;1 ;0 ;100 ;
102 ;0 ;0 ;2 ;0 ;63 ;
102 ;0 ;0 ;3 ;0 ;139 ;
102 ;0 ;0 ;4 ;0 ;83 ;
102 ;0 ;0 ;5 ;0 ;37 ;
102 ;0 ;1 ;1 ;0 ;32 ;
102 ;0 ;1 ;2 ;0 ;38 ;
102 ;0 ;1 ;3 ;0 ;101 ;
102 ;0 ;1 ;4 ;0 ;24 ;
102 ;0 ;1 ;5 ;0 ;112 ;
102 ;0 ;2 ;1 ;0 ;34 ;
102 ;0 ;2 ;2 ;0 ;20 ;
102 ;0 ;2 ;3 ;0 ;119 ;
102 ;0 ;2 ;4 ;0 ;61 ;
102 ;0 ;2 ;5 ;0 ;45 ;
102 ;0 ;2 ;6 ;0 ;117 ;
103 ;0 ;0 ;1 ;0 ;74 ;
103 ;0 ;0 ;2 ;0 ;131 ;
103 ;0 ;0 ;3 ;0 ;111 ;
103 ;0 ;0 ;4 ;0 ;92 ;
103 ;0 ;0 ;5 ;0 ;39 ;
103 ;0 ;1 ;1 ;0 ;3 ;
103 ;0 ;1 ;2 ;0 ;106 ;
103 ;0 ;1 ;3 ;0 ;110 ;
103 ;0 ;1 ;4 ;0 ;44 ;
103 ;0 ;1 ;5 ;0 ;66 ;
103 ;0 ;2 ;1 ;0 ;85 ;
103 ;0 ;2 ;2 ;0 ;25 ;
103 ;0 ;2 ;3 ;0 ;130 ;
103 ;0 ;2 ;4 ;0 ;2 ;
103 ;0 ;2 ;5 ;0 ;147 ;
103 ;0 ;2 ;6 ;0 ;48 ;
103 ;0 ;3 ;1 ;0 ;145 ;
103 ;0 ;3 ;2 ;0 ;36 ;
103 ;0 ;3 ;3 ;0 ;26 ;
103 ;0 ;3 ;4 ;0 ;5 ;
103 ;0 ;3 ;5 ;0 ;19 ;
103 ;0 ;3 ;6 ;0 ;118 ;
103 ;0 ;4 ;1 ;0 ;4 ;
103 ;0 ;4 ;2 ;0 ;146 ;
103 ;0 ;4 ;3 ;0 ;22 ;
103 ;0 ;4 ;4 ;0 ;69 ;
103 ;0 ;4 ;5 ;0 ;51 ;
103 ;0 ;4 ;6 ;0 ;40 ;
104 ;0 ;0 ;2 ;0 ;102 ;
104 ;0 ;0 ;3 ;0 ;15 ;
104 ;0 ;0 ;4 ;0 ;60 ;
104 ;0 ;0 ;5 ;0 ;162 ;
104 ;0 ;1 ;2 ;0 ;168 ;
104 ;0 ;1 ;3 ;0 ;107 ;
104 ;0 ;1 ;4 ;0 ;173 ;
104 ;0 ;1 ;5 ;0 ;8 ;
104 ;0 ;2 ;1 ;0 ;137 ;
104 ;0 ;2 ;2 ;0 ;155 ;
104 ;0 ;2 ;3 ;0 ;18 ;
104 ;0 ;2 ;4 ;0 ;11 ;
104 ;0 ;2 ;5 ;0 ;104 ;
104 ;0 ;2 ;6 ;0 ;27 ;
104 ;0 ;3 ;1 ;0 ;33 ;
104 ;0 ;3 ;2 ;0 ;158 ;
104 ;0 ;3 ;3 ;0 ;127 ;
104 ;0 ;3 ;4 ;0 ;55 ;
104 ;0 ;3 ;5 ;0 ;124 ;
104 ;0 ;3 ;6 ;0 ;12 ;
104 ;0 ;4 ;1 ;0 ;115 ;
104 ;0 ;4 ;2 ;0 ;90 ;
104 ;0 ;4 ;3 ;0 ;41 ;
104 ;0 ;4 ;4 ;0 ;23 ;
104 ;0 ;4 ;5 ;0 ;1 ;
104 ;0 ;4 ;6 ;0 ;144 ;
105 ;0 ;0 ;2 ;0 ;126 ;
105 ;0 ;0 ;3 ;0 ;161 ;
105 ;0 ;0 ;4 ;0 ;58 ;
105 ;0 ;1 ;2 ;0 ;98 ;
105 ;0 ;1 ;3 ;0 ;42 ;
105 ;0 ;1 ;4 ;0 ;28 ;
105 ;0 ;1 ;5 ;0 ;75 ;
105 ;0 ;2 ;1 ;0 ;94 ;
105 ;0 ;2 ;2 ;0 ;17 ;
105 ;0 ;2 ;3 ;0 ;76 ;
105 ;0 ;2 ;4 ;0 ;6 ;
105 ;0 ;2 ;5 ;0 ;123 ;
105 ;0 ;2 ;6 ;0 ;62 ;
106 ;0 ;0 ;2 ;0 ;100 ;
106 ;0 ;0 ;3 ;0 ;63 ;
106 ;0 ;0 ;4 ;0 ;83 ;
106 ;0 ;1 ;2 ;0 ;24 ;
106 ;0 ;1 ;3 ;0 ;38 ;
106 ;0 ;1 ;4 ;0 ;37 ;
106 ;0 ;1 ;5 ;0 ;34 ;
106 ;0 ;2 ;1 ;0 ;101 ;
106 ;0 ;2 ;2 ;0 ;45 ;
106 ;0 ;2 ;3 ;0 ;119 ;
106 ;0 ;2 ;4 ;0 ;61 ;
106 ;0 ;2 ;5 ;0 ;20 ;
106 ;0 ;2 ;6 ;0 ;117 ;
107 ;0 ;0 ;1 ;0 ;92 ;
107 ;0 ;0 ;2 ;0 ;74 ;
107 ;0 ;0 ;3 ;0 ;3 ;
107 ;0 ;0 ;4 ;0 ;111 ;
107 ;0 ;0 ;5 ;0 ;39 ;
108 ;0 ;0 ;1 ;0 ;110 ;
108 ;0 ;0 ;2 ;0 ;25 ;
108 ;0 ;0 ;3 ;0 ;130 ;
108 ;0 ;0 ;4 ;0 ;66 ;
108 ;0 ;0 ;5 ;0 ;106 ;
108 ;0 ;1 ;1 ;0 ;85 ;
108 ;0 ;1 ;2 ;0 ;147 ;
108 ;0 ;1 ;3 ;0 ;44 ;
108 ;0 ;1 ;4 ;0 ;145 ;
108 ;0 ;1 ;5 ;0 ;2 ;
108 ;0 ;2 ;1 ;0 ;48 ;
108 ;0 ;2 ;2 ;0 ;36 ;
108 ;0 ;2 ;3 ;0 ;26 ;
108 ;0 ;2 ;4 ;0 ;4 ;
108 ;0 ;2 ;5 ;0 ;51 ;
108 ;0 ;2 ;6 ;0 ;5 ;
108 ;0 ;3 ;1 ;0 ;118 ;
108 ;0 ;3 ;2 ;0 ;146 ;
108 ;0 ;3 ;3 ;0 ;69 ;
108 ;0 ;3 ;4 ;0 ;22 ;
108 ;0 ;3 ;5 ;0 ;19 ;
108 ;0 ;3 ;6 ;0 ;40 ;
109 ;0 ;0 ;1 ;0 ;102 ;
109 ;0 ;0 ;2 ;0 ;55 ;
109 ;0 ;0 ;3 ;0 ;173 ;
109 ;0 ;0 ;4 ;0 ;107 ;
109 ;0 ;0 ;5 ;0 ;18 ;
110 ;0 ;0 ;2 ;0 ;104 ;
110 ;0 ;0 ;3 ;0 ;27 ;
110 ;0 ;0 ;4 ;0 ;12 ;
110 ;0 ;0 ;5 ;0 ;144 ;
110 ;0 ;1 ;2 ;0 ;11 ;
110 ;0 ;1 ;3 ;0 ;33 ;
110 ;0 ;1 ;4 ;0 ;127 ;
110 ;0 ;1 ;5 ;0 ;124 ;
110 ;0 ;2 ;1 ;0 ;115 ;
110 ;0 ;2 ;2 ;0 ;23 ;
110 ;0 ;2 ;3 ;0 ;1 ;
110 ;0 ;2 ;4 ;0 ;41 ;
110 ;0 ;2 ;5 ;0 ;90 ;
110 ;0 ;2 ;6 ;0 ;158 ;
111 ;0 ;0 ;1 ;0 ;93 ;
111 ;0 ;0 ;2 ;0 ;96 ;
111 ;0 ;0 ;3 ;0 ;126 ;
111 ;0 ;0 ;4 ;0 ;154 ;
111 ;0 ;0 ;5 ;0 ;161 ;
111 ;0 ;1 ;1 ;0 ;58 ;
111 ;0 ;1 ;2 ;0 ;42 ;
111 ;0 ;1 ;3 ;0 ;28 ;
111 ;0 ;1 ;4 ;0 ;114 ;
111 ;0 ;1 ;5 ;0 ;116 ;
111 ;0 ;2 ;1 ;0 ;75 ;
111 ;0 ;2 ;2 ;0 ;72 ;
111 ;0 ;2 ;3 ;0 ;62 ;
111 ;0 ;2 ;4 ;0 ;94 ;
111 ;0 ;2 ;5 ;0 ;86 ;
111 ;0 ;2 ;6 ;0 ;113 ;
111 ;0 ;3 ;1 ;0 ;129 ;
111 ;0 ;3 ;2 ;0 ;6 ;
111 ;0 ;3 ;3 ;0 ;123 ;
111 ;0 ;3 ;4 ;0 ;76 ;
111 ;0 ;3 ;5 ;0 ;17 ;
111 ;0 ;3 ;6 ;0 ;174 ;
112 ;0 ;0 ;2 ;0 ;100 ;
112 ;0 ;0 ;3 ;0 ;117 ;
112 ;0 ;0 ;4 ;0 ;63 ;
112 ;0 ;0 ;5 ;0 ;83 ;
112 ;0 ;1 ;2 ;0 ;101 ;
112 ;0 ;1 ;3 ;0 ;38 ;
112 ;0 ;1 ;4 ;0 ;37 ;
112 ;0 ;1 ;5 ;0 ;34 ;
112 ;0 ;2 ;1 ;0 ;45 ;
112 ;0 ;2 ;2 ;0 ;20 ;
112 ;0 ;2 ;3 ;0 ;61 ;
112 ;0 ;2 ;4 ;0 ;119 ;
112 ;0 ;2 ;5 ;0 ;24 ;
112 ;0 ;2 ;6 ;0 ;105 ;
113 ;0 ;0 ;2 ;0 ;74 ;
113 ;0 ;0 ;3 ;0 ;111 ;
113 ;0 ;0 ;4 ;0 ;92 ;
113 ;0 ;0 ;5 ;0 ;44 ;
113 ;0 ;1 ;2 ;0 ;3 ;
113 ;0 ;1 ;3 ;0 ;106 ;
113 ;0 ;1 ;4 ;0 ;110 ;
113 ;0 ;1 ;5 ;0 ;66 ;
113 ;0 ;2 ;1 ;0 ;2 ;
113 ;0 ;2 ;2 ;0 ;145 ;
113 ;0 ;2 ;3 ;0 ;85 ;
113 ;0 ;2 ;4 ;0 ;25 ;
113 ;0 ;2 ;5 ;0 ;130 ;
113 ;0 ;2 ;6 ;0 ;147 ;
113 ;0 ;3 ;1 ;0 ;48 ;
113 ;0 ;3 ;2 ;0 ;118 ;
113 ;0 ;3 ;3 ;0 ;5 ;
113 ;0 ;3 ;4 ;0 ;26 ;
113 ;0 ;3 ;5 ;0 ;40 ;
113 ;0 ;3 ;6 ;0 ;36 ;
113 ;0 ;4 ;1 ;0 ;51 ;
113 ;0 ;4 ;2 ;0 ;19 ;
113 ;0 ;4 ;3 ;0 ;69 ;
113 ;0 ;4 ;4 ;0 ;146 ;
113 ;0 ;4 ;5 ;0 ;22 ;
113 ;0 ;4 ;6 ;0 ;4 ;
114 ;0 ;0 ;1 ;0 ;155 ;
114 ;0 ;0 ;2 ;0 ;55 ;
114 ;0 ;0 ;3 ;0 ;173 ;
114 ;0 ;0 ;4 ;0 ;27 ;
114 ;0 ;0 ;5 ;0 ;104 ;
114 ;0 ;1 ;1 ;0 ;11 ;
114 ;0 ;1 ;2 ;0 ;124 ;
114 ;0 ;1 ;3 ;0 ;158 ;
114 ;0 ;1 ;4 ;0 ;33 ;
114 ;0 ;1 ;5 ;0 ;12 ;
114 ;0 ;1 ;6 ;0 ;127 ;
114 ;0 ;2 ;1 ;0 ;115 ;
114 ;0 ;2 ;2 ;0 ;1 ;
114 ;0 ;2 ;3 ;0 ;41 ;
114 ;0 ;2 ;4 ;0 ;23 ;
114 ;0 ;2 ;5 ;0 ;90 ;
114 ;0 ;2 ;6 ;0 ;144 ;
201 ;0 ;0 ;1 ;0 ;140 ;
201 ;0 ;0 ;2 ;0 ;128 ;
201 ;0 ;0 ;3 ;0 ;68 ;
201 ;0 ;0 ;4 ;0 ;80 ;
201 ;0 ;0 ;5 ;0 ;7 ;
201 ;0 ;0 ;6 ;0 ;14 ;
201 ;0 ;1 ;1 ;0 ;71 ;
201 ;0 ;1 ;2 ;0 ;138 ;
201 ;0 ;1 ;3 ;0 ;21 ;
201 ;0 ;1 ;4 ;0 ;10 ;
201 ;0 ;1 ;5 ;0 ;172 ;
201 ;0 ;1 ;6 ;0 ;31 ;
202 ;0 ;0 ;1 ;0 ;121 ;
202 ;0 ;0 ;2 ;0 ;150 ;
202 ;0 ;0 ;3 ;0 ;151 ;
202 ;0 ;0 ;4 ;0 ;84 ;
202 ;0 ;0 ;5 ;0 ;78 ;
202 ;0 ;1 ;1 ;0 ;148 ;
202 ;0 ;1 ;2 ;0 ;43 ;
202 ;0 ;1 ;3 ;0 ;160 ;
202 ;0 ;1 ;4 ;0 ;54 ;
202 ;0 ;1 ;5 ;0 ;109 ;
202 ;0 ;2 ;1 ;0 ;67 ;
202 ;0 ;2 ;2 ;0 ;97 ;
202 ;0 ;2 ;3 ;0 ;73 ;
202 ;0 ;2 ;4 ;0 ;87 ;
202 ;0 ;2 ;5 ;0 ;170 ;
202 ;0 ;2 ;6 ;0 ;13 ;
202 ;0 ;3 ;1 ;0 ;91 ;
202 ;0 ;3 ;2 ;0 ;88 ;
202 ;0 ;3 ;3 ;0 ;95 ;
202 ;0 ;3 ;4 ;0 ;70 ;
202 ;0 ;3 ;5 ;0 ;29 ;
202 ;0 ;3 ;6 ;0 ;159 ;
203 ;0 ;0 ;2 ;0 ;59 ;
203 ;0 ;0 ;3 ;0 ;93 ;
203 ;0 ;0 ;4 ;0 ;149 ;
203 ;0 ;0 ;5 ;0 ;126 ;
203 ;0 ;1 ;1 ;0 ;154 ;
203 ;0 ;1 ;2 ;0 ;58 ;
203 ;0 ;1 ;3 ;0 ;99 ;
203 ;0 ;1 ;4 ;0 ;114 ;
203 ;0 ;1 ;5 ;0 ;116 ;
203 ;0 ;2 ;1 ;0 ;62 ;
203 ;0 ;2 ;2 ;0 ;94 ;
203 ;0 ;2 ;3 ;0 ;113 ;
203 ;0 ;2 ;4 ;0 ;135 ;
203 ;0 ;2 ;5 ;0 ;64 ;
203 ;0 ;2 ;6 ;0 ;134 ;
203 ;0 ;3 ;1 ;0 ;98 ;
203 ;0 ;3 ;2 ;0 ;53 ;
203 ;0 ;3 ;3 ;0 ;157 ;
203 ;0 ;3 ;4 ;0 ;28 ;
203 ;0 ;3 ;5 ;0 ;6 ;
203 ;0 ;3 ;6 ;0 ;17 ;
203 ;0 ;4 ;1 ;0 ;75 ;
203 ;0 ;4 ;2 ;0 ;123 ;
203 ;0 ;4 ;3 ;0 ;76 ;
203 ;0 ;4 ;4 ;0 ;42 ;
203 ;0 ;4 ;5 ;0 ;86 ;
203 ;0 ;4 ;6 ;0 ;129 ;
204 ;0 ;0 ;1 ;0 ;100 ;
204 ;0 ;0 ;2 ;0 ;142 ;
204 ;0 ;0 ;3 ;0 ;63 ;
204 ;0 ;0 ;4 ;0 ;169 ;
204 ;0 ;0 ;5 ;0 ;83 ;
204 ;0 ;0 ;6 ;0 ;103 ;
204 ;0 ;1 ;1 ;0 ;32 ;
204 ;0 ;1 ;2 ;0 ;38 ;
204 ;0 ;1 ;3 ;0 ;139 ;
204 ;0 ;1 ;4 ;0 ;24 ;
204 ;0 ;1 ;5 ;0 ;101 ;
204 ;0 ;1 ;6 ;0 ;112 ;
204 ;0 ;2 ;1 ;0 ;45 ;
204 ;0 ;2 ;2 ;0 ;20 ;
204 ;0 ;2 ;3 ;0 ;119 ;
204 ;0 ;2 ;4 ;0 ;34 ;
204 ;0 ;2 ;5 ;0 ;61 ;
204 ;0 ;2 ;6 ;0 ;117 ;
205 ;0 ;0 ;1 ;0 ;156 ;
205 ;0 ;0 ;2 ;0 ;132 ;
205 ;0 ;0 ;3 ;0 ;167 ;
205 ;0 ;0 ;4 ;0 ;141 ;
205 ;0 ;0 ;5 ;0 ;165 ;
206 ;0 ;0 ;2 ;0 ;164 ;
206 ;0 ;0 ;3 ;0 ;166 ;
206 ;0 ;0 ;4 ;0 ;108 ;
207 ;0 ;0 ;1 ;0 ;42 ;
207 ;0 ;0 ;2 ;0 ;113 ;
207 ;0 ;0 ;3 ;0 ;76 ;
207 ;0 ;0 ;4 ;0 ;123 ;
207 ;0 ;0 ;5 ;0 ;75 ;
208 ;0 ;0 ;2 ;0 ;117 ;
208 ;0 ;0 ;3 ;0 ;103 ;
208 ;0 ;0 ;4 ;0 ;45 ;
208 ;0 ;1 ;2 ;0 ;20 ;
208 ;0 ;1 ;3 ;0 ;119 ;
208 ;0 ;1 ;4 ;0 ;61 ;
208 ;0 ;1 ;5 ;0 ;34 ;
209 ;0 ;0 ;1 ;0 ;79 ;
209 ;0 ;0 ;2 ;0 ;128 ;
209 ;0 ;0 ;3 ;0 ;68 ;
209 ;0 ;0 ;4 ;0 ;14 ;
209 ;0 ;0 ;5 ;0 ;65 ;
209 ;0 ;0 ;6 ;0 ;31 ;
209 ;0 ;1 ;1 ;0 ;10 ;
209 ;0 ;1 ;2 ;0 ;21 ;
209 ;0 ;1 ;3 ;0 ;172 ;
209 ;0 ;1 ;4 ;0 ;138 ;
209 ;0 ;1 ;5 ;0 ;80 ;
209 ;0 ;1 ;6 ;0 ;7 ;
210 ;0 ;0 ;2 ;0 ;56 ;
210 ;0 ;0 ;3 ;0 ;16 ;
210 ;0 ;0 ;4 ;0 ;81 ;
210 ;0 ;0 ;5 ;0 ;82 ;
210 ;0 ;1 ;2 ;0 ;78 ;
210 ;0 ;1 ;3 ;0 ;54 ;
210 ;0 ;1 ;4 ;0 ;84 ;
210 ;0 ;1 ;5 ;0 ;43 ;
210 ;0 ;2 ;1 ;0 ;109 ;
210 ;0 ;2 ;2 ;0 ;160 ;
210 ;0 ;2 ;3 ;0 ;67 ;
210 ;0 ;2 ;4 ;0 ;73 ;
210 ;0 ;2 ;5 ;0 ;87 ;
210 ;0 ;2 ;6 ;0 ;121 ;
210 ;0 ;3 ;1 ;0 ;97 ;
210 ;0 ;3 ;2 ;0 ;91 ;
210 ;0 ;3 ;3 ;0 ;88 ;
210 ;0 ;3 ;4 ;0 ;13 ;
210 ;0 ;3 ;5 ;0 ;170 ;
210 ;0 ;3 ;6 ;0 ;29 ;
211 ;0 ;0 ;1 ;0 ;93 ;
211 ;0 ;0 ;2 ;0 ;149 ;
211 ;0 ;0 ;3 ;0 ;126 ;
211 ;0 ;0 ;4 ;0 ;17 ;
211 ;0 ;0 ;5 ;0 ;154 ;
211 ;0 ;1 ;1 ;0 ;6 ;
211 ;0 ;1 ;2 ;0 ;42 ;
211 ;0 ;1 ;3 ;0 ;28 ;
211 ;0 ;1 ;4 ;0 ;114 ;
211 ;0 ;1 ;5 ;0 ;75 ;
211 ;0 ;2 ;1 ;0 ;113 ;
211 ;0 ;2 ;2 ;0 ;135 ;
211 ;0 ;2 ;3 ;0 ;76 ;
211 ;0 ;2 ;4 ;0 ;129 ;
211 ;0 ;2 ;5 ;0 ;123 ;
211 ;0 ;2 ;6 ;0 ;62 ;
212 ;0 ;0 ;1 ;0 ;100 ;
212 ;0 ;0 ;2 ;0 ;117 ;
212 ;0 ;0 ;3 ;0 ;142 ;
212 ;0 ;0 ;4 ;0 ;63 ;
212 ;0 ;0 ;5 ;0 ;83 ;
212 ;0 ;0 ;6 ;0 ;103 ;
212 ;0 ;1 ;1 ;0 ;45 ;
212 ;0 ;1 ;2 ;0 ;119 ;
212 ;0 ;1 ;3 ;0 ;61 ;
212 ;0 ;1 ;4 ;0 ;20 ;
212 ;0 ;1 ;5 ;0 ;34 ;
212 ;0 ;1 ;6 ;0 ;101 ;
213 ;0 ;0 ;2 ;0 ;143 ;
213 ;0 ;0 ;3 ;0 ;140 ;
213 ;0 ;0 ;4 ;0 ;128 ;
213 ;0 ;1 ;2 ;0 ;68 ;
213 ;0 ;1 ;3 ;0 ;31 ;
213 ;0 ;1 ;4 ;0 ;80 ;
213 ;0 ;1 ;5 ;0 ;172 ;
213 ;0 ;2 ;1 ;0 ;65 ;
213 ;0 ;2 ;2 ;0 ;21 ;
213 ;0 ;2 ;3 ;0 ;10 ;
213 ;0 ;2 ;4 ;0 ;138 ;
213 ;0 ;2 ;5 ;0 ;71 ;
213 ;0 ;2 ;6 ;0 ;7 ;
214 ;0 ;0 ;2 ;0 ;56 ;
214 ;0 ;0 ;3 ;0 ;121 ;
214 ;0 ;0 ;4 ;0 ;150 ;
214 ;0 ;1 ;2 ;0 ;81 ;
214 ;0 ;1 ;3 ;0 ;151 ;
214 ;0 ;1 ;4 ;0 ;78 ;
214 ;0 ;1 ;5 ;0 ;148 ;
214 ;0 ;2 ;1 ;0 ;43 ;
214 ;0 ;2 ;2 ;0 ;54 ;
214 ;0 ;2 ;3 ;0 ;67 ;
214 ;0 ;2 ;4 ;0 ;29 ;
214 ;0 ;2 ;5 ;0 ;120 ;
214 ;0 ;2 ;6 ;0 ;73 ;
214 ;0 ;3 ;1 ;0 ;160 ;
214 ;0 ;3 ;2 ;0 ;13 ;
214 ;0 ;3 ;3 ;0 ;84 ;
214 ;0 ;3 ;4 ;0 ;16 ;
214 ;0 ;3 ;5 ;0 ;91 ;
214 ;0 ;3 ;6 ;0 ;88 ;
214 ;0 ;4 ;1 ;0 ;70 ;
214 ;0 ;4 ;2 ;0 ;170 ;
214 ;0 ;4 ;3 ;0 ;159 ;
214 ;0 ;4 ;4 ;0 ;87 ;
214 ;0 ;4 ;5 ;0 ;109 ;
214 ;0 ;4 ;6 ;0 ;95 ;
301 ;0 ;0 ;2 ;0 ;122 ;
301 ;0 ;0 ;3 ;0 ;145 ;
301 ;0 ;0 ;4 ;0 ;131 ;
301 ;0 ;0 ;5 ;0 ;111 ;
301 ;0 ;1 ;1 ;0 ;46 ;
301 ;0 ;1 ;2 ;0 ;92 ;
301 ;0 ;1 ;3 ;0 ;39 ;
301 ;0 ;1 ;4 ;0 ;66 ;
301 ;0 ;1 ;5 ;0 ;106 ;
301 ;0 ;2 ;1 ;0 ;3 ;
301 ;0 ;2 ;2 ;0 ;110 ;
301 ;0 ;2 ;3 ;0 ;2 ;
301 ;0 ;2 ;4 ;0 ;44 ;
301 ;0 ;2 ;5 ;0 ;26 ;
301 ;0 ;2 ;6 ;0 ;147 ;
301 ;0 ;3 ;1 ;0 ;85 ;
301 ;0 ;3 ;2 ;0 ;25 ;
301 ;0 ;3 ;3 ;0 ;48 ;
301 ;0 ;3 ;4 ;0 ;40 ;
301 ;0 ;3 ;5 ;0 ;36 ;
301 ;0 ;3 ;6 ;0 ;118 ;
301 ;0 ;4 ;1 ;0 ;51 ;
301 ;0 ;4 ;2 ;0 ;146 ;
301 ;0 ;4 ;3 ;0 ;69 ;
301 ;0 ;4 ;4 ;0 ;22 ;
301 ;0 ;4 ;5 ;0 ;4 ;
301 ;0 ;4 ;6 ;0 ;19 ;
302 ;0 ;0 ;2 ;0 ;136 ;
302 ;0 ;0 ;3 ;0 ;102 ;
302 ;0 ;0 ;4 ;0 ;60 ;
302 ;0 ;0 ;5 ;0 ;133 ;
302 ;0 ;1 ;2 ;0 ;155 ;
302 ;0 ;1 ;3 ;0 ;173 ;
302 ;0 ;1 ;4 ;0 ;18 ;
302 ;0 ;1 ;5 ;0 ;27 ;
302 ;0 ;2 ;1 ;0 ;137 ;
302 ;0 ;2 ;2 ;0 ;11 ;
302 ;0 ;2 ;3 ;0 ;33 ;
302 ;0 ;2 ;4 ;0 ;124 ;
302 ;0 ;2 ;5 ;0 ;12 ;
302 ;0 ;2 ;6 ;0 ;127 ;
302 ;0 ;3 ;1 ;0 ;158 ;
302 ;0 ;3 ;2 ;0 ;23 ;
302 ;0 ;3 ;3 ;0 ;41 ;
302 ;0 ;3 ;4 ;0 ;1 ;
302 ;0 ;3 ;5 ;0 ;115 ;
302 ;0 ;3 ;6 ;0 ;144 ;
303 ;0 ;0 ;2 ;0 ;143 ;
303 ;0 ;0 ;3 ;0 ;140 ;
303 ;0 ;0 ;4 ;0 ;128 ;
303 ;0 ;0 ;5 ;0 ;68 ;
303 ;0 ;1 ;2 ;0 ;31 ;
303 ;0 ;1 ;3 ;0 ;14 ;
303 ;0 ;1 ;4 ;0 ;7 ;
303 ;0 ;1 ;5 ;0 ;65 ;
303 ;0 ;2 ;1 ;0 ;172 ;
303 ;0 ;2 ;2 ;0 ;138 ;
303 ;0 ;2 ;3 ;0 ;10 ;
303 ;0 ;2 ;4 ;0 ;21 ;
303 ;0 ;2 ;5 ;0 ;80 ;
303 ;0 ;2 ;6 ;0 ;71 ;
304 ;0 ;0 ;1 ;0 ;121 ;
304 ;0 ;0 ;2 ;0 ;150 ;
304 ;0 ;0 ;3 ;0 ;153 ;
304 ;0 ;0 ;4 ;0 ;81 ;
304 ;0 ;0 ;5 ;0 ;148 ;
304 ;0 ;1 ;1 ;0 ;151 ;
304 ;0 ;1 ;2 ;0 ;120 ;
304 ;0 ;1 ;3 ;0 ;78 ;
304 ;0 ;1 ;4 ;0 ;84 ;
304 ;0 ;1 ;5 ;0 ;82 ;
304 ;0 ;2 ;1 ;0 ;160 ;
304 ;0 ;2 ;2 ;0 ;67 ;
304 ;0 ;2 ;3 ;0 ;54 ;
304 ;0 ;2 ;4 ;0 ;109 ;
304 ;0 ;2 ;5 ;0 ;73 ;
304 ;0 ;2 ;6 ;0 ;43 ;
304 ;0 ;3 ;1 ;0 ;87 ;
304 ;0 ;3 ;2 ;0 ;152 ;
304 ;0 ;3 ;3 ;0 ;16 ;
304 ;0 ;3 ;4 ;0 ;29 ;
304 ;0 ;3 ;5 ;0 ;159 ;
304 ;0 ;3 ;6 ;0 ;91 ;
304 ;0 ;4 ;1 ;0 ;95 ;
304 ;0 ;4 ;2 ;0 ;13 ;
304 ;0 ;4 ;3 ;0 ;88 ;
304 ;0 ;4 ;4 ;0 ;170 ;
304 ;0 ;4 ;5 ;0 ;70 ;
304 ;0 ;4 ;6 ;0 ;97 ;
305 ;0 ;0 ;1 ;0 ;110 ;
305 ;0 ;0 ;2 ;0 ;122 ;
305 ;0 ;0 ;3 ;0 ;66 ;
305 ;0 ;0 ;4 ;0 ;85 ;
305 ;0 ;0 ;5 ;0 ;46 ;
305 ;0 ;0 ;6 ;0 ;3 ;
305 ;0 ;1 ;1 ;0 ;106 ;
305 ;0 ;1 ;2 ;0 ;25 ;
305 ;0 ;1 ;3 ;0 ;44 ;
305 ;0 ;1 ;4 ;0 ;145 ;
305 ;0 ;1 ;5 ;0 ;2 ;
305 ;0 ;1 ;6 ;0 ;51 ;
305 ;0 ;2 ;1 ;0 ;48 ;
305 ;0 ;2 ;2 ;0 ;147 ;
305 ;0 ;2 ;3 ;0 ;5 ;
305 ;0 ;2 ;4 ;0 ;36 ;
305 ;0 ;2 ;5 ;0 ;26 ;
305 ;0 ;2 ;6 ;0 ;4 ;
305 ;0 ;3 ;1 ;0 ;40 ;
305 ;0 ;3 ;2 ;0 ;146 ;
305 ;0 ;3 ;3 ;0 ;22 ;
305 ;0 ;3 ;4 ;0 ;69 ;
305 ;0 ;3 ;5 ;0 ;118 ;
305 ;0 ;3 ;6 ;0 ;19 ;
306 ;0 ;0 ;1 ;0 ;136 ;
306 ;0 ;0 ;2 ;0 ;133 ;
306 ;0 ;0 ;3 ;0 ;27 ;
306 ;0 ;0 ;4 ;0 ;173 ;
306 ;0 ;0 ;5 ;0 ;137 ;
306 ;0 ;0 ;6 ;0 ;18 ;
306 ;0 ;1 ;1 ;0 ;11 ;
306 ;0 ;1 ;2 ;0 ;55 ;
306 ;0 ;1 ;3 ;0 ;33 ;
306 ;0 ;1 ;4 ;0 ;144 ;
306 ;0 ;1 ;5 ;0 ;124 ;
306 ;0 ;1 ;6 ;0 ;12 ;
306 ;0 ;2 ;1 ;0 ;127 ;
306 ;0 ;2 ;2 ;0 ;23 ;
306 ;0 ;2 ;3 ;0 ;41 ;
306 ;0 ;2 ;4 ;0 ;1 ;
306 ;0 ;2 ;5 ;0 ;115 ;
306 ;0 ;2 ;6 ;0 ;158 ;
307 ;0 ;0 ;2 ;0 ;140 ;
307 ;0 ;0 ;3 ;0 ;71 ;
307 ;0 ;0 ;4 ;0 ;143 ;
308 ;0 ;0 ;1 ;0 ;128 ;
308 ;0 ;0 ;2 ;0 ;68 ;
308 ;0 ;0 ;3 ;0 ;14 ;
308 ;0 ;0 ;4 ;0 ;65 ;
308 ;0 ;0 ;5 ;0 ;31 ;
308 ;0 ;1 ;1 ;0 ;7 ;
308 ;0 ;1 ;2 ;0 ;172 ;
308 ;0 ;1 ;3 ;0 ;21 ;
308 ;0 ;1 ;4 ;0 ;10 ;
308 ;0 ;1 ;5 ;0 ;138 ;
308 ;0 ;1 ;6 ;0 ;80 ;
309 ;0 ;0 ;3 ;0 ;16 ;
309 ;0 ;0 ;4 ;0 ;81 ;
310 ;0 ;0 ;2 ;0 ;78 ;
310 ;0 ;0 ;3 ;0 ;150 ;
310 ;0 ;0 ;4 ;0 ;151 ;
310 ;0 ;0 ;5 ;0 ;54 ;
310 ;0 ;1 ;2 ;0 ;160 ;
310 ;0 ;1 ;3 ;0 ;43 ;
310 ;0 ;1 ;4 ;0 ;84 ;
310 ;0 ;1 ;5 ;0 ;67 ;
310 ;0 ;2 ;1 ;0 ;121 ;
310 ;0 ;2 ;2 ;0 ;97 ;
310 ;0 ;2 ;3 ;0 ;109 ;
310 ;0 ;2 ;4 ;0 ;95 ;
310 ;0 ;2 ;5 ;0 ;70 ;
310 ;0 ;2 ;6 ;0 ;88 ;
310 ;0 ;3 ;1 ;0 ;87 ;
310 ;0 ;3 ;2 ;0 ;91 ;
310 ;0 ;3 ;3 ;0 ;159 ;
310 ;0 ;3 ;4 ;0 ;13 ;
310 ;0 ;3 ;5 ;0 ;29 ;
310 ;0 ;3 ;6 ;0 ;73 ;
311 ;0 ;0 ;1 ;0 ;92 ;
311 ;0 ;0 ;2 ;0 ;122 ;
311 ;0 ;0 ;3 ;0 ;131 ;
311 ;0 ;0 ;4 ;0 ;111 ;
311 ;0 ;0 ;5 ;0 ;46 ;
311 ;0 ;1 ;1 ;0 ;25 ;
311 ;0 ;1 ;2 ;0 ;44 ;
311 ;0 ;1 ;3 ;0 ;110 ;
311 ;0 ;1 ;4 ;0 ;106 ;
311 ;0 ;1 ;5 ;0 ;3 ;
311 ;0 ;2 ;1 ;0 ;39 ;
311 ;0 ;2 ;2 ;0 ;40 ;
311 ;0 ;2 ;3 ;0 ;2 ;
311 ;0 ;2 ;4 ;0 ;66 ;
311 ;0 ;2 ;5 ;0 ;145 ;
311 ;0 ;2 ;6 ;0 ;85 ;
311 ;0 ;3 ;1 ;0 ;147 ;
311 ;0 ;3 ;2 ;0 ;36 ;
311 ;0 ;3 ;3 ;0 ;118 ;
311 ;0 ;3 ;4 ;0 ;48 ;
311 ;0 ;3 ;5 ;0 ;19 ;
311 ;0 ;3 ;6 ;0 ;26 ;
311 ;0 ;4 ;1 ;0 ;51 ;
311 ;0 ;4 ;2 ;0 ;146 ;
311 ;0 ;4 ;3 ;0 ;69 ;
311 ;0 ;4 ;4 ;0 ;22 ;
311 ;0 ;4 ;5 ;0 ;5 ;
311 ;0 ;4 ;6 ;0 ;4 ;
312 ;0 ;0 ;2 ;0 ;136 ;
312 ;0 ;0 ;3 ;0 ;137 ;
312 ;0 ;0 ;4 ;0 ;60 ;
312 ;0 ;0 ;5 ;0 ;133 ;
312 ;0 ;1 ;2 ;0 ;155 ;
312 ;0 ;1 ;3 ;0 ;173 ;
312 ;0 ;1 ;4 ;0 ;18 ;
312 ;0 ;1 ;5 ;0 ;11 ;
312 ;0 ;2 ;1 ;0 ;124 ;
312 ;0 ;2 ;2 ;0 ;27 ;
312 ;0 ;2 ;3 ;0 ;55 ;
312 ;0 ;2 ;4 ;0 ;33 ;
312 ;0 ;2 ;5 ;0 ;158 ;
312 ;0 ;2 ;6 ;0 ;127 ;
312 ;0 ;3 ;1 ;0 ;144 ;
312 ;0 ;3 ;2 ;0 ;12 ;
312 ;0 ;3 ;3 ;0 ;1 ;
312 ;0 ;3 ;4 ;0 ;23 ;
312 ;0 ;3 ;5 ;0 ;41 ;
312 ;0 ;3 ;6 ;0 ;115 ;
313 ;0 ;0 ;2 ;0 ;143 ;
313 ;0 ;0 ;3 ;0 ;128 ;
313 ;0 ;0 ;4 ;0 ;68 ;
313 ;0 ;0 ;5 ;0 ;79 ;
313 ;0 ;1 ;2 ;0 ;172 ;
313 ;0 ;1 ;3 ;0 ;65 ;
313 ;0 ;1 ;4 ;0 ;7 ;
313 ;0 ;1 ;5 ;0 ;31 ;
313 ;0 ;2 ;1 ;0 ;14 ;
313 ;0 ;2 ;2 ;0 ;80 ;
313 ;0 ;2 ;3 ;0 ;71 ;
313 ;0 ;2 ;4 ;0 ;138 ;
313 ;0 ;2 ;5 ;0 ;21 ;
313 ;0 ;2 ;6 ;0 ;10 ;
314 ;0 ;0 ;1 ;0 ;150 ;
314 ;0 ;0 ;2 ;0 ;120 ;
314 ;0 ;0 ;3 ;0 ;151 ;
314 ;0 ;0 ;4 ;0 ;78 ;
314 ;0 ;0 ;5 ;0 ;160 ;
314 ;0 ;1 ;1 ;0 ;148 ;
314 ;0 ;1 ;2 ;0 ;67 ;
314 ;0 ;1 ;3 ;0 ;43 ;
314 ;0 ;1 ;4 ;0 ;54 ;
314 ;0 ;1 ;5 ;0 ;87 ;
314 ;0 ;1 ;6 ;0 ;82 ;
314 ;0 ;2 ;1 ;0 ;84 ;
314 ;0 ;2 ;2 ;0 ;73 ;
314 ;0 ;2 ;3 ;0 ;121 ;
314 ;0 ;2 ;4 ;0 ;159 ;
314 ;0 ;2 ;5 ;0 ;91 ;
314 ;0 ;2 ;6 ;0 ;88 ;
314 ;0 ;3 ;1 ;0 ;29 ;
314 ;0 ;3 ;2 ;0 ;70 ;
314 ;0 ;3 ;3 ;0 ;170 ;
314 ;0 ;3 ;4 ;0 ;13 ;
314 ;0 ;3 ;5 ;0 ;95 ;
314 ;0 ;3 ;6 ;0 ;97 ;
