id;event;round ;heat
1 ;101 ;0 ;0 ;
2 ;101 ;0 ;0 ;
3 ;101 ;0 ;0 ;
4 ;101 ;0 ;0 ;
5 ;101 ;0 ;1 ;
6 ;101 ;0 ;1 ;
7 ;101 ;0 ;2 ;
8 ;101 ;0 ;3 ;
9 ;101 ;0 ;4 ;
10 ;101 ;0 ;5 ;
11 ;102 ;0 ;0 ;
12 ;102 ;0 ;1 ;
13 ;102 ;0 ;2 ;
14 ;103 ;0 ;0 ;
15 ;103 ;0 ;1 ;
16 ;103 ;0 ;2 ;
17 ;104 ;0 ;0 ;
18 ;104 ;0 ;1 ;
19 ;104 ;0 ;2 ;
20 ;201 ;0 ;0 ;
21 ;201 ;0 ;1 ;
22 ;203 ;0 ;0 ;
23 ;203 ;0 ;1 ;
24 ;203 ;0 ;2 ;
25 ;203 ;0 ;3 ;
26 ;203 ;0 ;4 ;
27 ;203 ;0 ;5 ;
28 ;203 ;0 ;6 ;
29 ;204 ;0 ;0 ;
30 ;204 ;0 ;1 ;
31 ;204 ;0 ;2 ;
32 ;205 ;0 ;0 ;
33 ;205 ;0 ;1 ;
34 ;205 ;0 ;2 ;
35 ;205 ;0 ;3 ;
36 ;205 ;0 ;4 ;
37 ;206 ;0 ;0 ;
38 ;206 ;0 ;1 ;
39 ;206 ;0 ;2 ;
40 ;206 ;0 ;3 ;
41 ;207 ;0 ;0 ;
42 ;207 ;0 ;1 ;
43 ;207 ;0 ;2 ;
44 ;207 ;0 ;3 ;
45 ;207 ;0 ;4 ;
46 ;207 ;0 ;5 ;
47 ;207 ;0 ;6 ;
48 ;207 ;0 ;7 ;
49 ;208 ;0 ;0 ;
50 ;208 ;0 ;1 ;
51 ;208 ;0 ;2 ;
52 ;208 ;0 ;3 ;
53 ;209 ;0 ;0 ;
54 ;209 ;0 ;1 ;
55 ;209 ;0 ;2 ;
56 ;209 ;0 ;3 ;
57 ;210 ;0 ;0 ;
58 ;210 ;0 ;1 ;
59 ;210 ;0 ;2 ;
60 ;210 ;0 ;3 ;
61 ;211 ;0 ;0 ;
62 ;213 ;0 ;0 ;
63 ;213 ;0 ;1 ;
64 ;213 ;0 ;2 ;
65 ;213 ;0 ;3 ;
66 ;213 ;0 ;4 ;
67 ;213 ;0 ;5 ;
68 ;213 ;0 ;6 ;
69 ;214 ;0 ;0 ;
70 ;214 ;0 ;1 ;
71 ;214 ;0 ;2 ;
72 ;214 ;0 ;3 ;
73 ;215 ;0 ;0 ;
74 ;215 ;0 ;1 ;
75 ;215 ;0 ;2 ;
76 ;216 ;0 ;0 ;
77 ;216 ;0 ;1 ;
78 ;216 ;0 ;2 ;
79 ;301 ;0 ;0 ;
80 ;301 ;0 ;1 ;
81 ;303 ;0 ;0 ;
82 ;303 ;0 ;1 ;
83 ;303 ;0 ;2 ;
84 ;303 ;0 ;3 ;
85 ;303 ;0 ;4 ;
86 ;304 ;0 ;0 ;
87 ;304 ;0 ;1 ;
88 ;304 ;0 ;2 ;
89 ;305 ;0 ;0 ;
90 ;305 ;0 ;1 ;
91 ;305 ;0 ;2 ;
92 ;305 ;0 ;3 ;
93 ;306 ;0 ;0 ;
94 ;306 ;0 ;1 ;
95 ;306 ;0 ;2 ;
96 ;306 ;0 ;3 ;
97 ;401 ;0 ;0 ;
98 ;401 ;0 ;1 ;
99 ;403 ;0 ;0 ;
100 ;403 ;0 ;1 ;
101 ;403 ;0 ;2 ;
102 ;403 ;0 ;3 ;
103 ;403 ;0 ;4 ;
104 ;403 ;0 ;5 ;
105 ;403 ;0 ;6 ;
106 ;403 ;0 ;7 ;
107 ;404 ;0 ;0 ;
108 ;404 ;0 ;1 ;
109 ;404 ;0 ;2 ;
110 ;404 ;0 ;3 ;
111 ;405 ;0 ;0 ;
112 ;405 ;0 ;1 ;
113 ;405 ;0 ;2 ;
114 ;406 ;0 ;0 ;
115 ;406 ;0 ;1 ;
116 ;406 ;0 ;2 ;
117 ;407 ;0 ;0 ;
118 ;407 ;0 ;1 ;
119 ;407 ;0 ;2 ;
120 ;407 ;0 ;3 ;
121 ;407 ;0 ;4 ;
122 ;407 ;0 ;5 ;
123 ;407 ;0 ;6 ;
124 ;408 ;0 ;0 ;
125 ;408 ;0 ;1 ;
126 ;408 ;0 ;2 ;
127 ;409 ;0 ;0 ;
128 ;409 ;0 ;1 ;
129 ;409 ;0 ;2 ;
130 ;409 ;0 ;3 ;
131 ;410 ;0 ;0 ;
132 ;410 ;0 ;1 ;
133 ;410 ;0 ;2 ;
134 ;410 ;0 ;3 ;
135 ;411 ;0 ;0 ;
136 ;411 ;0 ;1 ;
137 ;413 ;0 ;0 ;
138 ;413 ;0 ;1 ;
139 ;413 ;0 ;2 ;
140 ;413 ;0 ;3 ;
141 ;413 ;0 ;4 ;
142 ;414 ;0 ;0 ;
143 ;414 ;0 ;1 ;
144 ;414 ;0 ;2 ;
145 ;415 ;0 ;0 ;
146 ;415 ;0 ;1 ;
147 ;415 ;0 ;2 ;
148 ;416 ;0 ;0 ;
149 ;416 ;0 ;1 ;
150 ;416 ;0 ;2 ;
151 ;501 ;0 ;0 ;
152 ;503 ;0 ;0 ;
153 ;503 ;0 ;1 ;
154 ;503 ;0 ;2 ;
155 ;503 ;0 ;3 ;
156 ;503 ;0 ;4 ;
157 ;503 ;0 ;5 ;
158 ;503 ;0 ;6 ;
159 ;504 ;0 ;0 ;
160 ;504 ;0 ;1 ;
161 ;504 ;0 ;2 ;
162 ;505 ;0 ;0 ;
163 ;505 ;0 ;1 ;
164 ;505 ;0 ;2 ;
165 ;505 ;0 ;3 ;
166 ;506 ;0 ;0 ;
167 ;506 ;0 ;1 ;
168 ;506 ;0 ;2 ;
169 ;506 ;0 ;3 ;
170 ;601 ;0 ;0 ;
171 ;601 ;0 ;1 ;
172 ;603 ;0 ;0 ;
173 ;603 ;0 ;1 ;
174 ;603 ;0 ;2 ;
175 ;604 ;0 ;0 ;
176 ;604 ;0 ;1 ;
177 ;605 ;0 ;0 ;
178 ;605 ;0 ;1 ;
179 ;605 ;0 ;2 ;
180 ;606 ;0 ;0 ;
181 ;606 ;0 ;1 ;
182 ;606 ;0 ;2 ;
183 ;607 ;0 ;0 ;
184 ;607 ;0 ;1 ;
185 ;607 ;0 ;2 ;
186 ;607 ;0 ;3 ;
187 ;607 ;0 ;4 ;
188 ;607 ;0 ;5 ;
189 ;607 ;0 ;6 ;
190 ;607 ;0 ;7 ;
191 ;607 ;0 ;8 ;
192 ;608 ;0 ;0 ;
193 ;608 ;0 ;1 ;
194 ;608 ;0 ;2 ;
195 ;609 ;0 ;0 ;
196 ;609 ;0 ;1 ;
197 ;609 ;0 ;2 ;
198 ;610 ;0 ;0 ;
199 ;610 ;0 ;1 ;
200 ;610 ;0 ;2 ;
201 ;611 ;0 ;0 ;
202 ;613 ;0 ;0 ;
203 ;613 ;0 ;1 ;
204 ;613 ;0 ;2 ;
205 ;613 ;0 ;3 ;
206 ;613 ;0 ;4 ;
207 ;613 ;0 ;5 ;
208 ;614 ;0 ;0 ;
209 ;614 ;0 ;1 ;
210 ;615 ;0 ;0 ;
211 ;615 ;0 ;1 ;
212 ;616 ;0 ;0 ;
213 ;616 ;0 ;1 ;
214 ;701 ;0 ;0 ;
215 ;701 ;0 ;1 ;
216 ;701 ;0 ;2 ;
217 ;703 ;0 ;0 ;
218 ;703 ;0 ;1 ;
219 ;703 ;0 ;2 ;
220 ;703 ;0 ;3 ;
221 ;703 ;0 ;4 ;
222 ;703 ;0 ;5 ;
223 ;704 ;0 ;0 ;
224 ;704 ;0 ;1 ;
225 ;704 ;0 ;2 ;
226 ;705 ;0 ;0 ;
227 ;705 ;0 ;1 ;
228 ;705 ;0 ;2 ;
229 ;706 ;0 ;0 ;
230 ;706 ;0 ;1 ;
231 ;706 ;0 ;2 ;
232 ;707 ;0 ;0 ;
233 ;707 ;0 ;1 ;
234 ;707 ;0 ;2 ;
235 ;707 ;0 ;3 ;
236 ;707 ;0 ;4 ;
237 ;707 ;0 ;5 ;
238 ;707 ;0 ;6 ;
239 ;708 ;0 ;0 ;
240 ;708 ;0 ;1 ;
241 ;708 ;0 ;2 ;
242 ;709 ;0 ;0 ;
243 ;709 ;0 ;1 ;
244 ;709 ;0 ;2 ;
245 ;709 ;0 ;3 ;
246 ;710 ;0 ;0 ;
247 ;710 ;0 ;1 ;
248 ;710 ;0 ;2 ;
249 ;710 ;0 ;3 ;
250 ;710 ;0 ;4 ;
251 ;711 ;0 ;0 ;
252 ;713 ;0 ;0 ;
253 ;713 ;0 ;1 ;
254 ;713 ;0 ;2 ;
255 ;714 ;0 ;0 ;
256 ;715 ;0 ;0 ;
257 ;715 ;0 ;1 ;
258 ;715 ;0 ;2 ;
259 ;716 ;0 ;0 ;
260 ;716 ;0 ;1 ;
261 ;716 ;0 ;2 ;
