event; round;heat;lane;relais;idBib;
101 ;0 ;0 ;2 ;0 ;72 ;
101 ;0 ;0 ;3 ;0 ;25 ;
101 ;0 ;0 ;4 ;0 ;104 ;
101 ;0 ;0 ;5 ;0 ;13 ;
101 ;0 ;1 ;2 ;0 ;135 ;
101 ;0 ;1 ;3 ;0 ;67 ;
101 ;0 ;1 ;4 ;0 ;115 ;
101 ;0 ;1 ;5 ;0 ;22 ;
101 ;0 ;2 ;1 ;0 ;39 ;
101 ;0 ;2 ;2 ;0 ;111 ;
101 ;0 ;2 ;3 ;0 ;85 ;
101 ;0 ;2 ;4 ;0 ;19 ;
101 ;0 ;2 ;5 ;0 ;90 ;
101 ;0 ;2 ;6 ;0 ;81 ;
101 ;0 ;3 ;1 ;0 ;62 ;
101 ;0 ;3 ;2 ;0 ;10 ;
101 ;0 ;3 ;3 ;0 ;6 ;
101 ;0 ;3 ;4 ;0 ;17 ;
101 ;0 ;3 ;5 ;0 ;86 ;
101 ;0 ;3 ;6 ;0 ;139 ;
101 ;0 ;4 ;1 ;0 ;80 ;
101 ;0 ;4 ;2 ;0 ;15 ;
101 ;0 ;4 ;3 ;0 ;91 ;
101 ;0 ;4 ;4 ;0 ;46 ;
101 ;0 ;4 ;5 ;0 ;23 ;
101 ;0 ;4 ;6 ;0 ;51 ;
101 ;0 ;5 ;1 ;0 ;77 ;
101 ;0 ;5 ;2 ;0 ;65 ;
101 ;0 ;5 ;3 ;0 ;54 ;
101 ;0 ;5 ;4 ;0 ;37 ;
101 ;0 ;5 ;5 ;0 ;21 ;
101 ;0 ;5 ;6 ;0 ;75 ;
102 ;0 ;0 ;2 ;0 ;97 ;
102 ;0 ;0 ;3 ;0 ;136 ;
102 ;0 ;0 ;4 ;0 ;131 ;
102 ;0 ;0 ;5 ;0 ;52 ;
102 ;0 ;1 ;2 ;0 ;60 ;
102 ;0 ;1 ;3 ;0 ;95 ;
102 ;0 ;1 ;4 ;0 ;130 ;
102 ;0 ;1 ;5 ;0 ;89 ;
102 ;0 ;2 ;1 ;0 ;143 ;
102 ;0 ;2 ;2 ;0 ;66 ;
102 ;0 ;2 ;3 ;0 ;119 ;
102 ;0 ;2 ;4 ;0 ;8 ;
102 ;0 ;2 ;5 ;0 ;120 ;
102 ;0 ;2 ;6 ;0 ;4 ;
103 ;0 ;0 ;1 ;0 ;40 ;
103 ;0 ;0 ;2 ;0 ;133 ;
103 ;0 ;0 ;3 ;0 ;29 ;
103 ;0 ;0 ;4 ;0 ;1 ;
103 ;0 ;0 ;5 ;0 ;138 ;
103 ;0 ;1 ;1 ;0 ;64 ;
103 ;0 ;1 ;2 ;0 ;161 ;
103 ;0 ;1 ;3 ;0 ;99 ;
103 ;0 ;1 ;4 ;0 ;28 ;
103 ;0 ;1 ;5 ;0 ;36 ;
103 ;0 ;2 ;1 ;0 ;137 ;
103 ;0 ;2 ;2 ;0 ;20 ;
103 ;0 ;2 ;3 ;0 ;33 ;
103 ;0 ;2 ;4 ;0 ;108 ;
103 ;0 ;2 ;5 ;0 ;59 ;
103 ;0 ;2 ;6 ;0 ;142 ;
104 ;0 ;0 ;1 ;0 ;94 ;
104 ;0 ;0 ;2 ;0 ;122 ;
104 ;0 ;0 ;3 ;0 ;45 ;
104 ;0 ;0 ;4 ;0 ;105 ;
104 ;0 ;0 ;5 ;0 ;160 ;
104 ;0 ;0 ;6 ;0 ;55 ;
104 ;0 ;1 ;1 ;0 ;70 ;
104 ;0 ;1 ;2 ;0 ;68 ;
104 ;0 ;1 ;3 ;0 ;159 ;
104 ;0 ;1 ;4 ;0 ;30 ;
104 ;0 ;1 ;5 ;0 ;153 ;
104 ;0 ;1 ;6 ;0 ;61 ;
104 ;0 ;2 ;1 ;0 ;150 ;
104 ;0 ;2 ;2 ;0 ;127 ;
104 ;0 ;2 ;3 ;0 ;2 ;
104 ;0 ;2 ;4 ;0 ;76 ;
104 ;0 ;2 ;5 ;0 ;117 ;
104 ;0 ;2 ;6 ;0 ;58 ;
201 ;0 ;0 ;2 ;0 ;145 ;
201 ;0 ;0 ;3 ;0 ;16 ;
201 ;0 ;0 ;4 ;0 ;121 ;
201 ;0 ;1 ;2 ;0 ;146 ;
201 ;0 ;1 ;3 ;0 ;47 ;
201 ;0 ;1 ;4 ;0 ;132 ;
201 ;0 ;1 ;5 ;0 ;7 ;
203 ;0 ;0 ;2 ;0 ;151 ;
203 ;0 ;0 ;3 ;0 ;126 ;
203 ;0 ;0 ;4 ;0 ;90 ;
203 ;0 ;1 ;2 ;0 ;11 ;
203 ;0 ;1 ;3 ;0 ;93 ;
203 ;0 ;1 ;4 ;0 ;48 ;
203 ;0 ;1 ;5 ;0 ;139 ;
203 ;0 ;2 ;1 ;0 ;111 ;
203 ;0 ;2 ;2 ;0 ;165 ;
203 ;0 ;2 ;3 ;0 ;84 ;
203 ;0 ;2 ;4 ;0 ;26 ;
203 ;0 ;2 ;5 ;0 ;115 ;
203 ;0 ;2 ;6 ;0 ;25 ;
203 ;0 ;3 ;1 ;0 ;19 ;
203 ;0 ;3 ;2 ;0 ;82 ;
203 ;0 ;3 ;3 ;0 ;81 ;
203 ;0 ;3 ;4 ;0 ;22 ;
203 ;0 ;3 ;5 ;0 ;85 ;
203 ;0 ;3 ;6 ;0 ;17 ;
203 ;0 ;4 ;1 ;0 ;15 ;
203 ;0 ;4 ;2 ;0 ;46 ;
203 ;0 ;4 ;3 ;0 ;10 ;
203 ;0 ;4 ;4 ;0 ;72 ;
203 ;0 ;4 ;5 ;0 ;6 ;
203 ;0 ;4 ;6 ;0 ;80 ;
203 ;0 ;5 ;1 ;0 ;13 ;
203 ;0 ;5 ;2 ;0 ;86 ;
203 ;0 ;5 ;3 ;0 ;77 ;
203 ;0 ;5 ;4 ;0 ;75 ;
203 ;0 ;5 ;5 ;0 ;135 ;
203 ;0 ;5 ;6 ;0 ;51 ;
203 ;0 ;6 ;1 ;0 ;21 ;
203 ;0 ;6 ;2 ;0 ;23 ;
203 ;0 ;6 ;3 ;0 ;37 ;
203 ;0 ;6 ;4 ;0 ;65 ;
203 ;0 ;6 ;5 ;0 ;54 ;
203 ;0 ;6 ;6 ;0 ;91 ;
204 ;0 ;0 ;1 ;0 ;69 ;
204 ;0 ;0 ;2 ;0 ;52 ;
204 ;0 ;0 ;3 ;0 ;168 ;
204 ;0 ;0 ;4 ;0 ;98 ;
204 ;0 ;0 ;5 ;0 ;71 ;
204 ;0 ;0 ;6 ;0 ;97 ;
204 ;0 ;1 ;1 ;0 ;136 ;
204 ;0 ;1 ;2 ;0 ;95 ;
204 ;0 ;1 ;3 ;0 ;131 ;
204 ;0 ;1 ;4 ;0 ;60 ;
204 ;0 ;1 ;5 ;0 ;4 ;
204 ;0 ;1 ;6 ;0 ;118 ;
204 ;0 ;2 ;1 ;0 ;143 ;
204 ;0 ;2 ;2 ;0 ;119 ;
204 ;0 ;2 ;3 ;0 ;89 ;
204 ;0 ;2 ;4 ;0 ;8 ;
204 ;0 ;2 ;5 ;0 ;120 ;
204 ;0 ;2 ;6 ;0 ;140 ;
205 ;0 ;0 ;2 ;0 ;92 ;
205 ;0 ;0 ;3 ;0 ;31 ;
205 ;0 ;0 ;4 ;0 ;133 ;
205 ;0 ;1 ;2 ;0 ;128 ;
205 ;0 ;1 ;3 ;0 ;40 ;
205 ;0 ;1 ;4 ;0 ;29 ;
205 ;0 ;1 ;5 ;0 ;138 ;
205 ;0 ;2 ;1 ;0 ;64 ;
205 ;0 ;2 ;2 ;0 ;158 ;
205 ;0 ;2 ;3 ;0 ;99 ;
205 ;0 ;2 ;4 ;0 ;141 ;
205 ;0 ;2 ;5 ;0 ;123 ;
205 ;0 ;2 ;6 ;0 ;28 ;
205 ;0 ;3 ;1 ;0 ;161 ;
205 ;0 ;3 ;2 ;0 ;50 ;
205 ;0 ;3 ;3 ;0 ;36 ;
205 ;0 ;3 ;4 ;0 ;137 ;
205 ;0 ;3 ;5 ;0 ;1 ;
205 ;0 ;3 ;6 ;0 ;59 ;
205 ;0 ;4 ;1 ;0 ;20 ;
205 ;0 ;4 ;2 ;0 ;87 ;
205 ;0 ;4 ;3 ;0 ;33 ;
205 ;0 ;4 ;4 ;0 ;63 ;
205 ;0 ;4 ;5 ;0 ;142 ;
205 ;0 ;4 ;6 ;0 ;108 ;
206 ;0 ;0 ;1 ;0 ;45 ;
206 ;0 ;0 ;2 ;0 ;94 ;
206 ;0 ;0 ;3 ;0 ;122 ;
206 ;0 ;0 ;4 ;0 ;160 ;
206 ;0 ;0 ;5 ;0 ;105 ;
206 ;0 ;0 ;6 ;0 ;70 ;
206 ;0 ;1 ;1 ;0 ;55 ;
206 ;0 ;1 ;2 ;0 ;38 ;
206 ;0 ;1 ;3 ;0 ;5 ;
206 ;0 ;1 ;4 ;0 ;30 ;
206 ;0 ;1 ;5 ;0 ;68 ;
206 ;0 ;1 ;6 ;0 ;88 ;
206 ;0 ;2 ;1 ;0 ;129 ;
206 ;0 ;2 ;2 ;0 ;58 ;
206 ;0 ;2 ;3 ;0 ;159 ;
206 ;0 ;2 ;4 ;0 ;110 ;
206 ;0 ;2 ;5 ;0 ;57 ;
206 ;0 ;2 ;6 ;0 ;150 ;
206 ;0 ;3 ;1 ;0 ;147 ;
206 ;0 ;3 ;2 ;0 ;76 ;
206 ;0 ;3 ;3 ;0 ;2 ;
206 ;0 ;3 ;4 ;0 ;117 ;
206 ;0 ;3 ;5 ;0 ;153 ;
206 ;0 ;3 ;6 ;0 ;127 ;
207 ;0 ;0 ;2 ;0 ;32 ;
207 ;0 ;0 ;3 ;0 ;163 ;
207 ;0 ;0 ;4 ;0 ;34 ;
207 ;0 ;1 ;2 ;0 ;41 ;
207 ;0 ;1 ;3 ;0 ;9 ;
207 ;0 ;1 ;4 ;0 ;84 ;
207 ;0 ;1 ;5 ;0 ;151 ;
207 ;0 ;2 ;1 ;0 ;148 ;
207 ;0 ;2 ;2 ;0 ;113 ;
207 ;0 ;2 ;3 ;0 ;83 ;
207 ;0 ;2 ;4 ;0 ;149 ;
207 ;0 ;2 ;5 ;0 ;82 ;
207 ;0 ;2 ;6 ;0 ;93 ;
207 ;0 ;3 ;1 ;0 ;18 ;
207 ;0 ;3 ;2 ;0 ;12 ;
207 ;0 ;3 ;3 ;0 ;90 ;
207 ;0 ;3 ;4 ;0 ;19 ;
207 ;0 ;3 ;5 ;0 ;17 ;
207 ;0 ;3 ;6 ;0 ;6 ;
207 ;0 ;4 ;1 ;0 ;85 ;
207 ;0 ;4 ;2 ;0 ;115 ;
207 ;0 ;4 ;3 ;0 ;10 ;
207 ;0 ;4 ;4 ;0 ;111 ;
207 ;0 ;4 ;5 ;0 ;72 ;
207 ;0 ;4 ;6 ;0 ;39 ;
207 ;0 ;5 ;1 ;0 ;22 ;
207 ;0 ;5 ;2 ;0 ;48 ;
207 ;0 ;5 ;3 ;0 ;25 ;
207 ;0 ;5 ;4 ;0 ;135 ;
207 ;0 ;5 ;5 ;0 ;81 ;
207 ;0 ;5 ;6 ;0 ;109 ;
207 ;0 ;6 ;1 ;0 ;13 ;
207 ;0 ;6 ;2 ;0 ;46 ;
207 ;0 ;6 ;3 ;0 ;139 ;
207 ;0 ;6 ;4 ;0 ;86 ;
207 ;0 ;6 ;5 ;0 ;80 ;
207 ;0 ;6 ;6 ;0 ;51 ;
207 ;0 ;7 ;1 ;0 ;77 ;
207 ;0 ;7 ;2 ;0 ;23 ;
207 ;0 ;7 ;3 ;0 ;54 ;
207 ;0 ;7 ;4 ;0 ;65 ;
207 ;0 ;7 ;5 ;0 ;75 ;
207 ;0 ;7 ;6 ;0 ;15 ;
208 ;0 ;0 ;2 ;0 ;3 ;
208 ;0 ;0 ;3 ;0 ;168 ;
208 ;0 ;0 ;4 ;0 ;98 ;
208 ;0 ;1 ;2 ;0 ;154 ;
208 ;0 ;1 ;3 ;0 ;97 ;
208 ;0 ;1 ;4 ;0 ;118 ;
208 ;0 ;1 ;5 ;0 ;130 ;
208 ;0 ;2 ;1 ;0 ;95 ;
208 ;0 ;2 ;2 ;0 ;71 ;
208 ;0 ;2 ;3 ;0 ;60 ;
208 ;0 ;2 ;4 ;0 ;4 ;
208 ;0 ;2 ;5 ;0 ;69 ;
208 ;0 ;2 ;6 ;0 ;136 ;
208 ;0 ;3 ;1 ;0 ;131 ;
208 ;0 ;3 ;2 ;0 ;8 ;
208 ;0 ;3 ;3 ;0 ;143 ;
208 ;0 ;3 ;4 ;0 ;89 ;
208 ;0 ;3 ;5 ;0 ;66 ;
208 ;0 ;3 ;6 ;0 ;52 ;
209 ;0 ;0 ;1 ;0 ;92 ;
209 ;0 ;0 ;2 ;0 ;31 ;
209 ;0 ;0 ;3 ;0 ;29 ;
209 ;0 ;0 ;4 ;0 ;133 ;
209 ;0 ;0 ;5 ;0 ;138 ;
209 ;0 ;0 ;6 ;0 ;128 ;
209 ;0 ;1 ;1 ;0 ;40 ;
209 ;0 ;1 ;2 ;0 ;64 ;
209 ;0 ;1 ;3 ;0 ;36 ;
209 ;0 ;1 ;4 ;0 ;158 ;
209 ;0 ;1 ;5 ;0 ;99 ;
209 ;0 ;1 ;6 ;0 ;123 ;
209 ;0 ;2 ;1 ;0 ;141 ;
209 ;0 ;2 ;2 ;0 ;87 ;
209 ;0 ;2 ;3 ;0 ;28 ;
209 ;0 ;2 ;4 ;0 ;108 ;
209 ;0 ;2 ;5 ;0 ;50 ;
209 ;0 ;2 ;6 ;0 ;161 ;
209 ;0 ;3 ;1 ;0 ;33 ;
209 ;0 ;3 ;2 ;0 ;142 ;
209 ;0 ;3 ;3 ;0 ;63 ;
209 ;0 ;3 ;4 ;0 ;20 ;
209 ;0 ;3 ;5 ;0 ;59 ;
209 ;0 ;3 ;6 ;0 ;1 ;
210 ;0 ;0 ;1 ;0 ;94 ;
210 ;0 ;0 ;2 ;0 ;122 ;
210 ;0 ;0 ;3 ;0 ;70 ;
210 ;0 ;0 ;4 ;0 ;35 ;
210 ;0 ;0 ;5 ;0 ;160 ;
210 ;0 ;1 ;1 ;0 ;105 ;
210 ;0 ;1 ;2 ;0 ;110 ;
210 ;0 ;1 ;3 ;0 ;38 ;
210 ;0 ;1 ;4 ;0 ;68 ;
210 ;0 ;1 ;5 ;0 ;45 ;
210 ;0 ;2 ;1 ;0 ;55 ;
210 ;0 ;2 ;2 ;0 ;159 ;
210 ;0 ;2 ;3 ;0 ;150 ;
210 ;0 ;2 ;4 ;0 ;117 ;
210 ;0 ;2 ;5 ;0 ;88 ;
210 ;0 ;2 ;6 ;0 ;129 ;
210 ;0 ;3 ;1 ;0 ;127 ;
210 ;0 ;3 ;2 ;0 ;76 ;
210 ;0 ;3 ;3 ;0 ;2 ;
210 ;0 ;3 ;4 ;0 ;153 ;
210 ;0 ;3 ;5 ;0 ;57 ;
210 ;0 ;3 ;6 ;0 ;58 ;
211 ;0 ;0 ;1 ;0 ;134 ;
211 ;0 ;0 ;2 ;0 ;47 ;
211 ;0 ;0 ;3 ;0 ;7 ;
211 ;0 ;0 ;4 ;0 ;146 ;
211 ;0 ;0 ;5 ;0 ;16 ;
213 ;0 ;0 ;1 ;0 ;34 ;
213 ;0 ;0 ;2 ;0 ;41 ;
213 ;0 ;0 ;3 ;0 ;126 ;
213 ;0 ;0 ;4 ;0 ;72 ;
213 ;0 ;0 ;5 ;0 ;96 ;
213 ;0 ;1 ;1 ;0 ;104 ;
213 ;0 ;1 ;2 ;0 ;6 ;
213 ;0 ;1 ;3 ;0 ;84 ;
213 ;0 ;1 ;4 ;0 ;14 ;
213 ;0 ;1 ;5 ;0 ;90 ;
213 ;0 ;2 ;1 ;0 ;18 ;
213 ;0 ;2 ;2 ;0 ;113 ;
213 ;0 ;2 ;3 ;0 ;26 ;
213 ;0 ;2 ;4 ;0 ;39 ;
213 ;0 ;2 ;5 ;0 ;12 ;
213 ;0 ;2 ;6 ;0 ;19 ;
213 ;0 ;3 ;1 ;0 ;25 ;
213 ;0 ;3 ;2 ;0 ;135 ;
213 ;0 ;3 ;3 ;0 ;10 ;
213 ;0 ;3 ;4 ;0 ;115 ;
213 ;0 ;3 ;5 ;0 ;17 ;
213 ;0 ;3 ;6 ;0 ;22 ;
213 ;0 ;4 ;1 ;0 ;85 ;
213 ;0 ;4 ;2 ;0 ;81 ;
213 ;0 ;4 ;3 ;0 ;15 ;
213 ;0 ;4 ;4 ;0 ;109 ;
213 ;0 ;4 ;5 ;0 ;86 ;
213 ;0 ;4 ;6 ;0 ;139 ;
213 ;0 ;5 ;1 ;0 ;46 ;
213 ;0 ;5 ;2 ;0 ;13 ;
213 ;0 ;5 ;3 ;0 ;91 ;
213 ;0 ;5 ;4 ;0 ;51 ;
213 ;0 ;5 ;5 ;0 ;23 ;
213 ;0 ;5 ;6 ;0 ;80 ;
213 ;0 ;6 ;1 ;0 ;77 ;
213 ;0 ;6 ;2 ;0 ;37 ;
213 ;0 ;6 ;3 ;0 ;54 ;
213 ;0 ;6 ;4 ;0 ;65 ;
213 ;0 ;6 ;5 ;0 ;21 ;
213 ;0 ;6 ;6 ;0 ;75 ;
214 ;0 ;0 ;2 ;0 ;3 ;
214 ;0 ;0 ;3 ;0 ;69 ;
214 ;0 ;0 ;4 ;0 ;98 ;
214 ;0 ;0 ;5 ;0 ;71 ;
214 ;0 ;1 ;2 ;0 ;118 ;
214 ;0 ;1 ;3 ;0 ;140 ;
214 ;0 ;1 ;4 ;0 ;97 ;
214 ;0 ;1 ;5 ;0 ;52 ;
214 ;0 ;2 ;1 ;0 ;60 ;
214 ;0 ;2 ;2 ;0 ;136 ;
214 ;0 ;2 ;3 ;0 ;130 ;
214 ;0 ;2 ;4 ;0 ;95 ;
214 ;0 ;2 ;5 ;0 ;131 ;
214 ;0 ;2 ;6 ;0 ;4 ;
214 ;0 ;3 ;1 ;0 ;89 ;
214 ;0 ;3 ;2 ;0 ;8 ;
214 ;0 ;3 ;3 ;0 ;119 ;
214 ;0 ;3 ;4 ;0 ;66 ;
214 ;0 ;3 ;5 ;0 ;120 ;
214 ;0 ;3 ;6 ;0 ;143 ;
215 ;0 ;0 ;2 ;0 ;133 ;
215 ;0 ;0 ;3 ;0 ;31 ;
215 ;0 ;0 ;4 ;0 ;64 ;
215 ;0 ;1 ;2 ;0 ;161 ;
215 ;0 ;1 ;3 ;0 ;29 ;
215 ;0 ;1 ;4 ;0 ;1 ;
215 ;0 ;1 ;5 ;0 ;99 ;
215 ;0 ;2 ;1 ;0 ;36 ;
215 ;0 ;2 ;2 ;0 ;50 ;
215 ;0 ;2 ;3 ;0 ;137 ;
215 ;0 ;2 ;4 ;0 ;59 ;
215 ;0 ;2 ;5 ;0 ;87 ;
215 ;0 ;2 ;6 ;0 ;63 ;
216 ;0 ;0 ;2 ;0 ;94 ;
216 ;0 ;0 ;3 ;0 ;45 ;
216 ;0 ;0 ;4 ;0 ;105 ;
216 ;0 ;1 ;2 ;0 ;160 ;
216 ;0 ;1 ;3 ;0 ;70 ;
216 ;0 ;1 ;4 ;0 ;35 ;
216 ;0 ;1 ;5 ;0 ;38 ;
216 ;0 ;2 ;1 ;0 ;5 ;
216 ;0 ;2 ;2 ;0 ;30 ;
216 ;0 ;2 ;3 ;0 ;127 ;
216 ;0 ;2 ;4 ;0 ;150 ;
216 ;0 ;2 ;5 ;0 ;159 ;
216 ;0 ;2 ;6 ;0 ;68 ;
301 ;0 ;0 ;2 ;0 ;106 ;
301 ;0 ;0 ;3 ;0 ;107 ;
301 ;0 ;0 ;4 ;0 ;27 ;
301 ;0 ;0 ;5 ;0 ;16 ;
301 ;0 ;1 ;1 ;0 ;121 ;
301 ;0 ;1 ;2 ;0 ;167 ;
301 ;0 ;1 ;3 ;0 ;47 ;
301 ;0 ;1 ;4 ;0 ;7 ;
301 ;0 ;1 ;5 ;0 ;146 ;
303 ;0 ;0 ;2 ;0 ;72 ;
303 ;0 ;0 ;3 ;0 ;25 ;
303 ;0 ;0 ;4 ;0 ;90 ;
303 ;0 ;0 ;5 ;0 ;135 ;
303 ;0 ;1 ;2 ;0 ;115 ;
303 ;0 ;1 ;3 ;0 ;85 ;
303 ;0 ;1 ;4 ;0 ;22 ;
303 ;0 ;1 ;5 ;0 ;17 ;
303 ;0 ;2 ;1 ;0 ;6 ;
303 ;0 ;2 ;2 ;0 ;10 ;
303 ;0 ;2 ;3 ;0 ;169 ;
303 ;0 ;2 ;4 ;0 ;51 ;
303 ;0 ;2 ;5 ;0 ;81 ;
303 ;0 ;2 ;6 ;0 ;86 ;
303 ;0 ;3 ;1 ;0 ;46 ;
303 ;0 ;3 ;2 ;0 ;80 ;
303 ;0 ;3 ;3 ;0 ;139 ;
303 ;0 ;3 ;4 ;0 ;91 ;
303 ;0 ;3 ;5 ;0 ;15 ;
303 ;0 ;3 ;6 ;0 ;75 ;
303 ;0 ;4 ;1 ;0 ;21 ;
303 ;0 ;4 ;2 ;0 ;65 ;
303 ;0 ;4 ;3 ;0 ;37 ;
303 ;0 ;4 ;4 ;0 ;54 ;
303 ;0 ;4 ;5 ;0 ;23 ;
303 ;0 ;4 ;6 ;0 ;77 ;
304 ;0 ;0 ;2 ;0 ;136 ;
304 ;0 ;0 ;3 ;0 ;168 ;
304 ;0 ;0 ;4 ;0 ;131 ;
304 ;0 ;1 ;2 ;0 ;52 ;
304 ;0 ;1 ;3 ;0 ;95 ;
304 ;0 ;1 ;4 ;0 ;60 ;
304 ;0 ;1 ;5 ;0 ;4 ;
304 ;0 ;2 ;1 ;0 ;66 ;
304 ;0 ;2 ;2 ;0 ;8 ;
304 ;0 ;2 ;3 ;0 ;119 ;
304 ;0 ;2 ;4 ;0 ;89 ;
304 ;0 ;2 ;5 ;0 ;120 ;
304 ;0 ;2 ;6 ;0 ;143 ;
305 ;0 ;0 ;1 ;0 ;92 ;
305 ;0 ;0 ;2 ;0 ;31 ;
305 ;0 ;0 ;3 ;0 ;133 ;
305 ;0 ;0 ;4 ;0 ;138 ;
305 ;0 ;0 ;5 ;0 ;40 ;
305 ;0 ;0 ;6 ;0 ;29 ;
305 ;0 ;1 ;1 ;0 ;64 ;
305 ;0 ;1 ;2 ;0 ;128 ;
305 ;0 ;1 ;3 ;0 ;141 ;
305 ;0 ;1 ;4 ;0 ;28 ;
305 ;0 ;1 ;5 ;0 ;158 ;
305 ;0 ;1 ;6 ;0 ;108 ;
305 ;0 ;2 ;1 ;0 ;123 ;
305 ;0 ;2 ;2 ;0 ;99 ;
305 ;0 ;2 ;3 ;0 ;161 ;
305 ;0 ;2 ;4 ;0 ;36 ;
305 ;0 ;2 ;5 ;0 ;33 ;
305 ;0 ;2 ;6 ;0 ;1 ;
305 ;0 ;3 ;1 ;0 ;162 ;
305 ;0 ;3 ;2 ;0 ;50 ;
305 ;0 ;3 ;3 ;0 ;20 ;
305 ;0 ;3 ;4 ;0 ;87 ;
305 ;0 ;3 ;5 ;0 ;59 ;
305 ;0 ;3 ;6 ;0 ;142 ;
306 ;0 ;0 ;2 ;0 ;45 ;
306 ;0 ;0 ;3 ;0 ;94 ;
306 ;0 ;0 ;4 ;0 ;160 ;
306 ;0 ;0 ;5 ;0 ;105 ;
306 ;0 ;1 ;1 ;0 ;122 ;
306 ;0 ;1 ;2 ;0 ;30 ;
306 ;0 ;1 ;3 ;0 ;55 ;
306 ;0 ;1 ;4 ;0 ;70 ;
306 ;0 ;1 ;5 ;0 ;68 ;
306 ;0 ;2 ;1 ;0 ;129 ;
306 ;0 ;2 ;2 ;0 ;88 ;
306 ;0 ;2 ;3 ;0 ;38 ;
306 ;0 ;2 ;4 ;0 ;110 ;
306 ;0 ;2 ;5 ;0 ;117 ;
306 ;0 ;2 ;6 ;0 ;58 ;
306 ;0 ;3 ;1 ;0 ;57 ;
306 ;0 ;3 ;2 ;0 ;2 ;
306 ;0 ;3 ;3 ;0 ;76 ;
306 ;0 ;3 ;4 ;0 ;153 ;
306 ;0 ;3 ;5 ;0 ;150 ;
306 ;0 ;3 ;6 ;0 ;127 ;
401 ;0 ;0 ;1 ;0 ;106 ;
401 ;0 ;0 ;2 ;0 ;43 ;
401 ;0 ;0 ;3 ;0 ;144 ;
401 ;0 ;0 ;4 ;0 ;107 ;
401 ;0 ;0 ;5 ;0 ;156 ;
401 ;0 ;0 ;6 ;0 ;145 ;
401 ;0 ;1 ;1 ;0 ;146 ;
401 ;0 ;1 ;2 ;0 ;167 ;
401 ;0 ;1 ;3 ;0 ;47 ;
401 ;0 ;1 ;4 ;0 ;7 ;
401 ;0 ;1 ;5 ;0 ;121 ;
401 ;0 ;1 ;6 ;0 ;16 ;
403 ;0 ;0 ;2 ;0 ;32 ;
403 ;0 ;0 ;3 ;0 ;126 ;
403 ;0 ;0 ;4 ;0 ;72 ;
403 ;0 ;0 ;5 ;0 ;155 ;
403 ;0 ;1 ;2 ;0 ;90 ;
403 ;0 ;1 ;3 ;0 ;9 ;
403 ;0 ;1 ;4 ;0 ;11 ;
403 ;0 ;1 ;5 ;0 ;12 ;
403 ;0 ;2 ;1 ;0 ;83 ;
403 ;0 ;2 ;2 ;0 ;67 ;
403 ;0 ;2 ;3 ;0 ;111 ;
403 ;0 ;2 ;4 ;0 ;93 ;
403 ;0 ;2 ;5 ;0 ;165 ;
403 ;0 ;2 ;6 ;0 ;48 ;
403 ;0 ;3 ;1 ;0 ;113 ;
403 ;0 ;3 ;2 ;0 ;18 ;
403 ;0 ;3 ;3 ;0 ;82 ;
403 ;0 ;3 ;4 ;0 ;26 ;
403 ;0 ;3 ;5 ;0 ;135 ;
403 ;0 ;3 ;6 ;0 ;19 ;
403 ;0 ;4 ;1 ;0 ;39 ;
403 ;0 ;4 ;2 ;0 ;109 ;
403 ;0 ;4 ;3 ;0 ;17 ;
403 ;0 ;4 ;4 ;0 ;22 ;
403 ;0 ;4 ;5 ;0 ;81 ;
403 ;0 ;4 ;6 ;0 ;115 ;
403 ;0 ;5 ;1 ;0 ;85 ;
403 ;0 ;5 ;2 ;0 ;46 ;
403 ;0 ;5 ;3 ;0 ;169 ;
403 ;0 ;5 ;4 ;0 ;10 ;
403 ;0 ;5 ;5 ;0 ;6 ;
403 ;0 ;5 ;6 ;0 ;13 ;
403 ;0 ;6 ;1 ;0 ;139 ;
403 ;0 ;6 ;2 ;0 ;15 ;
403 ;0 ;6 ;3 ;0 ;51 ;
403 ;0 ;6 ;4 ;0 ;80 ;
403 ;0 ;6 ;5 ;0 ;91 ;
403 ;0 ;6 ;6 ;0 ;23 ;
403 ;0 ;7 ;1 ;0 ;75 ;
403 ;0 ;7 ;2 ;0 ;21 ;
403 ;0 ;7 ;3 ;0 ;54 ;
403 ;0 ;7 ;4 ;0 ;65 ;
403 ;0 ;7 ;5 ;0 ;37 ;
403 ;0 ;7 ;6 ;0 ;77 ;
404 ;0 ;0 ;2 ;0 ;3 ;
404 ;0 ;0 ;3 ;0 ;52 ;
404 ;0 ;0 ;4 ;0 ;168 ;
404 ;0 ;1 ;2 ;0 ;98 ;
404 ;0 ;1 ;3 ;0 ;97 ;
404 ;0 ;1 ;4 ;0 ;136 ;
404 ;0 ;1 ;5 ;0 ;60 ;
404 ;0 ;2 ;1 ;0 ;69 ;
404 ;0 ;2 ;2 ;0 ;95 ;
404 ;0 ;2 ;3 ;0 ;71 ;
404 ;0 ;2 ;4 ;0 ;131 ;
404 ;0 ;2 ;5 ;0 ;140 ;
404 ;0 ;2 ;6 ;0 ;4 ;
404 ;0 ;3 ;1 ;0 ;120 ;
404 ;0 ;3 ;2 ;0 ;66 ;
404 ;0 ;3 ;3 ;0 ;119 ;
404 ;0 ;3 ;4 ;0 ;89 ;
404 ;0 ;3 ;5 ;0 ;8 ;
404 ;0 ;3 ;6 ;0 ;143 ;
405 ;0 ;0 ;1 ;0 ;92 ;
405 ;0 ;0 ;2 ;0 ;133 ;
405 ;0 ;0 ;3 ;0 ;31 ;
405 ;0 ;0 ;4 ;0 ;29 ;
405 ;0 ;0 ;5 ;0 ;158 ;
405 ;0 ;1 ;1 ;0 ;20 ;
405 ;0 ;1 ;2 ;0 ;56 ;
405 ;0 ;1 ;3 ;0 ;64 ;
405 ;0 ;1 ;4 ;0 ;99 ;
405 ;0 ;1 ;5 ;0 ;1 ;
405 ;0 ;2 ;1 ;0 ;36 ;
405 ;0 ;2 ;2 ;0 ;59 ;
405 ;0 ;2 ;3 ;0 ;137 ;
405 ;0 ;2 ;4 ;0 ;50 ;
405 ;0 ;2 ;5 ;0 ;87 ;
405 ;0 ;2 ;6 ;0 ;142 ;
406 ;0 ;0 ;1 ;0 ;94 ;
406 ;0 ;0 ;2 ;0 ;153 ;
406 ;0 ;0 ;3 ;0 ;45 ;
406 ;0 ;0 ;4 ;0 ;55 ;
406 ;0 ;0 ;5 ;0 ;105 ;
406 ;0 ;0 ;6 ;0 ;160 ;
406 ;0 ;1 ;1 ;0 ;70 ;
406 ;0 ;1 ;2 ;0 ;68 ;
406 ;0 ;1 ;3 ;0 ;159 ;
406 ;0 ;1 ;4 ;0 ;88 ;
406 ;0 ;1 ;5 ;0 ;150 ;
406 ;0 ;1 ;6 ;0 ;117 ;
406 ;0 ;2 ;1 ;0 ;5 ;
406 ;0 ;2 ;2 ;0 ;58 ;
406 ;0 ;2 ;3 ;0 ;127 ;
406 ;0 ;2 ;4 ;0 ;2 ;
406 ;0 ;2 ;5 ;0 ;30 ;
406 ;0 ;2 ;6 ;0 ;38 ;
407 ;0 ;0 ;2 ;0 ;32 ;
407 ;0 ;0 ;3 ;0 ;163 ;
407 ;0 ;0 ;4 ;0 ;126 ;
407 ;0 ;0 ;5 ;0 ;90 ;
407 ;0 ;1 ;1 ;0 ;9 ;
407 ;0 ;1 ;2 ;0 ;104 ;
407 ;0 ;1 ;3 ;0 ;135 ;
407 ;0 ;1 ;4 ;0 ;111 ;
407 ;0 ;1 ;5 ;0 ;155 ;
407 ;0 ;2 ;1 ;0 ;18 ;
407 ;0 ;2 ;2 ;0 ;14 ;
407 ;0 ;2 ;3 ;0 ;149 ;
407 ;0 ;2 ;4 ;0 ;17 ;
407 ;0 ;2 ;5 ;0 ;48 ;
407 ;0 ;2 ;6 ;0 ;25 ;
407 ;0 ;3 ;1 ;0 ;11 ;
407 ;0 ;3 ;2 ;0 ;12 ;
407 ;0 ;3 ;3 ;0 ;19 ;
407 ;0 ;3 ;4 ;0 ;6 ;
407 ;0 ;3 ;5 ;0 ;115 ;
407 ;0 ;3 ;6 ;0 ;39 ;
407 ;0 ;4 ;1 ;0 ;169 ;
407 ;0 ;4 ;2 ;0 ;10 ;
407 ;0 ;4 ;3 ;0 ;72 ;
407 ;0 ;4 ;4 ;0 ;13 ;
407 ;0 ;4 ;5 ;0 ;22 ;
407 ;0 ;4 ;6 ;0 ;139 ;
407 ;0 ;5 ;1 ;0 ;85 ;
407 ;0 ;5 ;2 ;0 ;46 ;
407 ;0 ;5 ;3 ;0 ;80 ;
407 ;0 ;5 ;4 ;0 ;81 ;
407 ;0 ;5 ;5 ;0 ;51 ;
407 ;0 ;5 ;6 ;0 ;37 ;
407 ;0 ;6 ;1 ;0 ;75 ;
407 ;0 ;6 ;2 ;0 ;54 ;
407 ;0 ;6 ;3 ;0 ;65 ;
407 ;0 ;6 ;4 ;0 ;23 ;
407 ;0 ;6 ;5 ;0 ;77 ;
407 ;0 ;6 ;6 ;0 ;15 ;
408 ;0 ;0 ;1 ;0 ;69 ;
408 ;0 ;0 ;2 ;0 ;168 ;
408 ;0 ;0 ;3 ;0 ;98 ;
408 ;0 ;0 ;4 ;0 ;140 ;
408 ;0 ;0 ;5 ;0 ;136 ;
408 ;0 ;1 ;1 ;0 ;60 ;
408 ;0 ;1 ;2 ;0 ;71 ;
408 ;0 ;1 ;3 ;0 ;52 ;
408 ;0 ;1 ;4 ;0 ;95 ;
408 ;0 ;1 ;5 ;0 ;4 ;
408 ;0 ;2 ;1 ;0 ;66 ;
408 ;0 ;2 ;2 ;0 ;143 ;
408 ;0 ;2 ;3 ;0 ;89 ;
408 ;0 ;2 ;4 ;0 ;120 ;
408 ;0 ;2 ;5 ;0 ;8 ;
408 ;0 ;2 ;6 ;0 ;131 ;
409 ;0 ;0 ;2 ;0 ;92 ;
409 ;0 ;0 ;3 ;0 ;31 ;
409 ;0 ;0 ;4 ;0 ;64 ;
409 ;0 ;0 ;5 ;0 ;133 ;
409 ;0 ;1 ;2 ;0 ;138 ;
409 ;0 ;1 ;3 ;0 ;158 ;
409 ;0 ;1 ;4 ;0 ;29 ;
409 ;0 ;1 ;5 ;0 ;99 ;
409 ;0 ;2 ;1 ;0 ;40 ;
409 ;0 ;2 ;2 ;0 ;123 ;
409 ;0 ;2 ;3 ;0 ;28 ;
409 ;0 ;2 ;4 ;0 ;141 ;
409 ;0 ;2 ;5 ;0 ;59 ;
409 ;0 ;2 ;6 ;0 ;36 ;
409 ;0 ;3 ;1 ;0 ;33 ;
409 ;0 ;3 ;2 ;0 ;87 ;
409 ;0 ;3 ;3 ;0 ;20 ;
409 ;0 ;3 ;4 ;0 ;142 ;
409 ;0 ;3 ;5 ;0 ;1 ;
409 ;0 ;3 ;6 ;0 ;108 ;
410 ;0 ;0 ;2 ;0 ;94 ;
410 ;0 ;0 ;3 ;0 ;38 ;
410 ;0 ;0 ;4 ;0 ;160 ;
410 ;0 ;1 ;2 ;0 ;105 ;
410 ;0 ;1 ;3 ;0 ;70 ;
410 ;0 ;1 ;4 ;0 ;45 ;
410 ;0 ;1 ;5 ;0 ;55 ;
410 ;0 ;2 ;1 ;0 ;88 ;
410 ;0 ;2 ;2 ;0 ;68 ;
410 ;0 ;2 ;3 ;0 ;159 ;
410 ;0 ;2 ;4 ;0 ;129 ;
410 ;0 ;2 ;5 ;0 ;150 ;
410 ;0 ;2 ;6 ;0 ;153 ;
410 ;0 ;3 ;1 ;0 ;58 ;
410 ;0 ;3 ;2 ;0 ;2 ;
410 ;0 ;3 ;3 ;0 ;76 ;
410 ;0 ;3 ;4 ;0 ;117 ;
410 ;0 ;3 ;5 ;0 ;127 ;
410 ;0 ;3 ;6 ;0 ;57 ;
411 ;0 ;0 ;2 ;0 ;144 ;
411 ;0 ;0 ;3 ;0 ;134 ;
411 ;0 ;0 ;4 ;0 ;167 ;
411 ;0 ;0 ;5 ;0 ;16 ;
411 ;0 ;1 ;2 ;0 ;146 ;
411 ;0 ;1 ;3 ;0 ;47 ;
411 ;0 ;1 ;4 ;0 ;121 ;
411 ;0 ;1 ;5 ;0 ;7 ;
413 ;0 ;0 ;2 ;0 ;72 ;
413 ;0 ;0 ;3 ;0 ;10 ;
413 ;0 ;0 ;4 ;0 ;48 ;
413 ;0 ;1 ;2 ;0 ;67 ;
413 ;0 ;1 ;3 ;0 ;17 ;
413 ;0 ;1 ;4 ;0 ;113 ;
413 ;0 ;1 ;5 ;0 ;90 ;
413 ;0 ;2 ;1 ;0 ;135 ;
413 ;0 ;2 ;2 ;0 ;39 ;
413 ;0 ;2 ;3 ;0 ;6 ;
413 ;0 ;2 ;4 ;0 ;25 ;
413 ;0 ;2 ;5 ;0 ;22 ;
413 ;0 ;2 ;6 ;0 ;81 ;
413 ;0 ;3 ;1 ;0 ;91 ;
413 ;0 ;3 ;2 ;0 ;46 ;
413 ;0 ;3 ;3 ;0 ;80 ;
413 ;0 ;3 ;4 ;0 ;139 ;
413 ;0 ;3 ;5 ;0 ;51 ;
413 ;0 ;3 ;6 ;0 ;15 ;
413 ;0 ;4 ;1 ;0 ;21 ;
413 ;0 ;4 ;2 ;0 ;23 ;
413 ;0 ;4 ;3 ;0 ;54 ;
413 ;0 ;4 ;4 ;0 ;37 ;
413 ;0 ;4 ;5 ;0 ;75 ;
413 ;0 ;4 ;6 ;0 ;77 ;
414 ;0 ;0 ;1 ;0 ;3 ;
414 ;0 ;0 ;2 ;0 ;69 ;
414 ;0 ;0 ;3 ;0 ;98 ;
414 ;0 ;0 ;4 ;0 ;71 ;
414 ;0 ;0 ;5 ;0 ;52 ;
414 ;0 ;1 ;1 ;0 ;97 ;
414 ;0 ;1 ;2 ;0 ;60 ;
414 ;0 ;1 ;3 ;0 ;136 ;
414 ;0 ;1 ;4 ;0 ;131 ;
414 ;0 ;1 ;5 ;0 ;95 ;
414 ;0 ;1 ;6 ;0 ;4 ;
414 ;0 ;2 ;1 ;0 ;143 ;
414 ;0 ;2 ;2 ;0 ;8 ;
414 ;0 ;2 ;3 ;0 ;119 ;
414 ;0 ;2 ;4 ;0 ;66 ;
414 ;0 ;2 ;5 ;0 ;120 ;
414 ;0 ;2 ;6 ;0 ;89 ;
415 ;0 ;0 ;1 ;0 ;92 ;
415 ;0 ;0 ;2 ;0 ;133 ;
415 ;0 ;0 ;3 ;0 ;138 ;
415 ;0 ;0 ;4 ;0 ;40 ;
415 ;0 ;0 ;5 ;0 ;64 ;
415 ;0 ;0 ;6 ;0 ;29 ;
415 ;0 ;1 ;1 ;0 ;1 ;
415 ;0 ;1 ;2 ;0 ;99 ;
415 ;0 ;1 ;3 ;0 ;28 ;
415 ;0 ;1 ;4 ;0 ;50 ;
415 ;0 ;1 ;5 ;0 ;137 ;
415 ;0 ;1 ;6 ;0 ;142 ;
415 ;0 ;2 ;1 ;0 ;20 ;
415 ;0 ;2 ;2 ;0 ;108 ;
415 ;0 ;2 ;3 ;0 ;33 ;
415 ;0 ;2 ;4 ;0 ;87 ;
415 ;0 ;2 ;5 ;0 ;59 ;
415 ;0 ;2 ;6 ;0 ;36 ;
416 ;0 ;0 ;1 ;0 ;45 ;
416 ;0 ;0 ;2 ;0 ;94 ;
416 ;0 ;0 ;3 ;0 ;105 ;
416 ;0 ;0 ;4 ;0 ;160 ;
416 ;0 ;0 ;5 ;0 ;70 ;
416 ;0 ;1 ;1 ;0 ;55 ;
416 ;0 ;1 ;2 ;0 ;68 ;
416 ;0 ;1 ;3 ;0 ;30 ;
416 ;0 ;1 ;4 ;0 ;88 ;
416 ;0 ;1 ;5 ;0 ;159 ;
416 ;0 ;1 ;6 ;0 ;57 ;
416 ;0 ;2 ;1 ;0 ;150 ;
416 ;0 ;2 ;2 ;0 ;76 ;
416 ;0 ;2 ;3 ;0 ;2 ;
416 ;0 ;2 ;4 ;0 ;117 ;
416 ;0 ;2 ;5 ;0 ;127 ;
416 ;0 ;2 ;6 ;0 ;153 ;
501 ;0 ;0 ;2 ;0 ;121 ;
501 ;0 ;0 ;3 ;0 ;167 ;
501 ;0 ;0 ;4 ;0 ;146 ;
501 ;0 ;0 ;5 ;0 ;7 ;
503 ;0 ;0 ;2 ;0 ;163 ;
503 ;0 ;0 ;3 ;0 ;126 ;
503 ;0 ;0 ;4 ;0 ;90 ;
503 ;0 ;0 ;5 ;0 ;9 ;
503 ;0 ;1 ;1 ;0 ;48 ;
503 ;0 ;1 ;2 ;0 ;22 ;
503 ;0 ;1 ;3 ;0 ;39 ;
503 ;0 ;1 ;4 ;0 ;169 ;
503 ;0 ;1 ;5 ;0 ;19 ;
503 ;0 ;2 ;1 ;0 ;148 ;
503 ;0 ;2 ;2 ;0 ;14 ;
503 ;0 ;2 ;3 ;0 ;67 ;
503 ;0 ;2 ;4 ;0 ;111 ;
503 ;0 ;2 ;5 ;0 ;26 ;
503 ;0 ;2 ;6 ;0 ;25 ;
503 ;0 ;3 ;1 ;0 ;12 ;
503 ;0 ;3 ;2 ;0 ;113 ;
503 ;0 ;3 ;3 ;0 ;17 ;
503 ;0 ;3 ;4 ;0 ;135 ;
503 ;0 ;3 ;5 ;0 ;81 ;
503 ;0 ;3 ;6 ;0 ;6 ;
503 ;0 ;4 ;1 ;0 ;72 ;
503 ;0 ;4 ;2 ;0 ;10 ;
503 ;0 ;4 ;3 ;0 ;85 ;
503 ;0 ;4 ;4 ;0 ;115 ;
503 ;0 ;4 ;5 ;0 ;46 ;
503 ;0 ;4 ;6 ;0 ;139 ;
503 ;0 ;5 ;1 ;0 ;13 ;
503 ;0 ;5 ;2 ;0 ;86 ;
503 ;0 ;5 ;3 ;0 ;80 ;
503 ;0 ;5 ;4 ;0 ;51 ;
503 ;0 ;5 ;5 ;0 ;91 ;
503 ;0 ;5 ;6 ;0 ;15 ;
503 ;0 ;6 ;1 ;0 ;75 ;
503 ;0 ;6 ;2 ;0 ;54 ;
503 ;0 ;6 ;3 ;0 ;65 ;
503 ;0 ;6 ;4 ;0 ;21 ;
503 ;0 ;6 ;5 ;0 ;23 ;
503 ;0 ;6 ;6 ;0 ;77 ;
504 ;0 ;0 ;2 ;0 ;69 ;
504 ;0 ;0 ;3 ;0 ;97 ;
504 ;0 ;0 ;4 ;0 ;71 ;
504 ;0 ;1 ;2 ;0 ;136 ;
504 ;0 ;1 ;3 ;0 ;52 ;
504 ;0 ;1 ;4 ;0 ;60 ;
504 ;0 ;1 ;5 ;0 ;131 ;
504 ;0 ;2 ;1 ;0 ;140 ;
504 ;0 ;2 ;2 ;0 ;66 ;
504 ;0 ;2 ;3 ;0 ;8 ;
504 ;0 ;2 ;4 ;0 ;89 ;
504 ;0 ;2 ;5 ;0 ;143 ;
504 ;0 ;2 ;6 ;0 ;4 ;
505 ;0 ;0 ;2 ;0 ;31 ;
505 ;0 ;0 ;3 ;0 ;138 ;
505 ;0 ;0 ;4 ;0 ;133 ;
505 ;0 ;0 ;5 ;0 ;40 ;
505 ;0 ;1 ;2 ;0 ;29 ;
505 ;0 ;1 ;3 ;0 ;64 ;
505 ;0 ;1 ;4 ;0 ;99 ;
505 ;0 ;1 ;5 ;0 ;123 ;
505 ;0 ;2 ;1 ;0 ;1 ;
505 ;0 ;2 ;2 ;0 ;28 ;
505 ;0 ;2 ;3 ;0 ;108 ;
505 ;0 ;2 ;4 ;0 ;33 ;
505 ;0 ;2 ;5 ;0 ;36 ;
505 ;0 ;2 ;6 ;0 ;137 ;
505 ;0 ;3 ;1 ;0 ;63 ;
505 ;0 ;3 ;2 ;0 ;87 ;
505 ;0 ;3 ;3 ;0 ;59 ;
505 ;0 ;3 ;4 ;0 ;20 ;
505 ;0 ;3 ;5 ;0 ;142 ;
505 ;0 ;3 ;6 ;0 ;50 ;
506 ;0 ;0 ;2 ;0 ;153 ;
506 ;0 ;0 ;3 ;0 ;45 ;
506 ;0 ;0 ;4 ;0 ;122 ;
506 ;0 ;1 ;2 ;0 ;105 ;
506 ;0 ;1 ;3 ;0 ;70 ;
506 ;0 ;1 ;4 ;0 ;160 ;
506 ;0 ;1 ;5 ;0 ;68 ;
506 ;0 ;2 ;1 ;0 ;38 ;
506 ;0 ;2 ;2 ;0 ;55 ;
506 ;0 ;2 ;3 ;0 ;30 ;
506 ;0 ;2 ;4 ;0 ;88 ;
506 ;0 ;2 ;5 ;0 ;159 ;
506 ;0 ;2 ;6 ;0 ;150 ;
506 ;0 ;3 ;1 ;0 ;57 ;
506 ;0 ;3 ;2 ;0 ;76 ;
506 ;0 ;3 ;3 ;0 ;2 ;
506 ;0 ;3 ;4 ;0 ;127 ;
506 ;0 ;3 ;5 ;0 ;117 ;
506 ;0 ;3 ;6 ;0 ;58 ;
601 ;0 ;0 ;1 ;0 ;106 ;
601 ;0 ;0 ;2 ;0 ;43 ;
601 ;0 ;0 ;3 ;0 ;144 ;
601 ;0 ;0 ;4 ;0 ;134 ;
601 ;0 ;0 ;5 ;0 ;107 ;
601 ;0 ;1 ;1 ;0 ;27 ;
601 ;0 ;1 ;2 ;0 ;121 ;
601 ;0 ;1 ;3 ;0 ;16 ;
601 ;0 ;1 ;4 ;0 ;7 ;
601 ;0 ;1 ;5 ;0 ;146 ;
603 ;0 ;0 ;1 ;0 ;25 ;
603 ;0 ;0 ;2 ;0 ;6 ;
603 ;0 ;0 ;3 ;0 ;22 ;
603 ;0 ;0 ;4 ;0 ;91 ;
603 ;0 ;0 ;5 ;0 ;10 ;
603 ;0 ;0 ;6 ;0 ;46 ;
603 ;0 ;1 ;1 ;0 ;81 ;
603 ;0 ;1 ;2 ;0 ;85 ;
603 ;0 ;1 ;3 ;0 ;139 ;
603 ;0 ;1 ;4 ;0 ;80 ;
603 ;0 ;1 ;5 ;0 ;15 ;
603 ;0 ;1 ;6 ;0 ;77 ;
603 ;0 ;2 ;1 ;0 ;23 ;
603 ;0 ;2 ;2 ;0 ;37 ;
603 ;0 ;2 ;3 ;0 ;65 ;
603 ;0 ;2 ;4 ;0 ;54 ;
603 ;0 ;2 ;5 ;0 ;21 ;
603 ;0 ;2 ;6 ;0 ;75 ;
604 ;0 ;0 ;1 ;0 ;112 ;
604 ;0 ;0 ;2 ;0 ;52 ;
604 ;0 ;0 ;3 ;0 ;60 ;
604 ;0 ;0 ;4 ;0 ;89 ;
604 ;0 ;0 ;5 ;0 ;71 ;
604 ;0 ;1 ;1 ;0 ;4 ;
604 ;0 ;1 ;2 ;0 ;120 ;
604 ;0 ;1 ;3 ;0 ;119 ;
604 ;0 ;1 ;4 ;0 ;66 ;
604 ;0 ;1 ;5 ;0 ;8 ;
604 ;0 ;1 ;6 ;0 ;143 ;
605 ;0 ;0 ;1 ;0 ;133 ;
605 ;0 ;0 ;2 ;0 ;138 ;
605 ;0 ;0 ;3 ;0 ;99 ;
605 ;0 ;0 ;4 ;0 ;40 ;
605 ;0 ;0 ;5 ;0 ;29 ;
605 ;0 ;1 ;1 ;0 ;28 ;
605 ;0 ;1 ;2 ;0 ;36 ;
605 ;0 ;1 ;3 ;0 ;123 ;
605 ;0 ;1 ;4 ;0 ;1 ;
605 ;0 ;1 ;5 ;0 ;33 ;
605 ;0 ;2 ;1 ;0 ;108 ;
605 ;0 ;2 ;2 ;0 ;63 ;
605 ;0 ;2 ;3 ;0 ;87 ;
605 ;0 ;2 ;4 ;0 ;20 ;
605 ;0 ;2 ;5 ;0 ;59 ;
605 ;0 ;2 ;6 ;0 ;142 ;
606 ;0 ;0 ;1 ;0 ;153 ;
606 ;0 ;0 ;2 ;0 ;152 ;
606 ;0 ;0 ;3 ;0 ;94 ;
606 ;0 ;0 ;4 ;0 ;122 ;
606 ;0 ;0 ;5 ;0 ;160 ;
606 ;0 ;1 ;1 ;0 ;105 ;
606 ;0 ;1 ;2 ;0 ;45 ;
606 ;0 ;1 ;3 ;0 ;70 ;
606 ;0 ;1 ;4 ;0 ;55 ;
606 ;0 ;1 ;5 ;0 ;159 ;
606 ;0 ;1 ;6 ;0 ;68 ;
606 ;0 ;2 ;1 ;0 ;58 ;
606 ;0 ;2 ;2 ;0 ;127 ;
606 ;0 ;2 ;3 ;0 ;76 ;
606 ;0 ;2 ;4 ;0 ;117 ;
606 ;0 ;2 ;5 ;0 ;57 ;
606 ;0 ;2 ;6 ;0 ;150 ;
607 ;0 ;0 ;2 ;0 ;32 ;
607 ;0 ;0 ;3 ;0 ;163 ;
607 ;0 ;0 ;4 ;0 ;34 ;
607 ;0 ;0 ;5 ;0 ;9 ;
607 ;0 ;1 ;2 ;0 ;148 ;
607 ;0 ;1 ;3 ;0 ;96 ;
607 ;0 ;1 ;4 ;0 ;124 ;
607 ;0 ;1 ;5 ;0 ;126 ;
607 ;0 ;2 ;1 ;0 ;114 ;
607 ;0 ;2 ;2 ;0 ;14 ;
607 ;0 ;2 ;3 ;0 ;155 ;
607 ;0 ;2 ;4 ;0 ;12 ;
607 ;0 ;2 ;5 ;0 ;83 ;
607 ;0 ;2 ;6 ;0 ;93 ;
607 ;0 ;3 ;1 ;0 ;90 ;
607 ;0 ;3 ;2 ;0 ;113 ;
607 ;0 ;3 ;3 ;0 ;11 ;
607 ;0 ;3 ;4 ;0 ;48 ;
607 ;0 ;3 ;5 ;0 ;18 ;
607 ;0 ;3 ;6 ;0 ;17 ;
607 ;0 ;4 ;1 ;0 ;19 ;
607 ;0 ;4 ;2 ;0 ;39 ;
607 ;0 ;4 ;3 ;0 ;111 ;
607 ;0 ;4 ;4 ;0 ;82 ;
607 ;0 ;4 ;5 ;0 ;25 ;
607 ;0 ;4 ;6 ;0 ;169 ;
607 ;0 ;5 ;1 ;0 ;135 ;
607 ;0 ;5 ;2 ;0 ;115 ;
607 ;0 ;5 ;3 ;0 ;22 ;
607 ;0 ;5 ;4 ;0 ;67 ;
607 ;0 ;5 ;5 ;0 ;72 ;
607 ;0 ;5 ;6 ;0 ;81 ;
607 ;0 ;6 ;1 ;0 ;6 ;
607 ;0 ;6 ;2 ;0 ;10 ;
607 ;0 ;6 ;3 ;0 ;85 ;
607 ;0 ;6 ;4 ;0 ;13 ;
607 ;0 ;6 ;5 ;0 ;46 ;
607 ;0 ;6 ;6 ;0 ;139 ;
607 ;0 ;7 ;1 ;0 ;80 ;
607 ;0 ;7 ;2 ;0 ;51 ;
607 ;0 ;7 ;3 ;0 ;37 ;
607 ;0 ;7 ;4 ;0 ;86 ;
607 ;0 ;7 ;5 ;0 ;15 ;
607 ;0 ;7 ;6 ;0 ;23 ;
607 ;0 ;8 ;1 ;0 ;65 ;
607 ;0 ;8 ;2 ;0 ;54 ;
607 ;0 ;8 ;3 ;0 ;91 ;
607 ;0 ;8 ;4 ;0 ;75 ;
607 ;0 ;8 ;5 ;0 ;77 ;
607 ;0 ;8 ;6 ;0 ;21 ;
608 ;0 ;0 ;1 ;0 ;3 ;
608 ;0 ;0 ;2 ;0 ;112 ;
608 ;0 ;0 ;3 ;0 ;98 ;
608 ;0 ;0 ;4 ;0 ;97 ;
608 ;0 ;0 ;5 ;0 ;60 ;
608 ;0 ;1 ;1 ;0 ;69 ;
608 ;0 ;1 ;2 ;0 ;52 ;
608 ;0 ;1 ;3 ;0 ;71 ;
608 ;0 ;1 ;4 ;0 ;136 ;
608 ;0 ;1 ;5 ;0 ;4 ;
608 ;0 ;1 ;6 ;0 ;131 ;
608 ;0 ;2 ;1 ;0 ;8 ;
608 ;0 ;2 ;2 ;0 ;66 ;
608 ;0 ;2 ;3 ;0 ;119 ;
608 ;0 ;2 ;4 ;0 ;89 ;
608 ;0 ;2 ;5 ;0 ;143 ;
608 ;0 ;2 ;6 ;0 ;120 ;
609 ;0 ;0 ;1 ;0 ;138 ;
609 ;0 ;0 ;2 ;0 ;133 ;
609 ;0 ;0 ;3 ;0 ;29 ;
609 ;0 ;0 ;4 ;0 ;31 ;
609 ;0 ;0 ;5 ;0 ;40 ;
609 ;0 ;1 ;1 ;0 ;123 ;
609 ;0 ;1 ;2 ;0 ;64 ;
609 ;0 ;1 ;3 ;0 ;99 ;
609 ;0 ;1 ;4 ;0 ;59 ;
609 ;0 ;1 ;5 ;0 ;33 ;
609 ;0 ;2 ;1 ;0 ;36 ;
609 ;0 ;2 ;2 ;0 ;137 ;
609 ;0 ;2 ;3 ;0 ;20 ;
609 ;0 ;2 ;4 ;0 ;50 ;
609 ;0 ;2 ;5 ;0 ;87 ;
609 ;0 ;2 ;6 ;0 ;1 ;
610 ;0 ;0 ;1 ;0 ;122 ;
610 ;0 ;0 ;2 ;0 ;94 ;
610 ;0 ;0 ;3 ;0 ;55 ;
610 ;0 ;0 ;4 ;0 ;160 ;
610 ;0 ;0 ;5 ;0 ;68 ;
610 ;0 ;0 ;6 ;0 ;70 ;
610 ;0 ;1 ;1 ;0 ;105 ;
610 ;0 ;1 ;2 ;0 ;30 ;
610 ;0 ;1 ;3 ;0 ;45 ;
610 ;0 ;1 ;4 ;0 ;150 ;
610 ;0 ;1 ;5 ;0 ;117 ;
610 ;0 ;1 ;6 ;0 ;159 ;
610 ;0 ;2 ;1 ;0 ;88 ;
610 ;0 ;2 ;2 ;0 ;153 ;
610 ;0 ;2 ;3 ;0 ;127 ;
610 ;0 ;2 ;4 ;0 ;58 ;
610 ;0 ;2 ;5 ;0 ;5 ;
610 ;0 ;2 ;6 ;0 ;38 ;
613 ;0 ;0 ;2 ;0 ;126 ;
613 ;0 ;0 ;3 ;0 ;72 ;
613 ;0 ;0 ;4 ;0 ;155 ;
613 ;0 ;0 ;5 ;0 ;104 ;
613 ;0 ;1 ;2 ;0 ;93 ;
613 ;0 ;1 ;3 ;0 ;48 ;
613 ;0 ;1 ;4 ;0 ;67 ;
613 ;0 ;1 ;5 ;0 ;115 ;
613 ;0 ;2 ;1 ;0 ;15 ;
613 ;0 ;2 ;2 ;0 ;22 ;
613 ;0 ;2 ;3 ;0 ;139 ;
613 ;0 ;2 ;4 ;0 ;111 ;
613 ;0 ;2 ;5 ;0 ;14 ;
613 ;0 ;2 ;6 ;0 ;90 ;
613 ;0 ;3 ;1 ;0 ;25 ;
613 ;0 ;3 ;2 ;0 ;19 ;
613 ;0 ;3 ;3 ;0 ;81 ;
613 ;0 ;3 ;4 ;0 ;91 ;
613 ;0 ;3 ;5 ;0 ;86 ;
613 ;0 ;3 ;6 ;0 ;17 ;
613 ;0 ;4 ;1 ;0 ;135 ;
613 ;0 ;4 ;2 ;0 ;46 ;
613 ;0 ;4 ;3 ;0 ;6 ;
613 ;0 ;4 ;4 ;0 ;80 ;
613 ;0 ;4 ;5 ;0 ;10 ;
613 ;0 ;4 ;6 ;0 ;13 ;
613 ;0 ;5 ;1 ;0 ;51 ;
613 ;0 ;5 ;2 ;0 ;54 ;
613 ;0 ;5 ;3 ;0 ;37 ;
613 ;0 ;5 ;4 ;0 ;65 ;
613 ;0 ;5 ;5 ;0 ;23 ;
613 ;0 ;5 ;6 ;0 ;77 ;
614 ;0 ;0 ;1 ;0 ;98 ;
614 ;0 ;0 ;2 ;0 ;140 ;
614 ;0 ;0 ;3 ;0 ;97 ;
614 ;0 ;0 ;4 ;0 ;136 ;
614 ;0 ;0 ;5 ;0 ;4 ;
614 ;0 ;1 ;1 ;0 ;60 ;
614 ;0 ;1 ;2 ;0 ;143 ;
614 ;0 ;1 ;3 ;0 ;89 ;
614 ;0 ;1 ;4 ;0 ;8 ;
614 ;0 ;1 ;5 ;0 ;120 ;
614 ;0 ;1 ;6 ;0 ;52 ;
615 ;0 ;0 ;2 ;0 ;1 ;
615 ;0 ;0 ;3 ;0 ;36 ;
615 ;0 ;0 ;4 ;0 ;133 ;
615 ;0 ;0 ;5 ;0 ;99 ;
615 ;0 ;1 ;1 ;0 ;28 ;
615 ;0 ;1 ;2 ;0 ;59 ;
615 ;0 ;1 ;3 ;0 ;63 ;
615 ;0 ;1 ;4 ;0 ;20 ;
615 ;0 ;1 ;5 ;0 ;142 ;
616 ;0 ;0 ;1 ;0 ;105 ;
616 ;0 ;0 ;2 ;0 ;122 ;
616 ;0 ;0 ;3 ;0 ;45 ;
616 ;0 ;0 ;4 ;0 ;68 ;
616 ;0 ;0 ;5 ;0 ;159 ;
616 ;0 ;1 ;1 ;0 ;57 ;
616 ;0 ;1 ;2 ;0 ;2 ;
616 ;0 ;1 ;3 ;0 ;76 ;
616 ;0 ;1 ;4 ;0 ;153 ;
616 ;0 ;1 ;5 ;0 ;127 ;
616 ;0 ;1 ;6 ;0 ;55 ;
701 ;0 ;0 ;2 ;0 ;106 ;
701 ;0 ;0 ;3 ;0 ;43 ;
701 ;0 ;0 ;4 ;0 ;144 ;
701 ;0 ;1 ;2 ;0 ;134 ;
701 ;0 ;1 ;3 ;0 ;107 ;
701 ;0 ;1 ;4 ;0 ;156 ;
701 ;0 ;1 ;5 ;0 ;27 ;
701 ;0 ;2 ;1 ;0 ;121 ;
701 ;0 ;2 ;2 ;0 ;167 ;
701 ;0 ;2 ;3 ;0 ;7 ;
701 ;0 ;2 ;4 ;0 ;16 ;
701 ;0 ;2 ;5 ;0 ;146 ;
701 ;0 ;2 ;6 ;0 ;132 ;
703 ;0 ;0 ;2 ;0 ;72 ;
703 ;0 ;0 ;3 ;0 ;90 ;
703 ;0 ;0 ;4 ;0 ;83 ;
703 ;0 ;1 ;2 ;0 ;48 ;
703 ;0 ;1 ;3 ;0 ;17 ;
703 ;0 ;1 ;4 ;0 ;115 ;
703 ;0 ;1 ;5 ;0 ;22 ;
703 ;0 ;2 ;1 ;0 ;165 ;
703 ;0 ;2 ;2 ;0 ;93 ;
703 ;0 ;2 ;3 ;0 ;26 ;
703 ;0 ;2 ;4 ;0 ;18 ;
703 ;0 ;2 ;5 ;0 ;113 ;
703 ;0 ;2 ;6 ;0 ;19 ;
703 ;0 ;3 ;1 ;0 ;67 ;
703 ;0 ;3 ;2 ;0 ;39 ;
703 ;0 ;3 ;3 ;0 ;25 ;
703 ;0 ;3 ;4 ;0 ;135 ;
703 ;0 ;3 ;5 ;0 ;6 ;
703 ;0 ;3 ;6 ;0 ;46 ;
703 ;0 ;4 ;1 ;0 ;81 ;
703 ;0 ;4 ;2 ;0 ;86 ;
703 ;0 ;4 ;3 ;0 ;139 ;
703 ;0 ;4 ;4 ;0 ;80 ;
703 ;0 ;4 ;5 ;0 ;51 ;
703 ;0 ;4 ;6 ;0 ;91 ;
703 ;0 ;5 ;1 ;0 ;77 ;
703 ;0 ;5 ;2 ;0 ;37 ;
703 ;0 ;5 ;3 ;0 ;54 ;
703 ;0 ;5 ;4 ;0 ;23 ;
703 ;0 ;5 ;5 ;0 ;75 ;
703 ;0 ;5 ;6 ;0 ;15 ;
704 ;0 ;0 ;1 ;0 ;3 ;
704 ;0 ;0 ;2 ;0 ;69 ;
704 ;0 ;0 ;3 ;0 ;52 ;
704 ;0 ;0 ;4 ;0 ;98 ;
704 ;0 ;0 ;5 ;0 ;97 ;
704 ;0 ;1 ;1 ;0 ;60 ;
704 ;0 ;1 ;2 ;0 ;136 ;
704 ;0 ;1 ;3 ;0 ;71 ;
704 ;0 ;1 ;4 ;0 ;140 ;
704 ;0 ;1 ;5 ;0 ;4 ;
704 ;0 ;2 ;1 ;0 ;143 ;
704 ;0 ;2 ;2 ;0 ;89 ;
704 ;0 ;2 ;3 ;0 ;119 ;
704 ;0 ;2 ;4 ;0 ;66 ;
704 ;0 ;2 ;5 ;0 ;8 ;
704 ;0 ;2 ;6 ;0 ;120 ;
705 ;0 ;0 ;2 ;0 ;29 ;
705 ;0 ;0 ;3 ;0 ;133 ;
705 ;0 ;0 ;4 ;0 ;40 ;
705 ;0 ;0 ;5 ;0 ;64 ;
705 ;0 ;1 ;1 ;0 ;36 ;
705 ;0 ;1 ;2 ;0 ;123 ;
705 ;0 ;1 ;3 ;0 ;1 ;
705 ;0 ;1 ;4 ;0 ;99 ;
705 ;0 ;1 ;5 ;0 ;50 ;
705 ;0 ;2 ;1 ;0 ;33 ;
705 ;0 ;2 ;2 ;0 ;59 ;
705 ;0 ;2 ;3 ;0 ;20 ;
705 ;0 ;2 ;4 ;0 ;63 ;
705 ;0 ;2 ;5 ;0 ;142 ;
705 ;0 ;2 ;6 ;0 ;28 ;
706 ;0 ;0 ;1 ;0 ;152 ;
706 ;0 ;0 ;2 ;0 ;105 ;
706 ;0 ;0 ;3 ;0 ;122 ;
706 ;0 ;0 ;4 ;0 ;45 ;
706 ;0 ;0 ;5 ;0 ;101 ;
706 ;0 ;1 ;1 ;0 ;70 ;
706 ;0 ;1 ;2 ;0 ;160 ;
706 ;0 ;1 ;3 ;0 ;38 ;
706 ;0 ;1 ;4 ;0 ;68 ;
706 ;0 ;1 ;5 ;0 ;159 ;
706 ;0 ;2 ;1 ;0 ;88 ;
706 ;0 ;2 ;2 ;0 ;153 ;
706 ;0 ;2 ;3 ;0 ;2 ;
706 ;0 ;2 ;4 ;0 ;76 ;
706 ;0 ;2 ;5 ;0 ;127 ;
706 ;0 ;2 ;6 ;0 ;55 ;
707 ;0 ;0 ;1 ;0 ;32 ;
707 ;0 ;0 ;2 ;0 ;163 ;
707 ;0 ;0 ;3 ;0 ;34 ;
707 ;0 ;0 ;4 ;0 ;9 ;
707 ;0 ;0 ;5 ;0 ;148 ;
707 ;0 ;1 ;1 ;0 ;96 ;
707 ;0 ;1 ;2 ;0 ;126 ;
707 ;0 ;1 ;3 ;0 ;83 ;
707 ;0 ;1 ;4 ;0 ;12 ;
707 ;0 ;1 ;5 ;0 ;48 ;
707 ;0 ;1 ;6 ;0 ;90 ;
707 ;0 ;2 ;1 ;0 ;39 ;
707 ;0 ;2 ;2 ;0 ;11 ;
707 ;0 ;2 ;3 ;0 ;93 ;
707 ;0 ;2 ;4 ;0 ;19 ;
707 ;0 ;2 ;5 ;0 ;67 ;
707 ;0 ;2 ;6 ;0 ;25 ;
707 ;0 ;3 ;1 ;0 ;115 ;
707 ;0 ;3 ;2 ;0 ;82 ;
707 ;0 ;3 ;3 ;0 ;81 ;
707 ;0 ;3 ;4 ;0 ;85 ;
707 ;0 ;3 ;5 ;0 ;17 ;
707 ;0 ;3 ;6 ;0 ;22 ;
707 ;0 ;4 ;1 ;0 ;15 ;
707 ;0 ;4 ;2 ;0 ;139 ;
707 ;0 ;4 ;3 ;0 ;46 ;
707 ;0 ;4 ;4 ;0 ;10 ;
707 ;0 ;4 ;5 ;0 ;6 ;
707 ;0 ;4 ;6 ;0 ;80 ;
707 ;0 ;5 ;1 ;0 ;111 ;
707 ;0 ;5 ;2 ;0 ;75 ;
707 ;0 ;5 ;3 ;0 ;72 ;
707 ;0 ;5 ;4 ;0 ;77 ;
707 ;0 ;5 ;5 ;0 ;13 ;
707 ;0 ;5 ;6 ;0 ;51 ;
707 ;0 ;6 ;1 ;0 ;86 ;
707 ;0 ;6 ;2 ;0 ;23 ;
707 ;0 ;6 ;3 ;0 ;65 ;
707 ;0 ;6 ;4 ;0 ;37 ;
707 ;0 ;6 ;5 ;0 ;54 ;
707 ;0 ;6 ;6 ;0 ;135 ;
708 ;0 ;0 ;2 ;0 ;98 ;
708 ;0 ;0 ;3 ;0 ;97 ;
708 ;0 ;0 ;4 ;0 ;69 ;
708 ;0 ;1 ;2 ;0 ;71 ;
708 ;0 ;1 ;3 ;0 ;136 ;
708 ;0 ;1 ;4 ;0 ;60 ;
708 ;0 ;1 ;5 ;0 ;4 ;
708 ;0 ;2 ;1 ;0 ;120 ;
708 ;0 ;2 ;2 ;0 ;143 ;
708 ;0 ;2 ;3 ;0 ;89 ;
708 ;0 ;2 ;4 ;0 ;8 ;
708 ;0 ;2 ;5 ;0 ;119 ;
708 ;0 ;2 ;6 ;0 ;52 ;
709 ;0 ;0 ;1 ;0 ;31 ;
709 ;0 ;0 ;2 ;0 ;133 ;
709 ;0 ;0 ;3 ;0 ;40 ;
709 ;0 ;0 ;4 ;0 ;29 ;
709 ;0 ;0 ;5 ;0 ;64 ;
709 ;0 ;1 ;1 ;0 ;138 ;
709 ;0 ;1 ;2 ;0 ;123 ;
709 ;0 ;1 ;3 ;0 ;28 ;
709 ;0 ;1 ;4 ;0 ;36 ;
709 ;0 ;1 ;5 ;0 ;141 ;
709 ;0 ;2 ;1 ;0 ;99 ;
709 ;0 ;2 ;2 ;0 ;50 ;
709 ;0 ;2 ;3 ;0 ;161 ;
709 ;0 ;2 ;4 ;0 ;59 ;
709 ;0 ;2 ;5 ;0 ;108 ;
709 ;0 ;2 ;6 ;0 ;1 ;
709 ;0 ;3 ;1 ;0 ;142 ;
709 ;0 ;3 ;2 ;0 ;87 ;
709 ;0 ;3 ;3 ;0 ;33 ;
709 ;0 ;3 ;4 ;0 ;63 ;
709 ;0 ;3 ;5 ;0 ;20 ;
709 ;0 ;3 ;6 ;0 ;137 ;
710 ;0 ;0 ;2 ;0 ;152 ;
710 ;0 ;0 ;3 ;0 ;101 ;
710 ;0 ;0 ;4 ;0 ;103 ;
710 ;0 ;0 ;5 ;0 ;94 ;
710 ;0 ;1 ;2 ;0 ;122 ;
710 ;0 ;1 ;3 ;0 ;160 ;
710 ;0 ;1 ;4 ;0 ;38 ;
710 ;0 ;1 ;5 ;0 ;70 ;
710 ;0 ;2 ;1 ;0 ;105 ;
710 ;0 ;2 ;2 ;0 ;55 ;
710 ;0 ;2 ;3 ;0 ;5 ;
710 ;0 ;2 ;4 ;0 ;45 ;
710 ;0 ;2 ;5 ;0 ;30 ;
710 ;0 ;2 ;6 ;0 ;68 ;
710 ;0 ;3 ;1 ;0 ;159 ;
710 ;0 ;3 ;2 ;0 ;88 ;
710 ;0 ;3 ;3 ;0 ;129 ;
710 ;0 ;3 ;4 ;0 ;127 ;
710 ;0 ;3 ;5 ;0 ;58 ;
710 ;0 ;3 ;6 ;0 ;150 ;
710 ;0 ;4 ;1 ;0 ;76 ;
710 ;0 ;4 ;2 ;0 ;147 ;
710 ;0 ;4 ;3 ;0 ;2 ;
710 ;0 ;4 ;4 ;0 ;117 ;
710 ;0 ;4 ;5 ;0 ;153 ;
710 ;0 ;4 ;6 ;0 ;57 ;
711 ;0 ;0 ;1 ;0 ;16 ;
711 ;0 ;0 ;2 ;0 ;132 ;
711 ;0 ;0 ;3 ;0 ;7 ;
711 ;0 ;0 ;4 ;0 ;146 ;
711 ;0 ;0 ;5 ;0 ;121 ;
711 ;0 ;0 ;6 ;0 ;167 ;
713 ;0 ;0 ;2 ;0 ;80 ;
713 ;0 ;0 ;3 ;0 ;81 ;
713 ;0 ;0 ;4 ;0 ;15 ;
713 ;0 ;0 ;5 ;0 ;139 ;
713 ;0 ;1 ;2 ;0 ;91 ;
713 ;0 ;1 ;3 ;0 ;85 ;
713 ;0 ;1 ;4 ;0 ;75 ;
713 ;0 ;1 ;5 ;0 ;46 ;
713 ;0 ;2 ;1 ;0 ;23 ;
713 ;0 ;2 ;2 ;0 ;54 ;
713 ;0 ;2 ;3 ;0 ;65 ;
713 ;0 ;2 ;4 ;0 ;37 ;
713 ;0 ;2 ;5 ;0 ;21 ;
713 ;0 ;2 ;6 ;0 ;77 ;
714 ;0 ;0 ;2 ;0 ;8 ;
714 ;0 ;0 ;3 ;0 ;119 ;
714 ;0 ;0 ;4 ;0 ;66 ;
714 ;0 ;0 ;5 ;0 ;4 ;
715 ;0 ;0 ;1 ;0 ;138 ;
715 ;0 ;0 ;2 ;0 ;40 ;
715 ;0 ;0 ;3 ;0 ;133 ;
715 ;0 ;0 ;4 ;0 ;99 ;
715 ;0 ;0 ;5 ;0 ;29 ;
715 ;0 ;1 ;1 ;0 ;28 ;
715 ;0 ;1 ;2 ;0 ;1 ;
715 ;0 ;1 ;3 ;0 ;141 ;
715 ;0 ;1 ;4 ;0 ;33 ;
715 ;0 ;1 ;5 ;0 ;50 ;
715 ;0 ;2 ;1 ;0 ;63 ;
715 ;0 ;2 ;2 ;0 ;59 ;
715 ;0 ;2 ;3 ;0 ;20 ;
715 ;0 ;2 ;4 ;0 ;142 ;
715 ;0 ;2 ;5 ;0 ;108 ;
715 ;0 ;2 ;6 ;0 ;36 ;
716 ;0 ;0 ;2 ;0 ;94 ;
716 ;0 ;0 ;3 ;0 ;105 ;
716 ;0 ;0 ;4 ;0 ;122 ;
716 ;0 ;0 ;5 ;0 ;45 ;
716 ;0 ;1 ;1 ;0 ;160 ;
716 ;0 ;1 ;2 ;0 ;70 ;
716 ;0 ;1 ;3 ;0 ;55 ;
716 ;0 ;1 ;4 ;0 ;68 ;
716 ;0 ;1 ;5 ;0 ;159 ;
716 ;0 ;2 ;1 ;0 ;57 ;
716 ;0 ;2 ;2 ;0 ;127 ;
716 ;0 ;2 ;3 ;0 ;76 ;
716 ;0 ;2 ;4 ;0 ;117 ;
716 ;0 ;2 ;5 ;0 ;58 ;
716 ;0 ;2 ;6 ;0 ;150 ;
