event; round;heat;lane;relais;idBib;
501 ;0 ;0 ;1 ;0 ;801 ;
501 ;0 ;0 ;2 ;0 ;373 ;
501 ;0 ;0 ;3 ;0 ;379 ;
501 ;0 ;0 ;4 ;0 ;355 ;
501 ;0 ;0 ;5 ;0 ;494 ;
501 ;0 ;0 ;6 ;0 ;638 ;
501 ;0 ;0 ;7 ;0 ;489 ;
501 ;0 ;0 ;8 ;0 ;538 ;
501 ;0 ;1 ;1 ;0 ;491 ;
501 ;0 ;1 ;2 ;0 ;754 ;
501 ;0 ;1 ;3 ;0 ;567 ;
501 ;0 ;1 ;4 ;0 ;569 ;
501 ;0 ;1 ;5 ;0 ;515 ;
501 ;0 ;1 ;6 ;0 ;512 ;
501 ;0 ;1 ;7 ;0 ;546 ;
501 ;0 ;1 ;8 ;0 ;595 ;
501 ;0 ;2 ;1 ;0 ;405 ;
501 ;0 ;2 ;2 ;0 ;380 ;
501 ;0 ;2 ;3 ;0 ;412 ;
501 ;0 ;2 ;4 ;0 ;507 ;
501 ;0 ;2 ;5 ;0 ;612 ;
501 ;0 ;2 ;6 ;0 ;529 ;
501 ;0 ;2 ;7 ;0 ;552 ;
501 ;0 ;2 ;8 ;0 ;417 ;
501 ;0 ;3 ;1 ;0 ;606 ;
501 ;0 ;3 ;2 ;0 ;450 ;
501 ;0 ;3 ;3 ;0 ;753 ;
501 ;0 ;3 ;4 ;0 ;605 ;
501 ;0 ;3 ;5 ;0 ;649 ;
501 ;0 ;3 ;6 ;0 ;439 ;
501 ;0 ;3 ;7 ;0 ;383 ;
501 ;0 ;3 ;8 ;0 ;495 ;
501 ;0 ;4 ;1 ;0 ;365 ;
501 ;0 ;4 ;2 ;0 ;446 ;
501 ;0 ;4 ;3 ;0 ;601 ;
501 ;0 ;4 ;4 ;0 ;452 ;
501 ;0 ;4 ;5 ;0 ;608 ;
501 ;0 ;4 ;6 ;0 ;454 ;
501 ;0 ;4 ;7 ;0 ;418 ;
501 ;0 ;4 ;8 ;0 ;632 ;
501 ;0 ;5 ;1 ;0 ;633 ;
501 ;0 ;5 ;2 ;0 ;599 ;
501 ;0 ;5 ;3 ;0 ;442 ;
501 ;0 ;5 ;4 ;0 ;602 ;
501 ;0 ;5 ;5 ;0 ;419 ;
501 ;0 ;5 ;6 ;0 ;650 ;
501 ;0 ;5 ;7 ;0 ;399 ;
501 ;0 ;5 ;8 ;0 ;469 ;
501 ;0 ;6 ;1 ;0 ;384 ;
501 ;0 ;6 ;2 ;0 ;611 ;
501 ;0 ;6 ;3 ;0 ;447 ;
501 ;0 ;6 ;4 ;0 ;513 ;
501 ;0 ;6 ;5 ;0 ;588 ;
501 ;0 ;6 ;6 ;0 ;387 ;
501 ;0 ;6 ;7 ;0 ;408 ;
501 ;0 ;6 ;8 ;0 ;502 ;
501 ;0 ;7 ;1 ;0 ;464 ;
501 ;0 ;7 ;2 ;0 ;444 ;
501 ;0 ;7 ;3 ;0 ;571 ;
501 ;0 ;7 ;4 ;0 ;535 ;
501 ;0 ;7 ;5 ;0 ;532 ;
501 ;0 ;7 ;6 ;0 ;460 ;
501 ;0 ;7 ;7 ;0 ;470 ;
501 ;0 ;7 ;8 ;0 ;490 ;
501 ;0 ;8 ;1 ;0 ;386 ;
501 ;0 ;8 ;2 ;0 ;410 ;
501 ;0 ;8 ;3 ;0 ;586 ;
501 ;0 ;8 ;4 ;0 ;499 ;
501 ;0 ;8 ;5 ;0 ;364 ;
501 ;0 ;8 ;6 ;0 ;510 ;
501 ;0 ;8 ;7 ;0 ;610 ;
501 ;0 ;8 ;8 ;0 ;448 ;
501 ;0 ;9 ;1 ;0 ;596 ;
501 ;0 ;9 ;2 ;0 ;485 ;
501 ;0 ;9 ;3 ;0 ;458 ;
501 ;0 ;9 ;4 ;0 ;591 ;
501 ;0 ;9 ;5 ;0 ;475 ;
501 ;0 ;9 ;6 ;0 ;594 ;
501 ;0 ;9 ;7 ;0 ;600 ;
501 ;0 ;9 ;8 ;0 ;556 ;
502 ;0 ;0 ;1 ;0 ;371 ;
502 ;0 ;0 ;2 ;0 ;572 ;
502 ;0 ;0 ;3 ;0 ;523 ;
502 ;0 ;0 ;4 ;0 ;354 ;
502 ;0 ;0 ;5 ;0 ;366 ;
502 ;0 ;0 ;6 ;0 ;615 ;
502 ;0 ;0 ;7 ;0 ;389 ;
502 ;0 ;1 ;1 ;0 ;582 ;
502 ;0 ;1 ;2 ;0 ;566 ;
502 ;0 ;1 ;3 ;0 ;438 ;
502 ;0 ;1 ;4 ;0 ;497 ;
502 ;0 ;1 ;5 ;0 ;614 ;
502 ;0 ;1 ;6 ;0 ;358 ;
502 ;0 ;1 ;7 ;0 ;809 ;
502 ;0 ;1 ;8 ;0 ;581 ;
502 ;0 ;2 ;1 ;0 ;352 ;
502 ;0 ;2 ;2 ;0 ;414 ;
502 ;0 ;2 ;3 ;0 ;544 ;
502 ;0 ;2 ;4 ;0 ;429 ;
502 ;0 ;2 ;5 ;0 ;433 ;
502 ;0 ;2 ;6 ;0 ;575 ;
502 ;0 ;2 ;7 ;0 ;593 ;
502 ;0 ;2 ;8 ;0 ;536 ;
502 ;0 ;3 ;1 ;0 ;616 ;
502 ;0 ;3 ;2 ;0 ;522 ;
502 ;0 ;3 ;3 ;0 ;548 ;
502 ;0 ;3 ;4 ;0 ;578 ;
502 ;0 ;3 ;5 ;0 ;406 ;
502 ;0 ;3 ;6 ;0 ;424 ;
502 ;0 ;3 ;7 ;0 ;517 ;
502 ;0 ;3 ;8 ;0 ;430 ;
502 ;0 ;4 ;1 ;0 ;592 ;
502 ;0 ;4 ;2 ;0 ;547 ;
502 ;0 ;4 ;3 ;0 ;463 ;
502 ;0 ;4 ;4 ;0 ;482 ;
502 ;0 ;4 ;5 ;0 ;549 ;
502 ;0 ;4 ;6 ;0 ;378 ;
502 ;0 ;4 ;7 ;0 ;372 ;
502 ;0 ;4 ;8 ;0 ;750 ;
502 ;0 ;5 ;1 ;0 ;561 ;
502 ;0 ;5 ;2 ;0 ;404 ;
502 ;0 ;5 ;3 ;0 ;401 ;
502 ;0 ;5 ;4 ;0 ;514 ;
502 ;0 ;5 ;5 ;0 ;441 ;
502 ;0 ;5 ;6 ;0 ;806 ;
502 ;0 ;5 ;7 ;0 ;466 ;
502 ;0 ;5 ;8 ;0 ;524 ;
502 ;0 ;6 ;1 ;0 ;426 ;
502 ;0 ;6 ;2 ;0 ;356 ;
502 ;0 ;6 ;3 ;0 ;467 ;
502 ;0 ;6 ;4 ;0 ;431 ;
502 ;0 ;6 ;5 ;0 ;543 ;
502 ;0 ;6 ;6 ;0 ;428 ;
502 ;0 ;6 ;7 ;0 ;362 ;
502 ;0 ;6 ;8 ;0 ;613 ;
502 ;0 ;7 ;1 ;0 ;587 ;
502 ;0 ;7 ;2 ;0 ;360 ;
502 ;0 ;7 ;3 ;0 ;422 ;
502 ;0 ;7 ;4 ;0 ;474 ;
502 ;0 ;7 ;5 ;0 ;432 ;
502 ;0 ;7 ;6 ;0 ;484 ;
502 ;0 ;7 ;7 ;0 ;398 ;
502 ;0 ;7 ;8 ;0 ;434 ;
502 ;0 ;8 ;1 ;0 ;651 ;
502 ;0 ;8 ;2 ;0 ;504 ;
502 ;0 ;8 ;3 ;0 ;407 ;
502 ;0 ;8 ;4 ;0 ;377 ;
502 ;0 ;8 ;5 ;0 ;486 ;
502 ;0 ;8 ;6 ;0 ;525 ;
502 ;0 ;8 ;7 ;0 ;590 ;
502 ;0 ;8 ;8 ;0 ;539 ;
502 ;0 ;9 ;1 ;0 ;756 ;
502 ;0 ;9 ;2 ;0 ;445 ;
502 ;0 ;9 ;3 ;0 ;443 ;
502 ;0 ;9 ;4 ;0 ;483 ;
502 ;0 ;9 ;5 ;0 ;480 ;
502 ;0 ;9 ;6 ;0 ;468 ;
502 ;0 ;9 ;7 ;0 ;465 ;
502 ;0 ;9 ;8 ;0 ;427 ;
503 ;0 ;0 ;1 ;0 ;638 ;
503 ;0 ;0 ;2 ;0 ;495 ;
503 ;0 ;0 ;3 ;0 ;442 ;
503 ;0 ;0 ;4 ;0 ;595 ;
503 ;0 ;0 ;5 ;0 ;537 ;
503 ;0 ;0 ;6 ;0 ;353 ;
503 ;0 ;0 ;7 ;0 ;384 ;
503 ;0 ;0 ;8 ;0 ;417 ;
503 ;0 ;1 ;1 ;0 ;494 ;
503 ;0 ;1 ;2 ;0 ;512 ;
503 ;0 ;1 ;3 ;0 ;419 ;
503 ;0 ;1 ;4 ;0 ;444 ;
503 ;0 ;1 ;5 ;0 ;405 ;
503 ;0 ;1 ;6 ;0 ;515 ;
503 ;0 ;1 ;7 ;0 ;383 ;
503 ;0 ;1 ;8 ;0 ;608 ;
503 ;0 ;2 ;1 ;0 ;604 ;
503 ;0 ;2 ;2 ;0 ;449 ;
503 ;0 ;2 ;3 ;0 ;387 ;
503 ;0 ;2 ;4 ;0 ;439 ;
503 ;0 ;2 ;5 ;0 ;680 ;
503 ;0 ;2 ;6 ;0 ;450 ;
503 ;0 ;2 ;7 ;0 ;380 ;
503 ;0 ;2 ;8 ;0 ;588 ;
503 ;0 ;3 ;1 ;0 ;552 ;
503 ;0 ;3 ;2 ;0 ;506 ;
503 ;0 ;3 ;3 ;0 ;597 ;
503 ;0 ;3 ;4 ;0 ;456 ;
503 ;0 ;3 ;5 ;0 ;559 ;
503 ;0 ;3 ;6 ;0 ;361 ;
503 ;0 ;3 ;7 ;0 ;363 ;
503 ;0 ;3 ;8 ;0 ;476 ;
504 ;0 ;0 ;3 ;0 ;433 ;
504 ;0 ;0 ;4 ;0 ;581 ;
504 ;0 ;0 ;5 ;0 ;435 ;
504 ;0 ;0 ;6 ;0 ;474 ;
504 ;0 ;1 ;3 ;0 ;796 ;
504 ;0 ;1 ;4 ;0 ;527 ;
504 ;0 ;1 ;5 ;0 ;589 ;
504 ;0 ;1 ;6 ;0 ;440 ;
504 ;0 ;1 ;7 ;0 ;407 ;
504 ;0 ;2 ;1 ;0 ;378 ;
504 ;0 ;2 ;2 ;0 ;479 ;
504 ;0 ;2 ;3 ;0 ;614 ;
504 ;0 ;2 ;4 ;0 ;539 ;
504 ;0 ;2 ;5 ;0 ;651 ;
504 ;0 ;2 ;6 ;0 ;445 ;
504 ;0 ;2 ;7 ;0 ;483 ;
504 ;0 ;2 ;8 ;0 ;478 ;
504 ;0 ;3 ;1 ;0 ;545 ;
504 ;0 ;3 ;2 ;0 ;434 ;
504 ;0 ;3 ;3 ;0 ;514 ;
504 ;0 ;3 ;4 ;0 ;481 ;
504 ;0 ;3 ;5 ;0 ;374 ;
504 ;0 ;3 ;6 ;0 ;487 ;
504 ;0 ;3 ;7 ;0 ;584 ;
504 ;0 ;3 ;8 ;0 ;607 ;
505 ;0 ;0 ;1 ;0 ;496 ;
505 ;0 ;0 ;2 ;0 ;447 ;
505 ;0 ;0 ;3 ;0 ;449 ;
505 ;0 ;0 ;4 ;0 ;680 ;
505 ;0 ;0 ;5 ;0 ;495 ;
505 ;0 ;0 ;6 ;0 ;476 ;
505 ;0 ;0 ;7 ;0 ;454 ;
505 ;0 ;1 ;1 ;0 ;597 ;
505 ;0 ;1 ;2 ;0 ;473 ;
505 ;0 ;1 ;3 ;0 ;458 ;
505 ;0 ;1 ;4 ;0 ;485 ;
505 ;0 ;1 ;5 ;0 ;553 ;
505 ;0 ;1 ;6 ;0 ;570 ;
505 ;0 ;1 ;7 ;0 ;472 ;
505 ;0 ;1 ;8 ;0 ;469 ;
506 ;0 ;0 ;3 ;0 ;615 ;
506 ;0 ;0 ;4 ;0 ;526 ;
506 ;0 ;0 ;5 ;0 ;504 ;
506 ;0 ;0 ;6 ;0 ;437 ;
506 ;0 ;0 ;7 ;0 ;566 ;
506 ;0 ;1 ;3 ;0 ;401 ;
506 ;0 ;1 ;4 ;0 ;352 ;
506 ;0 ;1 ;5 ;0 ;589 ;
506 ;0 ;1 ;6 ;0 ;445 ;
506 ;0 ;1 ;7 ;0 ;582 ;
506 ;0 ;2 ;1 ;0 ;376 ;
506 ;0 ;2 ;2 ;0 ;422 ;
506 ;0 ;2 ;3 ;0 ;428 ;
506 ;0 ;2 ;4 ;0 ;547 ;
506 ;0 ;2 ;5 ;0 ;517 ;
506 ;0 ;2 ;6 ;0 ;426 ;
506 ;0 ;2 ;7 ;0 ;374 ;
506 ;0 ;2 ;8 ;0 ;440 ;
506 ;0 ;3 ;1 ;0 ;400 ;
506 ;0 ;3 ;2 ;0 ;431 ;
506 ;0 ;3 ;3 ;0 ;377 ;
506 ;0 ;3 ;4 ;0 ;756 ;
506 ;0 ;3 ;5 ;0 ;479 ;
506 ;0 ;3 ;6 ;0 ;432 ;
506 ;0 ;3 ;7 ;0 ;521 ;
506 ;0 ;3 ;8 ;0 ;477 ;
506 ;0 ;4 ;1 ;0 ;561 ;
506 ;0 ;4 ;2 ;0 ;525 ;
506 ;0 ;4 ;3 ;0 ;398 ;
506 ;0 ;4 ;4 ;0 ;590 ;
506 ;0 ;4 ;5 ;0 ;443 ;
506 ;0 ;4 ;6 ;0 ;545 ;
506 ;0 ;4 ;7 ;0 ;478 ;
506 ;0 ;4 ;8 ;0 ;423 ;
507 ;0 ;0 ;2 ;0 ;801 ;
507 ;0 ;0 ;3 ;0 ;516 ;
507 ;0 ;0 ;4 ;0 ;612 ;
507 ;0 ;0 ;5 ;0 ;650 ;
507 ;0 ;0 ;6 ;0 ;633 ;
507 ;0 ;0 ;7 ;0 ;449 ;
507 ;0 ;1 ;2 ;0 ;546 ;
507 ;0 ;1 ;3 ;0 ;775 ;
507 ;0 ;1 ;4 ;0 ;608 ;
507 ;0 ;1 ;5 ;0 ;754 ;
507 ;0 ;1 ;6 ;0 ;601 ;
507 ;0 ;1 ;7 ;0 ;367 ;
507 ;0 ;2 ;1 ;0 ;399 ;
507 ;0 ;2 ;2 ;0 ;408 ;
507 ;0 ;2 ;3 ;0 ;411 ;
507 ;0 ;2 ;4 ;0 ;454 ;
507 ;0 ;2 ;5 ;0 ;571 ;
507 ;0 ;2 ;6 ;0 ;365 ;
507 ;0 ;2 ;7 ;0 ;384 ;
507 ;0 ;2 ;8 ;0 ;490 ;
507 ;0 ;3 ;1 ;0 ;499 ;
507 ;0 ;3 ;2 ;0 ;485 ;
507 ;0 ;3 ;3 ;0 ;554 ;
507 ;0 ;3 ;4 ;0 ;501 ;
507 ;0 ;3 ;5 ;0 ;460 ;
507 ;0 ;3 ;6 ;0 ;594 ;
507 ;0 ;3 ;7 ;0 ;586 ;
507 ;0 ;3 ;8 ;0 ;470 ;
508 ;0 ;0 ;2 ;0 ;371 ;
508 ;0 ;0 ;3 ;0 ;360 ;
508 ;0 ;0 ;4 ;0 ;370 ;
508 ;0 ;0 ;5 ;0 ;615 ;
508 ;0 ;0 ;6 ;0 ;414 ;
508 ;0 ;0 ;7 ;0 ;523 ;
508 ;0 ;1 ;1 ;0 ;436 ;
508 ;0 ;1 ;2 ;0 ;406 ;
508 ;0 ;1 ;3 ;0 ;598 ;
508 ;0 ;1 ;4 ;0 ;682 ;
508 ;0 ;1 ;5 ;0 ;531 ;
508 ;0 ;1 ;6 ;0 ;356 ;
508 ;0 ;1 ;7 ;0 ;565 ;
508 ;0 ;2 ;1 ;0 ;566 ;
508 ;0 ;2 ;2 ;0 ;613 ;
508 ;0 ;2 ;3 ;0 ;542 ;
508 ;0 ;2 ;4 ;0 ;575 ;
508 ;0 ;2 ;5 ;0 ;533 ;
508 ;0 ;2 ;6 ;0 ;388 ;
508 ;0 ;2 ;7 ;0 ;576 ;
508 ;0 ;2 ;8 ;0 ;548 ;
508 ;0 ;3 ;1 ;0 ;797 ;
508 ;0 ;3 ;2 ;0 ;354 ;
508 ;0 ;3 ;3 ;0 ;589 ;
508 ;0 ;3 ;4 ;0 ;438 ;
508 ;0 ;3 ;5 ;0 ;522 ;
508 ;0 ;3 ;6 ;0 ;587 ;
508 ;0 ;3 ;7 ;0 ;581 ;
508 ;0 ;3 ;8 ;0 ;616 ;
508 ;0 ;4 ;1 ;0 ;809 ;
508 ;0 ;4 ;2 ;0 ;437 ;
508 ;0 ;4 ;3 ;0 ;376 ;
508 ;0 ;4 ;4 ;0 ;466 ;
508 ;0 ;4 ;5 ;0 ;504 ;
508 ;0 ;4 ;6 ;0 ;432 ;
508 ;0 ;4 ;7 ;0 ;433 ;
508 ;0 ;4 ;8 ;0 ;549 ;
508 ;0 ;5 ;1 ;0 ;547 ;
508 ;0 ;5 ;2 ;0 ;482 ;
508 ;0 ;5 ;3 ;0 ;584 ;
508 ;0 ;5 ;4 ;0 ;517 ;
508 ;0 ;5 ;5 ;0 ;484 ;
508 ;0 ;5 ;6 ;0 ;441 ;
508 ;0 ;5 ;7 ;0 ;651 ;
508 ;0 ;5 ;8 ;0 ;467 ;
508 ;0 ;6 ;1 ;0 ;521 ;
508 ;0 ;6 ;2 ;0 ;396 ;
508 ;0 ;6 ;3 ;0 ;477 ;
508 ;0 ;6 ;4 ;0 ;486 ;
508 ;0 ;6 ;5 ;0 ;427 ;
508 ;0 ;6 ;6 ;0 ;462 ;
508 ;0 ;6 ;7 ;0 ;391 ;
508 ;0 ;6 ;8 ;0 ;540 ;
509 ;0 ;0 ;2 ;0 ;452 ;
509 ;0 ;0 ;3 ;0 ;412 ;
509 ;0 ;0 ;4 ;0 ;446 ;
509 ;0 ;0 ;5 ;0 ;753 ;
509 ;0 ;0 ;6 ;0 ;469 ;
509 ;0 ;0 ;7 ;0 ;586 ;
509 ;0 ;1 ;1 ;0 ;375 ;
509 ;0 ;1 ;2 ;0 ;410 ;
509 ;0 ;1 ;3 ;0 ;473 ;
509 ;0 ;1 ;4 ;0 ;553 ;
509 ;0 ;1 ;5 ;0 ;472 ;
509 ;0 ;1 ;6 ;0 ;363 ;
509 ;0 ;1 ;7 ;0 ;596 ;
512 ;0 ;0 ;1 ;0 ;539 ;
512 ;0 ;0 ;2 ;0 ;756 ;
512 ;0 ;0 ;3 ;0 ;525 ;
512 ;0 ;0 ;4 ;0 ;480 ;
512 ;0 ;0 ;5 ;0 ;468 ;
512 ;0 ;0 ;6 ;0 ;445 ;
512 ;0 ;0 ;7 ;0 ;443 ;
512 ;0 ;0 ;8 ;0 ;651 ;
513 ;0 ;0 ;1 ;0 ;364 ;
513 ;0 ;0 ;2 ;0 ;470 ;
513 ;0 ;0 ;3 ;0 ;596 ;
513 ;0 ;0 ;4 ;0 ;475 ;
513 ;0 ;0 ;5 ;0 ;591 ;
513 ;0 ;0 ;6 ;0 ;594 ;
513 ;0 ;0 ;7 ;0 ;600 ;
513 ;0 ;0 ;8 ;0 ;571 ;
514 ;0 ;0 ;1 ;0 ;434 ;
514 ;0 ;0 ;2 ;0 ;545 ;
514 ;0 ;0 ;3 ;0 ;487 ;
514 ;0 ;0 ;4 ;0 ;481 ;
514 ;0 ;0 ;5 ;0 ;584 ;
514 ;0 ;0 ;6 ;0 ;374 ;
514 ;0 ;0 ;7 ;0 ;440 ;
514 ;0 ;0 ;8 ;0 ;483 ;
515 ;0 ;0 ;1 ;0 ;476 ;
515 ;0 ;0 ;2 ;0 ;680 ;
515 ;0 ;0 ;3 ;0 ;597 ;
515 ;0 ;0 ;4 ;0 ;559 ;
515 ;0 ;0 ;5 ;0 ;456 ;
515 ;0 ;0 ;6 ;0 ;361 ;
515 ;0 ;0 ;7 ;0 ;552 ;
515 ;0 ;0 ;8 ;0 ;439 ;
516 ;0 ;0 ;1 ;0 ;525 ;
516 ;0 ;0 ;2 ;0 ;477 ;
516 ;0 ;0 ;3 ;0 ;545 ;
516 ;0 ;0 ;4 ;0 ;590 ;
516 ;0 ;0 ;5 ;0 ;443 ;
516 ;0 ;0 ;6 ;0 ;478 ;
516 ;0 ;0 ;7 ;0 ;398 ;
516 ;0 ;0 ;8 ;0 ;756 ;
517 ;0 ;0 ;1 ;0 ;485 ;
517 ;0 ;0 ;2 ;0 ;501 ;
517 ;0 ;0 ;3 ;0 ;594 ;
517 ;0 ;0 ;4 ;0 ;554 ;
517 ;0 ;0 ;5 ;0 ;460 ;
517 ;0 ;0 ;6 ;0 ;586 ;
517 ;0 ;0 ;7 ;0 ;499 ;
517 ;0 ;0 ;8 ;0 ;571 ;
518 ;0 ;0 ;1 ;0 ;462 ;
518 ;0 ;0 ;2 ;0 ;467 ;
518 ;0 ;0 ;3 ;0 ;521 ;
518 ;0 ;0 ;4 ;0 ;486 ;
518 ;0 ;0 ;5 ;0 ;477 ;
518 ;0 ;0 ;6 ;0 ;396 ;
518 ;0 ;0 ;7 ;0 ;504 ;
518 ;0 ;0 ;8 ;0 ;427 ;
519 ;0 ;0 ;1 ;0 ;469 ;
519 ;0 ;0 ;2 ;0 ;473 ;
519 ;0 ;0 ;3 ;0 ;553 ;
519 ;0 ;0 ;4 ;0 ;363 ;
519 ;0 ;0 ;5 ;0 ;596 ;
519 ;0 ;0 ;6 ;0 ;410 ;
519 ;0 ;0 ;7 ;0 ;472 ;
519 ;0 ;0 ;8 ;0 ;753 ;
551 ;0 ;0 ;1 ;0 ;541 ;
551 ;0 ;0 ;2 ;0 ;537 ;
551 ;0 ;0 ;3 ;0 ;606 ;
551 ;0 ;0 ;4 ;0 ;489 ;
551 ;0 ;0 ;5 ;0 ;496 ;
551 ;0 ;0 ;6 ;0 ;379 ;
551 ;0 ;0 ;7 ;0 ;516 ;
551 ;0 ;1 ;1 ;0 ;642 ;
551 ;0 ;1 ;2 ;0 ;512 ;
551 ;0 ;1 ;3 ;0 ;634 ;
551 ;0 ;1 ;4 ;0 ;418 ;
551 ;0 ;1 ;5 ;0 ;405 ;
551 ;0 ;1 ;6 ;0 ;649 ;
551 ;0 ;1 ;7 ;0 ;529 ;
551 ;0 ;2 ;1 ;0 ;353 ;
551 ;0 ;2 ;2 ;0 ;449 ;
551 ;0 ;2 ;3 ;0 ;595 ;
551 ;0 ;2 ;4 ;0 ;380 ;
551 ;0 ;2 ;5 ;0 ;552 ;
551 ;0 ;2 ;6 ;0 ;650 ;
551 ;0 ;2 ;7 ;0 ;447 ;
551 ;0 ;2 ;8 ;0 ;495 ;
551 ;0 ;3 ;1 ;0 ;442 ;
551 ;0 ;3 ;2 ;0 ;383 ;
551 ;0 ;3 ;3 ;0 ;417 ;
551 ;0 ;3 ;4 ;0 ;513 ;
551 ;0 ;3 ;5 ;0 ;408 ;
551 ;0 ;3 ;6 ;0 ;601 ;
551 ;0 ;3 ;7 ;0 ;490 ;
551 ;0 ;3 ;8 ;0 ;439 ;
551 ;0 ;4 ;1 ;0 ;532 ;
551 ;0 ;4 ;2 ;0 ;386 ;
551 ;0 ;4 ;3 ;0 ;571 ;
551 ;0 ;4 ;4 ;0 ;419 ;
551 ;0 ;4 ;5 ;0 ;384 ;
551 ;0 ;4 ;6 ;0 ;387 ;
551 ;0 ;4 ;7 ;0 ;476 ;
551 ;0 ;4 ;8 ;0 ;499 ;
551 ;0 ;5 ;1 ;0 ;375 ;
551 ;0 ;5 ;2 ;0 ;600 ;
551 ;0 ;5 ;3 ;0 ;501 ;
551 ;0 ;5 ;4 ;0 ;591 ;
551 ;0 ;5 ;5 ;0 ;559 ;
551 ;0 ;5 ;6 ;0 ;597 ;
551 ;0 ;5 ;7 ;0 ;410 ;
551 ;0 ;5 ;8 ;0 ;364 ;
552 ;0 ;0 ;3 ;0 ;457 ;
552 ;0 ;0 ;4 ;0 ;598 ;
552 ;0 ;0 ;5 ;0 ;555 ;
552 ;0 ;0 ;6 ;0 ;548 ;
552 ;0 ;1 ;3 ;0 ;371 ;
552 ;0 ;1 ;4 ;0 ;366 ;
552 ;0 ;1 ;5 ;0 ;352 ;
552 ;0 ;1 ;6 ;0 ;435 ;
552 ;0 ;1 ;7 ;0 ;497 ;
552 ;0 ;2 ;1 ;0 ;562 ;
552 ;0 ;2 ;2 ;0 ;809 ;
552 ;0 ;2 ;3 ;0 ;582 ;
552 ;0 ;2 ;4 ;0 ;430 ;
552 ;0 ;2 ;5 ;0 ;575 ;
552 ;0 ;2 ;6 ;0 ;406 ;
552 ;0 ;2 ;7 ;0 ;433 ;
552 ;0 ;2 ;8 ;0 ;360 ;
552 ;0 ;3 ;1 ;0 ;404 ;
552 ;0 ;3 ;2 ;0 ;463 ;
552 ;0 ;3 ;3 ;0 ;524 ;
552 ;0 ;3 ;4 ;0 ;378 ;
552 ;0 ;3 ;5 ;0 ;356 ;
552 ;0 ;3 ;6 ;0 ;547 ;
552 ;0 ;3 ;7 ;0 ;424 ;
552 ;0 ;3 ;8 ;0 ;401 ;
552 ;0 ;4 ;1 ;0 ;549 ;
552 ;0 ;4 ;2 ;0 ;362 ;
552 ;0 ;4 ;3 ;0 ;587 ;
552 ;0 ;4 ;4 ;0 ;426 ;
552 ;0 ;4 ;5 ;0 ;479 ;
552 ;0 ;4 ;6 ;0 ;750 ;
552 ;0 ;4 ;7 ;0 ;432 ;
552 ;0 ;4 ;8 ;0 ;467 ;
552 ;0 ;5 ;1 ;0 ;391 ;
552 ;0 ;5 ;2 ;0 ;428 ;
552 ;0 ;5 ;3 ;0 ;434 ;
552 ;0 ;5 ;4 ;0 ;422 ;
552 ;0 ;5 ;5 ;0 ;445 ;
552 ;0 ;5 ;6 ;0 ;504 ;
552 ;0 ;5 ;7 ;0 ;474 ;
552 ;0 ;5 ;8 ;0 ;407 ;
552 ;0 ;6 ;1 ;0 ;521 ;
552 ;0 ;6 ;2 ;0 ;539 ;
552 ;0 ;6 ;3 ;0 ;483 ;
552 ;0 ;6 ;4 ;0 ;514 ;
552 ;0 ;6 ;5 ;0 ;423 ;
552 ;0 ;6 ;6 ;0 ;525 ;
552 ;0 ;6 ;7 ;0 ;440 ;
552 ;0 ;6 ;8 ;0 ;487 ;
552 ;0 ;7 ;1 ;0 ;584 ;
552 ;0 ;7 ;2 ;0 ;477 ;
552 ;0 ;7 ;3 ;0 ;545 ;
552 ;0 ;7 ;4 ;0 ;480 ;
552 ;0 ;7 ;5 ;0 ;484 ;
552 ;0 ;7 ;6 ;0 ;478 ;
552 ;0 ;7 ;7 ;0 ;374 ;
552 ;0 ;7 ;8 ;0 ;651 ;
553 ;0 ;0 ;2 ;0 ;802 ;
553 ;0 ;0 ;3 ;0 ;736 ;
553 ;0 ;0 ;4 ;0 ;496 ;
553 ;0 ;0 ;5 ;0 ;494 ;
553 ;0 ;0 ;6 ;0 ;606 ;
553 ;0 ;0 ;7 ;0 ;516 ;
553 ;0 ;1 ;1 ;0 ;405 ;
553 ;0 ;1 ;2 ;0 ;417 ;
553 ;0 ;1 ;3 ;0 ;412 ;
553 ;0 ;1 ;4 ;0 ;753 ;
553 ;0 ;1 ;5 ;0 ;513 ;
553 ;0 ;1 ;6 ;0 ;612 ;
553 ;0 ;1 ;7 ;0 ;454 ;
553 ;0 ;2 ;1 ;0 ;365 ;
553 ;0 ;2 ;2 ;0 ;473 ;
553 ;0 ;2 ;3 ;0 ;444 ;
553 ;0 ;2 ;4 ;0 ;452 ;
553 ;0 ;2 ;5 ;0 ;599 ;
553 ;0 ;2 ;6 ;0 ;363 ;
553 ;0 ;2 ;7 ;0 ;475 ;
553 ;0 ;2 ;8 ;0 ;399 ;
553 ;0 ;3 ;1 ;0 ;602 ;
553 ;0 ;3 ;2 ;0 ;469 ;
553 ;0 ;3 ;3 ;0 ;570 ;
553 ;0 ;3 ;4 ;0 ;458 ;
553 ;0 ;3 ;5 ;0 ;594 ;
553 ;0 ;3 ;6 ;0 ;448 ;
553 ;0 ;3 ;7 ;0 ;446 ;
553 ;0 ;3 ;8 ;0 ;460 ;
554 ;0 ;0 ;1 ;0 ;403 ;
554 ;0 ;0 ;2 ;0 ;542 ;
554 ;0 ;0 ;3 ;0 ;577 ;
554 ;0 ;0 ;4 ;0 ;371 ;
554 ;0 ;0 ;5 ;0 ;509 ;
554 ;0 ;0 ;6 ;0 ;497 ;
554 ;0 ;0 ;7 ;0 ;463 ;
554 ;0 ;0 ;8 ;0 ;457 ;
554 ;0 ;1 ;1 ;0 ;370 ;
554 ;0 ;1 ;2 ;0 ;406 ;
554 ;0 ;1 ;3 ;0 ;366 ;
554 ;0 ;1 ;4 ;0 ;572 ;
554 ;0 ;1 ;5 ;0 ;563 ;
554 ;0 ;1 ;6 ;0 ;425 ;
554 ;0 ;1 ;7 ;0 ;527 ;
554 ;0 ;1 ;8 ;0 ;392 ;
554 ;0 ;2 ;1 ;0 ;575 ;
554 ;0 ;2 ;2 ;0 ;797 ;
554 ;0 ;2 ;3 ;0 ;466 ;
554 ;0 ;2 ;4 ;0 ;372 ;
554 ;0 ;2 ;5 ;0 ;526 ;
554 ;0 ;2 ;6 ;0 ;459 ;
554 ;0 ;2 ;7 ;0 ;523 ;
554 ;0 ;2 ;8 ;0 ;430 ;
554 ;0 ;3 ;1 ;0 ;438 ;
554 ;0 ;3 ;2 ;0 ;576 ;
554 ;0 ;3 ;3 ;0 ;409 ;
554 ;0 ;3 ;4 ;0 ;565 ;
554 ;0 ;3 ;5 ;0 ;429 ;
554 ;0 ;3 ;6 ;0 ;414 ;
554 ;0 ;3 ;7 ;0 ;582 ;
554 ;0 ;3 ;8 ;0 ;530 ;
554 ;0 ;4 ;1 ;0 ;388 ;
554 ;0 ;4 ;2 ;0 ;389 ;
554 ;0 ;4 ;3 ;0 ;615 ;
554 ;0 ;4 ;4 ;0 ;544 ;
554 ;0 ;4 ;5 ;0 ;607 ;
554 ;0 ;4 ;6 ;0 ;354 ;
554 ;0 ;4 ;7 ;0 ;356 ;
554 ;0 ;4 ;8 ;0 ;404 ;
554 ;0 ;5 ;1 ;0 ;536 ;
554 ;0 ;5 ;2 ;0 ;809 ;
554 ;0 ;5 ;3 ;0 ;598 ;
554 ;0 ;5 ;4 ;0 ;517 ;
554 ;0 ;5 ;5 ;0 ;437 ;
554 ;0 ;5 ;6 ;0 ;566 ;
554 ;0 ;5 ;7 ;0 ;564 ;
554 ;0 ;5 ;8 ;0 ;589 ;
554 ;0 ;6 ;1 ;0 ;592 ;
554 ;0 ;6 ;2 ;0 ;540 ;
554 ;0 ;6 ;3 ;0 ;593 ;
554 ;0 ;6 ;4 ;0 ;360 ;
554 ;0 ;6 ;5 ;0 ;681 ;
554 ;0 ;6 ;6 ;0 ;533 ;
554 ;0 ;6 ;7 ;0 ;426 ;
554 ;0 ;6 ;8 ;0 ;522 ;
554 ;0 ;7 ;1 ;0 ;362 ;
554 ;0 ;7 ;2 ;0 ;352 ;
554 ;0 ;7 ;3 ;0 ;548 ;
554 ;0 ;7 ;4 ;0 ;750 ;
554 ;0 ;7 ;5 ;0 ;378 ;
554 ;0 ;7 ;6 ;0 ;467 ;
554 ;0 ;7 ;7 ;0 ;613 ;
554 ;0 ;7 ;8 ;0 ;549 ;
554 ;0 ;8 ;1 ;0 ;433 ;
554 ;0 ;8 ;2 ;0 ;616 ;
554 ;0 ;8 ;3 ;0 ;587 ;
554 ;0 ;8 ;4 ;0 ;584 ;
554 ;0 ;8 ;5 ;0 ;440 ;
554 ;0 ;8 ;6 ;0 ;590 ;
554 ;0 ;8 ;7 ;0 ;424 ;
554 ;0 ;8 ;8 ;0 ;581 ;
554 ;0 ;9 ;1 ;0 ;614 ;
554 ;0 ;9 ;2 ;0 ;578 ;
554 ;0 ;9 ;3 ;0 ;431 ;
554 ;0 ;9 ;4 ;0 ;543 ;
554 ;0 ;9 ;5 ;0 ;432 ;
554 ;0 ;9 ;6 ;0 ;422 ;
554 ;0 ;9 ;7 ;0 ;524 ;
554 ;0 ;9 ;8 ;0 ;396 ;
554 ;0 ;10 ;1 ;0 ;514 ;
554 ;0 ;10 ;2 ;0 ;799 ;
554 ;0 ;10 ;3 ;0 ;666 ;
554 ;0 ;10 ;4 ;0 ;539 ;
554 ;0 ;10 ;5 ;0 ;651 ;
554 ;0 ;10 ;6 ;0 ;545 ;
554 ;0 ;10 ;7 ;0 ;525 ;
554 ;0 ;10 ;8 ;0 ;434 ;
554 ;0 ;11 ;1 ;0 ;445 ;
554 ;0 ;11 ;2 ;0 ;398 ;
554 ;0 ;11 ;3 ;0 ;441 ;
554 ;0 ;11 ;4 ;0 ;462 ;
554 ;0 ;11 ;5 ;0 ;377 ;
554 ;0 ;11 ;6 ;0 ;481 ;
554 ;0 ;11 ;7 ;0 ;465 ;
554 ;0 ;11 ;8 ;0 ;504 ;
555 ;0 ;0 ;1 ;0 ;537 ;
555 ;0 ;0 ;2 ;0 ;449 ;
555 ;0 ;0 ;3 ;0 ;494 ;
555 ;0 ;0 ;4 ;0 ;380 ;
555 ;0 ;0 ;5 ;0 ;439 ;
555 ;0 ;0 ;6 ;0 ;473 ;
555 ;0 ;0 ;7 ;0 ;472 ;
555 ;0 ;1 ;1 ;0 ;508 ;
555 ;0 ;1 ;2 ;0 ;680 ;
555 ;0 ;1 ;3 ;0 ;456 ;
555 ;0 ;1 ;4 ;0 ;476 ;
555 ;0 ;1 ;5 ;0 ;559 ;
555 ;0 ;1 ;6 ;0 ;597 ;
555 ;0 ;1 ;7 ;0 ;498 ;
555 ;0 ;1 ;8 ;0 ;552 ;
556 ;0 ;0 ;1 ;0 ;438 ;
556 ;0 ;0 ;2 ;0 ;531 ;
556 ;0 ;0 ;3 ;0 ;354 ;
556 ;0 ;0 ;4 ;0 ;400 ;
556 ;0 ;0 ;5 ;0 ;478 ;
556 ;0 ;0 ;6 ;0 ;616 ;
556 ;0 ;0 ;7 ;0 ;433 ;
556 ;0 ;0 ;8 ;0 ;406 ;
556 ;0 ;1 ;1 ;0 ;548 ;
556 ;0 ;1 ;2 ;0 ;581 ;
556 ;0 ;1 ;3 ;0 ;463 ;
556 ;0 ;1 ;4 ;0 ;587 ;
556 ;0 ;1 ;5 ;0 ;358 ;
556 ;0 ;1 ;6 ;0 ;404 ;
556 ;0 ;1 ;7 ;0 ;522 ;
556 ;0 ;1 ;8 ;0 ;613 ;
556 ;0 ;2 ;1 ;0 ;401 ;
556 ;0 ;2 ;2 ;0 ;428 ;
556 ;0 ;2 ;3 ;0 ;487 ;
556 ;0 ;2 ;4 ;0 ;809 ;
556 ;0 ;2 ;5 ;0 ;396 ;
556 ;0 ;2 ;6 ;0 ;407 ;
556 ;0 ;2 ;7 ;0 ;756 ;
556 ;0 ;2 ;8 ;0 ;504 ;
556 ;0 ;3 ;1 ;0 ;517 ;
556 ;0 ;3 ;2 ;0 ;391 ;
556 ;0 ;3 ;3 ;0 ;474 ;
556 ;0 ;3 ;4 ;0 ;549 ;
556 ;0 ;3 ;5 ;0 ;483 ;
556 ;0 ;3 ;6 ;0 ;467 ;
556 ;0 ;3 ;7 ;0 ;482 ;
556 ;0 ;3 ;8 ;0 ;465 ;
556 ;0 ;4 ;1 ;0 ;651 ;
556 ;0 ;4 ;2 ;0 ;521 ;
556 ;0 ;4 ;3 ;0 ;376 ;
556 ;0 ;4 ;4 ;0 ;427 ;
556 ;0 ;4 ;5 ;0 ;477 ;
556 ;0 ;4 ;6 ;0 ;484 ;
556 ;0 ;4 ;7 ;0 ;466 ;
556 ;0 ;4 ;8 ;0 ;547 ;
557 ;0 ;0 ;3 ;0 ;801 ;
557 ;0 ;0 ;4 ;0 ;373 ;
557 ;0 ;0 ;5 ;0 ;608 ;
557 ;0 ;0 ;6 ;0 ;496 ;
557 ;0 ;1 ;3 ;0 ;606 ;
557 ;0 ;1 ;4 ;0 ;405 ;
557 ;0 ;1 ;5 ;0 ;601 ;
557 ;0 ;1 ;6 ;0 ;495 ;
557 ;0 ;1 ;7 ;0 ;489 ;
557 ;0 ;2 ;1 ;0 ;595 ;
557 ;0 ;2 ;2 ;0 ;451 ;
557 ;0 ;2 ;3 ;0 ;513 ;
557 ;0 ;2 ;4 ;0 ;529 ;
557 ;0 ;2 ;5 ;0 ;383 ;
557 ;0 ;2 ;6 ;0 ;412 ;
557 ;0 ;2 ;7 ;0 ;650 ;
557 ;0 ;2 ;8 ;0 ;552 ;
557 ;0 ;3 ;1 ;0 ;569 ;
557 ;0 ;3 ;2 ;0 ;442 ;
557 ;0 ;3 ;3 ;0 ;353 ;
557 ;0 ;3 ;4 ;0 ;532 ;
557 ;0 ;3 ;5 ;0 ;605 ;
557 ;0 ;3 ;6 ;0 ;447 ;
557 ;0 ;3 ;7 ;0 ;454 ;
557 ;0 ;3 ;8 ;0 ;387 ;
557 ;0 ;4 ;1 ;0 ;418 ;
557 ;0 ;4 ;2 ;0 ;649 ;
557 ;0 ;4 ;3 ;0 ;460 ;
557 ;0 ;4 ;4 ;0 ;507 ;
557 ;0 ;4 ;5 ;0 ;753 ;
557 ;0 ;4 ;6 ;0 ;554 ;
557 ;0 ;4 ;7 ;0 ;369 ;
557 ;0 ;4 ;8 ;0 ;411 ;
557 ;0 ;5 ;1 ;0 ;611 ;
557 ;0 ;5 ;2 ;0 ;464 ;
557 ;0 ;5 ;3 ;0 ;419 ;
557 ;0 ;5 ;4 ;0 ;490 ;
557 ;0 ;5 ;5 ;0 ;444 ;
557 ;0 ;5 ;6 ;0 ;586 ;
557 ;0 ;5 ;7 ;0 ;535 ;
557 ;0 ;5 ;8 ;0 ;448 ;
557 ;0 ;6 ;1 ;0 ;408 ;
557 ;0 ;6 ;2 ;0 ;637 ;
557 ;0 ;6 ;3 ;0 ;375 ;
557 ;0 ;6 ;4 ;0 ;361 ;
557 ;0 ;6 ;5 ;0 ;363 ;
557 ;0 ;6 ;6 ;0 ;600 ;
557 ;0 ;6 ;7 ;0 ;610 ;
557 ;0 ;6 ;8 ;0 ;364 ;
557 ;0 ;7 ;1 ;0 ;556 ;
557 ;0 ;7 ;2 ;0 ;588 ;
557 ;0 ;7 ;3 ;0 ;472 ;
557 ;0 ;7 ;4 ;0 ;368 ;
557 ;0 ;7 ;5 ;0 ;591 ;
557 ;0 ;7 ;6 ;0 ;410 ;
557 ;0 ;7 ;7 ;0 ;511 ;
557 ;0 ;7 ;8 ;0 ;596 ;
558 ;0 ;0 ;1 ;0 ;375 ;
558 ;0 ;0 ;2 ;0 ;499 ;
558 ;0 ;0 ;3 ;0 ;591 ;
558 ;0 ;0 ;4 ;0 ;410 ;
558 ;0 ;0 ;5 ;0 ;559 ;
558 ;0 ;0 ;6 ;0 ;597 ;
558 ;0 ;0 ;7 ;0 ;501 ;
558 ;0 ;0 ;8 ;0 ;600 ;
559 ;0 ;0 ;1 ;0 ;484 ;
559 ;0 ;0 ;2 ;0 ;474 ;
559 ;0 ;0 ;3 ;0 ;525 ;
559 ;0 ;0 ;4 ;0 ;480 ;
559 ;0 ;0 ;5 ;0 ;478 ;
559 ;0 ;0 ;6 ;0 ;487 ;
559 ;0 ;0 ;7 ;0 ;545 ;
559 ;0 ;0 ;8 ;0 ;467 ;
560 ;0 ;0 ;1 ;0 ;552 ;
560 ;0 ;0 ;2 ;0 ;680 ;
560 ;0 ;0 ;3 ;0 ;597 ;
560 ;0 ;0 ;4 ;0 ;498 ;
560 ;0 ;0 ;5 ;0 ;476 ;
560 ;0 ;0 ;6 ;0 ;472 ;
560 ;0 ;0 ;7 ;0 ;494 ;
560 ;0 ;0 ;8 ;0 ;449 ;
561 ;0 ;0 ;1 ;0 ;504 ;
561 ;0 ;0 ;2 ;0 ;398 ;
561 ;0 ;0 ;3 ;0 ;377 ;
561 ;0 ;0 ;4 ;0 ;462 ;
561 ;0 ;0 ;5 ;0 ;441 ;
561 ;0 ;0 ;6 ;0 ;590 ;
561 ;0 ;0 ;7 ;0 ;525 ;
561 ;0 ;0 ;8 ;0 ;445 ;
562 ;0 ;0 ;1 ;0 ;556 ;
562 ;0 ;0 ;2 ;0 ;591 ;
562 ;0 ;0 ;3 ;0 ;511 ;
562 ;0 ;0 ;4 ;0 ;368 ;
562 ;0 ;0 ;5 ;0 ;588 ;
562 ;0 ;0 ;6 ;0 ;410 ;
562 ;0 ;0 ;7 ;0 ;364 ;
562 ;0 ;0 ;8 ;0 ;596 ;
563 ;0 ;0 ;1 ;0 ;484 ;
563 ;0 ;0 ;2 ;0 ;521 ;
563 ;0 ;0 ;3 ;0 ;427 ;
563 ;0 ;0 ;4 ;0 ;477 ;
563 ;0 ;0 ;5 ;0 ;467 ;
563 ;0 ;0 ;6 ;0 ;376 ;
563 ;0 ;0 ;7 ;0 ;465 ;
563 ;0 ;0 ;8 ;0 ;482 ;
564 ;0 ;0 ;1 ;0 ;655 ;
564 ;0 ;0 ;2 ;0 ;674 ;
564 ;0 ;0 ;3 ;0 ;648 ;
564 ;0 ;0 ;4 ;0 ;654 ;
564 ;0 ;0 ;5 ;0 ;625 ;
564 ;0 ;0 ;6 ;0 ;664 ;
564 ;0 ;0 ;7 ;0 ;672 ;
564 ;0 ;0 ;8 ;0 ;641 ;
564 ;0 ;1 ;1 ;0 ;708 ;
564 ;0 ;1 ;2 ;0 ;716 ;
564 ;0 ;1 ;3 ;0 ;730 ;
564 ;0 ;1 ;4 ;0 ;764 ;
564 ;0 ;1 ;5 ;0 ;745 ;
564 ;0 ;1 ;6 ;0 ;718 ;
564 ;0 ;1 ;7 ;0 ;709 ;
564 ;0 ;1 ;8 ;0 ;690 ;
565 ;0 ;0 ;1 ;0 ;733 ;
565 ;0 ;0 ;2 ;0 ;717 ;
565 ;0 ;0 ;3 ;0 ;660 ;
565 ;0 ;0 ;4 ;0 ;760 ;
565 ;0 ;0 ;5 ;0 ;741 ;
565 ;0 ;0 ;6 ;0 ;726 ;
565 ;0 ;0 ;7 ;0 ;686 ;
566 ;0 ;0 ;2 ;0 ;689 ;
566 ;0 ;0 ;3 ;0 ;795 ;
566 ;0 ;0 ;4 ;0 ;770 ;
566 ;0 ;0 ;5 ;0 ;790 ;
566 ;0 ;0 ;6 ;0 ;693 ;
566 ;0 ;0 ;7 ;0 ;729 ;
566 ;0 ;1 ;1 ;0 ;744 ;
566 ;0 ;1 ;2 ;0 ;663 ;
566 ;0 ;1 ;3 ;0 ;782 ;
566 ;0 ;1 ;4 ;0 ;715 ;
566 ;0 ;1 ;5 ;0 ;707 ;
566 ;0 ;1 ;6 ;0 ;774 ;
566 ;0 ;1 ;7 ;0 ;763 ;
567 ;0 ;0 ;3 ;0 ;772 ;
567 ;0 ;0 ;4 ;0 ;692 ;
567 ;0 ;0 ;5 ;0 ;732 ;
567 ;0 ;0 ;6 ;0 ;767 ;
567 ;0 ;0 ;7 ;0 ;628 ;
567 ;0 ;1 ;3 ;0 ;786 ;
567 ;0 ;1 ;4 ;0 ;621 ;
567 ;0 ;1 ;5 ;0 ;696 ;
567 ;0 ;1 ;6 ;0 ;703 ;
567 ;0 ;1 ;7 ;0 ;712 ;
567 ;0 ;2 ;1 ;0 ;652 ;
567 ;0 ;2 ;2 ;0 ;759 ;
567 ;0 ;2 ;3 ;0 ;669 ;
567 ;0 ;2 ;4 ;0 ;685 ;
567 ;0 ;2 ;5 ;0 ;778 ;
567 ;0 ;2 ;6 ;0 ;659 ;
567 ;0 ;2 ;7 ;0 ;740 ;
567 ;0 ;2 ;8 ;0 ;725 ;
568 ;0 ;0 ;1 ;0 ;655 ;
568 ;0 ;0 ;2 ;0 ;664 ;
568 ;0 ;0 ;3 ;0 ;730 ;
568 ;0 ;0 ;4 ;0 ;654 ;
568 ;0 ;0 ;5 ;0 ;764 ;
568 ;0 ;0 ;6 ;0 ;672 ;
568 ;0 ;0 ;7 ;0 ;709 ;
568 ;0 ;0 ;8 ;0 ;648 ;
570 ;0 ;0 ;1 ;0 ;707 ;
570 ;0 ;0 ;2 ;0 ;729 ;
570 ;0 ;0 ;3 ;0 ;744 ;
570 ;0 ;0 ;4 ;0 ;782 ;
570 ;0 ;0 ;5 ;0 ;689 ;
570 ;0 ;0 ;6 ;0 ;770 ;
570 ;0 ;0 ;7 ;0 ;774 ;
570 ;0 ;0 ;8 ;0 ;790 ;
571 ;0 ;0 ;1 ;0 ;652 ;
571 ;0 ;0 ;2 ;0 ;692 ;
571 ;0 ;0 ;3 ;0 ;732 ;
571 ;0 ;0 ;4 ;0 ;725 ;
571 ;0 ;0 ;5 ;0 ;621 ;
571 ;0 ;0 ;6 ;0 ;696 ;
571 ;0 ;0 ;7 ;0 ;685 ;
571 ;0 ;0 ;8 ;0 ;659 ;
