event; round;heat;lane;relais;idBib;
201 ;0 ;0 ;1 ;0 ;73 ;
201 ;0 ;0 ;2 ;0 ;57 ;
201 ;0 ;0 ;3 ;0 ;147 ;
201 ;0 ;0 ;4 ;0 ;105 ;
201 ;0 ;0 ;5 ;0 ;149 ;
201 ;0 ;0 ;6 ;0 ;150 ;
201 ;0 ;1 ;1 ;0 ;135 ;
201 ;0 ;1 ;2 ;0 ;168 ;
201 ;0 ;1 ;3 ;0 ;86 ;
201 ;0 ;1 ;4 ;0 ;9 ;
201 ;0 ;1 ;5 ;0 ;142 ;
201 ;0 ;1 ;6 ;0 ;31 ;
201 ;0 ;2 ;1 ;0 ;106 ;
201 ;0 ;2 ;2 ;0 ;4 ;
201 ;0 ;2 ;3 ;0 ;182 ;
201 ;0 ;2 ;4 ;0 ;17 ;
201 ;0 ;2 ;5 ;0 ;46 ;
201 ;0 ;2 ;6 ;0 ;121 ;
201 ;0 ;3 ;1 ;0 ;154 ;
201 ;0 ;3 ;2 ;0 ;96 ;
201 ;0 ;3 ;3 ;0 ;14 ;
201 ;0 ;3 ;4 ;0 ;5 ;
201 ;0 ;3 ;5 ;0 ;88 ;
201 ;0 ;3 ;6 ;0 ;181 ;
201 ;0 ;4 ;1 ;0 ;165 ;
201 ;0 ;4 ;2 ;0 ;72 ;
201 ;0 ;4 ;3 ;0 ;60 ;
201 ;0 ;4 ;4 ;0 ;32 ;
201 ;0 ;4 ;5 ;0 ;122 ;
201 ;0 ;4 ;6 ;0 ;107 ;
201 ;0 ;5 ;1 ;0 ;94 ;
201 ;0 ;5 ;2 ;0 ;110 ;
201 ;0 ;5 ;3 ;0 ;33 ;
201 ;0 ;5 ;4 ;0 ;176 ;
201 ;0 ;5 ;5 ;0 ;6 ;
201 ;0 ;5 ;6 ;0 ;162 ;
204 ;0 ;0 ;1 ;0 ;18 ;
204 ;0 ;0 ;2 ;0 ;7 ;
204 ;0 ;0 ;3 ;0 ;25 ;
204 ;0 ;0 ;4 ;0 ;98 ;
204 ;0 ;0 ;5 ;0 ;83 ;
204 ;0 ;1 ;1 ;0 ;29 ;
204 ;0 ;1 ;2 ;0 ;143 ;
204 ;0 ;1 ;3 ;0 ;111 ;
204 ;0 ;1 ;4 ;0 ;70 ;
204 ;0 ;1 ;5 ;0 ;151 ;
204 ;0 ;1 ;6 ;0 ;2 ;
204 ;0 ;2 ;1 ;0 ;20 ;
204 ;0 ;2 ;2 ;0 ;167 ;
204 ;0 ;2 ;3 ;0 ;77 ;
204 ;0 ;2 ;4 ;0 ;187 ;
204 ;0 ;2 ;5 ;0 ;15 ;
204 ;0 ;2 ;6 ;0 ;92 ;
204 ;0 ;3 ;1 ;0 ;76 ;
204 ;0 ;3 ;2 ;0 ;159 ;
204 ;0 ;3 ;3 ;0 ;141 ;
204 ;0 ;3 ;4 ;0 ;81 ;
204 ;0 ;3 ;5 ;0 ;131 ;
204 ;0 ;3 ;6 ;0 ;12 ;
204 ;0 ;4 ;1 ;0 ;132 ;
204 ;0 ;4 ;2 ;0 ;74 ;
204 ;0 ;4 ;3 ;0 ;28 ;
204 ;0 ;4 ;4 ;0 ;24 ;
204 ;0 ;4 ;5 ;0 ;30 ;
204 ;0 ;4 ;6 ;0 ;82 ;
207 ;0 ;0 ;1 ;0 ;73 ;
207 ;0 ;0 ;2 ;0 ;86 ;
207 ;0 ;0 ;3 ;0 ;147 ;
207 ;0 ;0 ;4 ;0 ;57 ;
207 ;0 ;0 ;5 ;0 ;105 ;
207 ;0 ;1 ;1 ;0 ;106 ;
207 ;0 ;1 ;2 ;0 ;135 ;
207 ;0 ;1 ;3 ;0 ;150 ;
207 ;0 ;1 ;4 ;0 ;107 ;
207 ;0 ;1 ;5 ;0 ;149 ;
207 ;0 ;1 ;6 ;0 ;168 ;
207 ;0 ;2 ;1 ;0 ;142 ;
207 ;0 ;2 ;2 ;0 ;5 ;
207 ;0 ;2 ;3 ;0 ;9 ;
207 ;0 ;2 ;4 ;0 ;96 ;
207 ;0 ;2 ;5 ;0 ;4 ;
207 ;0 ;2 ;6 ;0 ;121 ;
207 ;0 ;3 ;1 ;0 ;88 ;
207 ;0 ;3 ;2 ;0 ;162 ;
207 ;0 ;3 ;3 ;0 ;181 ;
207 ;0 ;3 ;4 ;0 ;17 ;
207 ;0 ;3 ;5 ;0 ;46 ;
207 ;0 ;3 ;6 ;0 ;122 ;
207 ;0 ;4 ;1 ;0 ;31 ;
207 ;0 ;4 ;2 ;0 ;14 ;
207 ;0 ;4 ;3 ;0 ;68 ;
207 ;0 ;4 ;4 ;0 ;3 ;
207 ;0 ;4 ;5 ;0 ;71 ;
207 ;0 ;4 ;6 ;0 ;154 ;
207 ;0 ;5 ;1 ;0 ;60 ;
207 ;0 ;5 ;2 ;0 ;182 ;
207 ;0 ;5 ;3 ;0 ;134 ;
207 ;0 ;5 ;4 ;0 ;72 ;
207 ;0 ;5 ;5 ;0 ;32 ;
207 ;0 ;5 ;6 ;0 ;165 ;
207 ;0 ;6 ;1 ;0 ;94 ;
207 ;0 ;6 ;2 ;0 ;110 ;
207 ;0 ;6 ;3 ;0 ;176 ;
207 ;0 ;6 ;4 ;0 ;6 ;
207 ;0 ;6 ;5 ;0 ;33 ;
207 ;0 ;6 ;6 ;0 ;89 ;
210 ;0 ;0 ;1 ;0 ;25 ;
210 ;0 ;0 ;2 ;0 ;7 ;
210 ;0 ;0 ;3 ;0 ;83 ;
210 ;0 ;0 ;4 ;0 ;98 ;
210 ;0 ;0 ;5 ;0 ;111 ;
210 ;0 ;0 ;6 ;0 ;18 ;
210 ;0 ;1 ;1 ;0 ;77 ;
210 ;0 ;1 ;2 ;0 ;187 ;
210 ;0 ;1 ;3 ;0 ;167 ;
210 ;0 ;1 ;4 ;0 ;12 ;
210 ;0 ;1 ;5 ;0 ;30 ;
210 ;0 ;1 ;6 ;0 ;74 ;
210 ;0 ;2 ;1 ;0 ;92 ;
210 ;0 ;2 ;2 ;0 ;161 ;
210 ;0 ;2 ;3 ;0 ;15 ;
210 ;0 ;2 ;4 ;0 ;80 ;
210 ;0 ;2 ;5 ;0 ;29 ;
210 ;0 ;2 ;6 ;0 ;20 ;
210 ;0 ;3 ;1 ;0 ;81 ;
210 ;0 ;3 ;2 ;0 ;76 ;
210 ;0 ;3 ;3 ;0 ;141 ;
210 ;0 ;3 ;4 ;0 ;143 ;
210 ;0 ;3 ;5 ;0 ;159 ;
210 ;0 ;3 ;6 ;0 ;131 ;
210 ;0 ;4 ;1 ;0 ;28 ;
210 ;0 ;4 ;2 ;0 ;2 ;
210 ;0 ;4 ;3 ;0 ;70 ;
210 ;0 ;4 ;4 ;0 ;24 ;
210 ;0 ;4 ;5 ;0 ;82 ;
210 ;0 ;4 ;6 ;0 ;132 ;
213 ;0 ;0 ;1 ;0 ;73 ;
213 ;0 ;0 ;2 ;0 ;147 ;
213 ;0 ;0 ;3 ;0 ;57 ;
213 ;0 ;0 ;4 ;0 ;31 ;
213 ;0 ;0 ;5 ;0 ;135 ;
213 ;0 ;0 ;6 ;0 ;154 ;
213 ;0 ;1 ;1 ;0 ;4 ;
213 ;0 ;1 ;2 ;0 ;105 ;
213 ;0 ;1 ;3 ;0 ;88 ;
213 ;0 ;1 ;4 ;0 ;142 ;
213 ;0 ;1 ;5 ;0 ;150 ;
213 ;0 ;1 ;6 ;0 ;9 ;
213 ;0 ;2 ;1 ;0 ;149 ;
213 ;0 ;2 ;2 ;0 ;168 ;
213 ;0 ;2 ;3 ;0 ;134 ;
213 ;0 ;2 ;4 ;0 ;165 ;
213 ;0 ;2 ;5 ;0 ;121 ;
213 ;0 ;2 ;6 ;0 ;182 ;
213 ;0 ;3 ;1 ;0 ;96 ;
213 ;0 ;3 ;2 ;0 ;68 ;
213 ;0 ;3 ;3 ;0 ;14 ;
213 ;0 ;3 ;4 ;0 ;3 ;
213 ;0 ;3 ;5 ;0 ;181 ;
213 ;0 ;3 ;6 ;0 ;71 ;
213 ;0 ;4 ;1 ;0 ;122 ;
213 ;0 ;4 ;2 ;0 ;32 ;
213 ;0 ;4 ;3 ;0 ;107 ;
213 ;0 ;4 ;4 ;0 ;72 ;
213 ;0 ;4 ;5 ;0 ;17 ;
213 ;0 ;4 ;6 ;0 ;46 ;
213 ;0 ;5 ;1 ;0 ;110 ;
213 ;0 ;5 ;2 ;0 ;33 ;
213 ;0 ;5 ;3 ;0 ;176 ;
213 ;0 ;5 ;4 ;0 ;106 ;
213 ;0 ;5 ;5 ;0 ;6 ;
213 ;0 ;5 ;6 ;0 ;94 ;
216 ;0 ;0 ;1 ;0 ;56 ;
216 ;0 ;0 ;2 ;0 ;18 ;
216 ;0 ;0 ;3 ;0 ;7 ;
216 ;0 ;0 ;4 ;0 ;83 ;
216 ;0 ;0 ;5 ;0 ;180 ;
216 ;0 ;1 ;1 ;0 ;98 ;
216 ;0 ;1 ;2 ;0 ;167 ;
216 ;0 ;1 ;3 ;0 ;25 ;
216 ;0 ;1 ;4 ;0 ;111 ;
216 ;0 ;1 ;5 ;0 ;187 ;
216 ;0 ;2 ;1 ;0 ;12 ;
216 ;0 ;2 ;2 ;0 ;28 ;
216 ;0 ;2 ;3 ;0 ;20 ;
216 ;0 ;2 ;4 ;0 ;161 ;
216 ;0 ;2 ;5 ;0 ;74 ;
216 ;0 ;2 ;6 ;0 ;151 ;
216 ;0 ;3 ;1 ;0 ;77 ;
216 ;0 ;3 ;2 ;0 ;92 ;
216 ;0 ;3 ;3 ;0 ;59 ;
216 ;0 ;3 ;4 ;0 ;15 ;
216 ;0 ;3 ;5 ;0 ;80 ;
216 ;0 ;3 ;6 ;0 ;29 ;
216 ;0 ;4 ;1 ;0 ;76 ;
216 ;0 ;4 ;2 ;0 ;159 ;
216 ;0 ;4 ;3 ;0 ;81 ;
216 ;0 ;4 ;4 ;0 ;143 ;
216 ;0 ;4 ;5 ;0 ;141 ;
216 ;0 ;4 ;6 ;0 ;131 ;
216 ;0 ;5 ;1 ;0 ;2 ;
216 ;0 ;5 ;2 ;0 ;82 ;
216 ;0 ;5 ;3 ;0 ;30 ;
216 ;0 ;5 ;4 ;0 ;70 ;
216 ;0 ;5 ;5 ;0 ;24 ;
216 ;0 ;5 ;6 ;0 ;132 ;
219 ;0 ;0 ;1 ;0 ;73 ;
219 ;0 ;0 ;2 ;0 ;57 ;
219 ;0 ;0 ;3 ;0 ;96 ;
219 ;0 ;0 ;4 ;0 ;9 ;
219 ;0 ;0 ;5 ;0 ;105 ;
219 ;0 ;0 ;6 ;0 ;181 ;
219 ;0 ;1 ;1 ;0 ;106 ;
219 ;0 ;1 ;2 ;0 ;165 ;
219 ;0 ;1 ;3 ;0 ;150 ;
219 ;0 ;1 ;4 ;0 ;149 ;
219 ;0 ;1 ;5 ;0 ;88 ;
219 ;0 ;1 ;6 ;0 ;86 ;
219 ;0 ;2 ;1 ;0 ;154 ;
219 ;0 ;2 ;2 ;0 ;89 ;
219 ;0 ;2 ;3 ;0 ;107 ;
219 ;0 ;2 ;4 ;0 ;4 ;
219 ;0 ;2 ;5 ;0 ;46 ;
219 ;0 ;2 ;6 ;0 ;17 ;
219 ;0 ;3 ;1 ;0 ;3 ;
219 ;0 ;3 ;2 ;0 ;71 ;
219 ;0 ;3 ;3 ;0 ;5 ;
219 ;0 ;3 ;4 ;0 ;14 ;
219 ;0 ;3 ;5 ;0 ;31 ;
219 ;0 ;3 ;6 ;0 ;135 ;
219 ;0 ;4 ;1 ;0 ;122 ;
219 ;0 ;4 ;2 ;0 ;121 ;
219 ;0 ;4 ;3 ;0 ;134 ;
219 ;0 ;4 ;4 ;0 ;182 ;
219 ;0 ;4 ;5 ;0 ;60 ;
219 ;0 ;4 ;6 ;0 ;32 ;
219 ;0 ;5 ;1 ;0 ;33 ;
219 ;0 ;5 ;2 ;0 ;6 ;
219 ;0 ;5 ;3 ;0 ;176 ;
219 ;0 ;5 ;4 ;0 ;110 ;
219 ;0 ;5 ;5 ;0 ;162 ;
219 ;0 ;5 ;6 ;0 ;94 ;
222 ;0 ;0 ;2 ;0 ;56 ;
222 ;0 ;0 ;3 ;0 ;180 ;
222 ;0 ;0 ;4 ;0 ;7 ;
222 ;0 ;0 ;5 ;0 ;98 ;
222 ;0 ;1 ;2 ;0 ;25 ;
222 ;0 ;1 ;3 ;0 ;77 ;
222 ;0 ;1 ;4 ;0 ;111 ;
222 ;0 ;1 ;5 ;0 ;167 ;
222 ;0 ;2 ;1 ;0 ;143 ;
222 ;0 ;2 ;2 ;0 ;18 ;
222 ;0 ;2 ;3 ;0 ;187 ;
222 ;0 ;2 ;4 ;0 ;83 ;
222 ;0 ;2 ;5 ;0 ;28 ;
222 ;0 ;2 ;6 ;0 ;74 ;
222 ;0 ;3 ;1 ;0 ;29 ;
222 ;0 ;3 ;2 ;0 ;161 ;
222 ;0 ;3 ;3 ;0 ;59 ;
222 ;0 ;3 ;4 ;0 ;15 ;
222 ;0 ;3 ;5 ;0 ;92 ;
222 ;0 ;3 ;6 ;0 ;20 ;
222 ;0 ;4 ;1 ;0 ;141 ;
222 ;0 ;4 ;2 ;0 ;159 ;
222 ;0 ;4 ;3 ;0 ;81 ;
222 ;0 ;4 ;4 ;0 ;12 ;
222 ;0 ;4 ;5 ;0 ;76 ;
222 ;0 ;4 ;6 ;0 ;131 ;
222 ;0 ;5 ;1 ;0 ;132 ;
222 ;0 ;5 ;2 ;0 ;82 ;
222 ;0 ;5 ;3 ;0 ;70 ;
222 ;0 ;5 ;4 ;0 ;24 ;
222 ;0 ;5 ;5 ;0 ;2 ;
222 ;0 ;5 ;6 ;0 ;30 ;
