event; round;heat;lane;relais;idBib;
501 ;0 ;0 ;1 ;0 ;434 ;
501 ;0 ;0 ;2 ;0 ;436 ;
501 ;0 ;0 ;3 ;0 ;9 ;
501 ;0 ;0 ;5 ;0 ;370 ;
501 ;0 ;0 ;6 ;0 ;185 ;
501 ;0 ;0 ;7 ;0 ;166 ;
501 ;0 ;1 ;1 ;0 ;415 ;
501 ;0 ;1 ;2 ;0 ;502 ;
501 ;0 ;1 ;3 ;0 ;224 ;
501 ;0 ;1 ;4 ;0 ;284 ;
501 ;0 ;1 ;5 ;0 ;258 ;
501 ;0 ;1 ;6 ;0 ;451 ;
501 ;0 ;1 ;7 ;0 ;252 ;
501 ;0 ;1 ;8 ;0 ;217 ;
501 ;0 ;2 ;1 ;0 ;191 ;
501 ;0 ;2 ;2 ;0 ;495 ;
501 ;0 ;2 ;3 ;0 ;336 ;
501 ;0 ;2 ;4 ;0 ;167 ;
501 ;0 ;2 ;5 ;0 ;332 ;
501 ;0 ;2 ;6 ;0 ;282 ;
501 ;0 ;2 ;7 ;0 ;529 ;
501 ;0 ;2 ;8 ;0 ;245 ;
501 ;0 ;3 ;1 ;0 ;78 ;
501 ;0 ;3 ;2 ;0 ;80 ;
501 ;0 ;3 ;3 ;0 ;141 ;
501 ;0 ;3 ;4 ;0 ;335 ;
501 ;0 ;3 ;5 ;0 ;265 ;
501 ;0 ;3 ;6 ;0 ;292 ;
501 ;0 ;3 ;7 ;0 ;267 ;
501 ;0 ;3 ;8 ;0 ;105 ;
501 ;0 ;4 ;1 ;0 ;219 ;
501 ;0 ;4 ;2 ;0 ;188 ;
501 ;0 ;4 ;3 ;0 ;444 ;
501 ;0 ;4 ;4 ;0 ;53 ;
501 ;0 ;4 ;5 ;0 ;257 ;
501 ;0 ;4 ;6 ;0 ;516 ;
501 ;0 ;4 ;7 ;0 ;341 ;
501 ;0 ;4 ;8 ;0 ;378 ;
501 ;0 ;5 ;1 ;0 ;28 ;
501 ;0 ;5 ;2 ;0 ;139 ;
501 ;0 ;5 ;3 ;0 ;374 ;
501 ;0 ;5 ;4 ;0 ;187 ;
501 ;0 ;5 ;5 ;0 ;524 ;
501 ;0 ;5 ;6 ;0 ;102 ;
501 ;0 ;5 ;7 ;0 ;461 ;
501 ;0 ;5 ;8 ;0 ;513 ;
501 ;0 ;6 ;1 ;0 ;119 ;
501 ;0 ;6 ;2 ;0 ;151 ;
501 ;0 ;6 ;3 ;0 ;426 ;
501 ;0 ;6 ;4 ;0 ;216 ;
501 ;0 ;6 ;5 ;0 ;210 ;
501 ;0 ;6 ;6 ;0 ;458 ;
501 ;0 ;6 ;7 ;0 ;490 ;
501 ;0 ;6 ;8 ;0 ;409 ;
501 ;0 ;7 ;1 ;0 ;123 ;
501 ;0 ;7 ;2 ;0 ;174 ;
501 ;0 ;7 ;3 ;0 ;138 ;
501 ;0 ;7 ;4 ;0 ;466 ;
501 ;0 ;7 ;5 ;0 ;10 ;
501 ;0 ;7 ;6 ;0 ;440 ;
501 ;0 ;7 ;7 ;0 ;148 ;
501 ;0 ;7 ;8 ;0 ;464 ;
501 ;0 ;8 ;1 ;0 ;220 ;
501 ;0 ;8 ;2 ;0 ;173 ;
501 ;0 ;8 ;3 ;0 ;126 ;
501 ;0 ;8 ;4 ;0 ;300 ;
501 ;0 ;8 ;5 ;0 ;172 ;
501 ;0 ;8 ;6 ;0 ;326 ;
501 ;0 ;8 ;7 ;0 ;62 ;
501 ;0 ;8 ;8 ;0 ;132 ;
501 ;0 ;9 ;1 ;0 ;130 ;
501 ;0 ;9 ;2 ;0 ;226 ;
501 ;0 ;9 ;3 ;0 ;45 ;
501 ;0 ;9 ;4 ;0 ;382 ;
501 ;0 ;9 ;5 ;0 ;227 ;
501 ;0 ;9 ;6 ;0 ;86 ;
501 ;0 ;9 ;7 ;0 ;362 ;
501 ;0 ;9 ;8 ;0 ;462 ;
501 ;0 ;10 ;1 ;0 ;439 ;
501 ;0 ;10 ;2 ;0 ;289 ;
501 ;0 ;10 ;3 ;0 ;209 ;
501 ;0 ;10 ;4 ;0 ;465 ;
501 ;0 ;10 ;5 ;0 ;79 ;
501 ;0 ;10 ;6 ;0 ;127 ;
501 ;0 ;10 ;7 ;0 ;504 ;
501 ;0 ;10 ;8 ;0 ;352 ;
501 ;0 ;11 ;1 ;0 ;329 ;
501 ;0 ;11 ;2 ;0 ;175 ;
501 ;0 ;11 ;3 ;0 ;164 ;
501 ;0 ;11 ;4 ;0 ;1 ;
501 ;0 ;11 ;5 ;0 ;333 ;
501 ;0 ;11 ;6 ;0 ;150 ;
501 ;0 ;11 ;7 ;0 ;101 ;
501 ;0 ;11 ;8 ;0 ;190 ;
501 ;0 ;12 ;1 ;0 ;6 ;
501 ;0 ;12 ;2 ;0 ;340 ;
501 ;0 ;12 ;3 ;0 ;14 ;
501 ;0 ;12 ;4 ;0 ;475 ;
501 ;0 ;12 ;5 ;0 ;491 ;
501 ;0 ;12 ;6 ;0 ;501 ;
501 ;0 ;12 ;7 ;0 ;525 ;
501 ;0 ;12 ;8 ;0 ;363 ;
501 ;0 ;13 ;1 ;0 ;459 ;
501 ;0 ;13 ;2 ;0 ;134 ;
501 ;0 ;13 ;3 ;0 ;76 ;
501 ;0 ;13 ;4 ;0 ;494 ;
501 ;0 ;13 ;5 ;0 ;528 ;
501 ;0 ;13 ;6 ;0 ;394 ;
501 ;0 ;13 ;7 ;0 ;122 ;
501 ;0 ;13 ;8 ;0 ;387 ;
501 ;0 ;14 ;1 ;0 ;11 ;
501 ;0 ;14 ;2 ;0 ;109 ;
501 ;0 ;14 ;3 ;0 ;344 ;
501 ;0 ;14 ;4 ;0 ;327 ;
501 ;0 ;14 ;5 ;0 ;521 ;
501 ;0 ;14 ;6 ;0 ;526 ;
501 ;0 ;14 ;7 ;0 ;447 ;
501 ;0 ;14 ;8 ;0 ;368 ;
501 ;0 ;15 ;1 ;0 ;331 ;
501 ;0 ;15 ;2 ;0 ;43 ;
501 ;0 ;15 ;3 ;0 ;246 ;
501 ;0 ;15 ;4 ;0 ;208 ;
501 ;0 ;15 ;5 ;0 ;111 ;
501 ;0 ;15 ;6 ;0 ;339 ;
501 ;0 ;15 ;7 ;0 ;244 ;
501 ;0 ;15 ;8 ;0 ;38 ;
502 ;0 ;0 ;3 ;0 ;417 ;
502 ;0 ;0 ;4 ;0 ;48 ;
502 ;0 ;0 ;5 ;0 ;51 ;
502 ;0 ;0 ;6 ;0 ;418 ;
502 ;0 ;1 ;3 ;0 ;196 ;
502 ;0 ;1 ;4 ;0 ;50 ;
502 ;0 ;1 ;5 ;0 ;178 ;
502 ;0 ;1 ;6 ;0 ;274 ;
502 ;0 ;1 ;7 ;0 ;115 ;
502 ;0 ;2 ;1 ;0 ;400 ;
502 ;0 ;2 ;2 ;0 ;355 ;
502 ;0 ;2 ;3 ;0 ;270 ;
502 ;0 ;2 ;4 ;0 ;271 ;
502 ;0 ;2 ;5 ;0 ;473 ;
502 ;0 ;2 ;6 ;0 ;307 ;
502 ;0 ;2 ;7 ;0 ;157 ;
502 ;0 ;2 ;8 ;0 ;4 ;
502 ;0 ;3 ;1 ;0 ;83 ;
502 ;0 ;3 ;2 ;0 ;238 ;
502 ;0 ;3 ;3 ;0 ;249 ;
502 ;0 ;3 ;4 ;0 ;421 ;
502 ;0 ;3 ;5 ;0 ;310 ;
502 ;0 ;3 ;6 ;0 ;322 ;
502 ;0 ;3 ;7 ;0 ;432 ;
502 ;0 ;3 ;8 ;0 ;87 ;
502 ;0 ;4 ;1 ;0 ;176 ;
502 ;0 ;4 ;2 ;0 ;304 ;
502 ;0 ;4 ;3 ;0 ;503 ;
502 ;0 ;4 ;4 ;0 ;353 ;
502 ;0 ;4 ;5 ;0 ;349 ;
502 ;0 ;4 ;6 ;0 ;438 ;
502 ;0 ;4 ;7 ;0 ;367 ;
502 ;0 ;4 ;8 ;0 ;276 ;
502 ;0 ;5 ;1 ;0 ;161 ;
502 ;0 ;5 ;2 ;0 ;66 ;
502 ;0 ;5 ;3 ;0 ;64 ;
502 ;0 ;5 ;4 ;0 ;189 ;
502 ;0 ;5 ;5 ;0 ;319 ;
502 ;0 ;5 ;6 ;0 ;133 ;
502 ;0 ;5 ;7 ;0 ;402 ;
502 ;0 ;5 ;8 ;0 ;29 ;
502 ;0 ;6 ;1 ;0 ;477 ;
502 ;0 ;6 ;2 ;0 ;530 ;
502 ;0 ;6 ;3 ;0 ;198 ;
502 ;0 ;6 ;4 ;0 ;95 ;
502 ;0 ;6 ;5 ;0 ;305 ;
502 ;0 ;6 ;6 ;0 ;390 ;
502 ;0 ;6 ;7 ;0 ;422 ;
502 ;0 ;6 ;8 ;0 ;237 ;
503 ;0 ;0 ;2 ;0 ;260 ;
503 ;0 ;0 ;3 ;0 ;230 ;
503 ;0 ;0 ;4 ;0 ;89 ;
503 ;0 ;0 ;5 ;0 ;522 ;
503 ;0 ;0 ;6 ;0 ;250 ;
504 ;0 ;0 ;4 ;0 ;54 ;
504 ;0 ;0 ;5 ;0 ;107 ;
505 ;0 ;0 ;1 ;0 ;245 ;
505 ;0 ;0 ;2 ;0 ;130 ;
505 ;0 ;0 ;3 ;0 ;502 ;
505 ;0 ;0 ;4 ;0 ;123 ;
505 ;0 ;0 ;5 ;0 ;139 ;
505 ;0 ;0 ;6 ;0 ;409 ;
505 ;0 ;0 ;7 ;0 ;140 ;
505 ;0 ;1 ;1 ;0 ;246 ;
505 ;0 ;1 ;2 ;0 ;470 ;
505 ;0 ;1 ;3 ;0 ;43 ;
505 ;0 ;1 ;4 ;0 ;327 ;
505 ;0 ;1 ;5 ;0 ;111 ;
505 ;0 ;1 ;6 ;0 ;109 ;
505 ;0 ;1 ;7 ;0 ;244 ;
505 ;0 ;1 ;8 ;0 ;528 ;
506 ;0 ;0 ;2 ;0 ;51 ;
506 ;0 ;0 ;3 ;0 ;418 ;
506 ;0 ;0 ;4 ;0 ;176 ;
506 ;0 ;0 ;5 ;0 ;196 ;
506 ;0 ;0 ;6 ;0 ;178 ;
506 ;0 ;0 ;7 ;0 ;270 ;
506 ;0 ;1 ;2 ;0 ;473 ;
506 ;0 ;1 ;3 ;0 ;438 ;
506 ;0 ;1 ;4 ;0 ;432 ;
506 ;0 ;1 ;5 ;0 ;247 ;
506 ;0 ;1 ;6 ;0 ;399 ;
506 ;0 ;1 ;7 ;0 ;133 ;
506 ;0 ;2 ;1 ;0 ;50 ;
506 ;0 ;2 ;2 ;0 ;64 ;
506 ;0 ;2 ;3 ;0 ;189 ;
506 ;0 ;2 ;4 ;0 ;353 ;
506 ;0 ;2 ;5 ;0 ;503 ;
506 ;0 ;2 ;6 ;0 ;180 ;
506 ;0 ;2 ;7 ;0 ;488 ;
506 ;0 ;2 ;8 ;0 ;367 ;
506 ;0 ;3 ;1 ;0 ;425 ;
506 ;0 ;3 ;2 ;0 ;13 ;
506 ;0 ;3 ;3 ;0 ;322 ;
506 ;0 ;3 ;4 ;0 ;276 ;
506 ;0 ;3 ;5 ;0 ;385 ;
506 ;0 ;3 ;6 ;0 ;235 ;
506 ;0 ;3 ;7 ;0 ;348 ;
506 ;0 ;3 ;8 ;0 ;477 ;
506 ;0 ;4 ;1 ;0 ;3 ;
506 ;0 ;4 ;2 ;0 ;29 ;
506 ;0 ;4 ;3 ;0 ;108 ;
506 ;0 ;4 ;4 ;0 ;161 ;
506 ;0 ;4 ;5 ;0 ;117 ;
506 ;0 ;4 ;6 ;0 ;349 ;
506 ;0 ;4 ;7 ;0 ;402 ;
506 ;0 ;4 ;8 ;0 ;100 ;
506 ;0 ;5 ;1 ;0 ;237 ;
506 ;0 ;5 ;2 ;0 ;177 ;
506 ;0 ;5 ;3 ;0 ;63 ;
506 ;0 ;5 ;4 ;0 ;112 ;
506 ;0 ;5 ;5 ;0 ;5 ;
506 ;0 ;5 ;6 ;0 ;179 ;
506 ;0 ;5 ;7 ;0 ;198 ;
506 ;0 ;5 ;8 ;0 ;422 ;
506 ;0 ;6 ;1 ;0 ;95 ;
506 ;0 ;6 ;2 ;0 ;377 ;
506 ;0 ;6 ;3 ;0 ;305 ;
506 ;0 ;6 ;4 ;0 ;181 ;
506 ;0 ;6 ;5 ;0 ;266 ;
506 ;0 ;6 ;6 ;0 ;91 ;
506 ;0 ;6 ;7 ;0 ;309 ;
506 ;0 ;6 ;8 ;0 ;280 ;
507 ;0 ;0 ;2 ;0 ;225 ;
507 ;0 ;0 ;3 ;0 ;251 ;
507 ;0 ;0 ;4 ;0 ;522 ;
507 ;0 ;0 ;5 ;0 ;106 ;
507 ;0 ;0 ;6 ;0 ;328 ;
508 ;0 ;0 ;1 ;0 ;107 ;
508 ;0 ;0 ;2 ;0 ;424 ;
508 ;0 ;0 ;3 ;0 ;398 ;
508 ;0 ;0 ;4 ;0 ;82 ;
508 ;0 ;0 ;5 ;0 ;54 ;
508 ;0 ;0 ;6 ;0 ;338 ;
508 ;0 ;0 ;7 ;0 ;236 ;
509 ;0 ;0 ;3 ;0 ;195 ;
509 ;0 ;0 ;4 ;0 ;258 ;
509 ;0 ;0 ;5 ;0 ;278 ;
509 ;0 ;0 ;6 ;0 ;284 ;
509 ;0 ;0 ;7 ;0 ;217 ;
509 ;0 ;1 ;3 ;0 ;219 ;
509 ;0 ;1 ;4 ;0 ;191 ;
509 ;0 ;1 ;5 ;0 ;336 ;
509 ;0 ;1 ;6 ;0 ;444 ;
509 ;0 ;1 ;7 ;0 ;529 ;
509 ;0 ;2 ;1 ;0 ;105 ;
509 ;0 ;2 ;2 ;0 ;495 ;
509 ;0 ;2 ;3 ;0 ;516 ;
509 ;0 ;2 ;4 ;0 ;391 ;
509 ;0 ;2 ;5 ;0 ;335 ;
509 ;0 ;2 ;6 ;0 ;245 ;
509 ;0 ;2 ;7 ;0 ;524 ;
509 ;0 ;2 ;8 ;0 ;102 ;
509 ;0 ;3 ;1 ;0 ;451 ;
509 ;0 ;3 ;2 ;0 ;224 ;
509 ;0 ;3 ;3 ;0 ;257 ;
509 ;0 ;3 ;4 ;0 ;80 ;
509 ;0 ;3 ;5 ;0 ;188 ;
509 ;0 ;3 ;6 ;0 ;151 ;
509 ;0 ;3 ;7 ;0 ;332 ;
509 ;0 ;3 ;8 ;0 ;101 ;
509 ;0 ;4 ;1 ;0 ;137 ;
509 ;0 ;4 ;2 ;0 ;119 ;
509 ;0 ;4 ;3 ;0 ;513 ;
509 ;0 ;4 ;4 ;0 ;10 ;
509 ;0 ;4 ;5 ;0 ;265 ;
509 ;0 ;4 ;6 ;0 ;220 ;
509 ;0 ;4 ;7 ;0 ;415 ;
509 ;0 ;4 ;8 ;0 ;166 ;
509 ;0 ;5 ;1 ;0 ;436 ;
509 ;0 ;5 ;2 ;0 ;292 ;
509 ;0 ;5 ;3 ;0 ;138 ;
509 ;0 ;5 ;4 ;0 ;174 ;
509 ;0 ;5 ;5 ;0 ;300 ;
509 ;0 ;5 ;6 ;0 ;210 ;
509 ;0 ;5 ;7 ;0 ;141 ;
509 ;0 ;5 ;8 ;0 ;172 ;
509 ;0 ;6 ;1 ;0 ;502 ;
509 ;0 ;6 ;2 ;0 ;341 ;
509 ;0 ;6 ;3 ;0 ;6 ;
509 ;0 ;6 ;4 ;0 ;466 ;
509 ;0 ;6 ;5 ;0 ;440 ;
509 ;0 ;6 ;6 ;0 ;148 ;
509 ;0 ;6 ;7 ;0 ;175 ;
509 ;0 ;6 ;8 ;0 ;528 ;
509 ;0 ;7 ;1 ;0 ;461 ;
509 ;0 ;7 ;2 ;0 ;28 ;
509 ;0 ;7 ;3 ;0 ;14 ;
509 ;0 ;7 ;4 ;0 ;185 ;
509 ;0 ;7 ;5 ;0 ;462 ;
509 ;0 ;7 ;6 ;0 ;374 ;
509 ;0 ;7 ;7 ;0 ;525 ;
509 ;0 ;7 ;8 ;0 ;123 ;
509 ;0 ;8 ;1 ;0 ;216 ;
509 ;0 ;8 ;2 ;0 ;150 ;
509 ;0 ;8 ;3 ;0 ;362 ;
509 ;0 ;8 ;4 ;0 ;352 ;
509 ;0 ;8 ;5 ;0 ;339 ;
509 ;0 ;8 ;6 ;0 ;490 ;
509 ;0 ;8 ;7 ;0 ;79 ;
509 ;0 ;8 ;8 ;0 ;227 ;
509 ;0 ;9 ;1 ;0 ;394 ;
509 ;0 ;9 ;2 ;0 ;340 ;
509 ;0 ;9 ;3 ;0 ;122 ;
509 ;0 ;9 ;4 ;0 ;333 ;
509 ;0 ;9 ;5 ;0 ;76 ;
509 ;0 ;9 ;6 ;0 ;190 ;
509 ;0 ;9 ;7 ;0 ;134 ;
509 ;0 ;9 ;8 ;0 ;526 ;
509 ;0 ;10 ;1 ;0 ;187 ;
509 ;0 ;10 ;2 ;0 ;329 ;
509 ;0 ;10 ;3 ;0 ;229 ;
509 ;0 ;10 ;4 ;0 ;501 ;
509 ;0 ;10 ;5 ;0 ;62 ;
509 ;0 ;10 ;6 ;0 ;363 ;
509 ;0 ;10 ;7 ;0 ;475 ;
509 ;0 ;10 ;8 ;0 ;11 ;
509 ;0 ;11 ;1 ;0 ;521 ;
509 ;0 ;11 ;2 ;0 ;491 ;
509 ;0 ;11 ;3 ;0 ;45 ;
509 ;0 ;11 ;4 ;0 ;494 ;
509 ;0 ;11 ;5 ;0 ;38 ;
509 ;0 ;11 ;6 ;0 ;326 ;
509 ;0 ;11 ;7 ;0 ;504 ;
509 ;0 ;11 ;8 ;0 ;470 ;
509 ;0 ;12 ;1 ;0 ;226 ;
509 ;0 ;12 ;2 ;0 ;344 ;
509 ;0 ;12 ;3 ;0 ;43 ;
509 ;0 ;12 ;4 ;0 ;111 ;
509 ;0 ;12 ;5 ;0 ;208 ;
509 ;0 ;12 ;6 ;0 ;244 ;
509 ;0 ;12 ;7 ;0 ;327 ;
509 ;0 ;12 ;8 ;0 ;127 ;
510 ;0 ;0 ;1 ;0 ;48 ;
510 ;0 ;0 ;2 ;0 ;256 ;
510 ;0 ;0 ;3 ;0 ;153 ;
510 ;0 ;0 ;4 ;0 ;396 ;
510 ;0 ;0 ;5 ;0 ;270 ;
510 ;0 ;0 ;6 ;0 ;115 ;
510 ;0 ;0 ;7 ;0 ;87 ;
510 ;0 ;0 ;8 ;0 ;355 ;
510 ;0 ;1 ;1 ;0 ;304 ;
510 ;0 ;1 ;2 ;0 ;400 ;
510 ;0 ;1 ;3 ;0 ;4 ;
510 ;0 ;1 ;4 ;0 ;310 ;
510 ;0 ;1 ;5 ;0 ;196 ;
510 ;0 ;1 ;6 ;0 ;247 ;
510 ;0 ;1 ;7 ;0 ;249 ;
510 ;0 ;1 ;8 ;0 ;75 ;
510 ;0 ;2 ;1 ;0 ;307 ;
510 ;0 ;2 ;2 ;0 ;509 ;
510 ;0 ;2 ;3 ;0 ;108 ;
510 ;0 ;2 ;4 ;0 ;438 ;
510 ;0 ;2 ;5 ;0 ;180 ;
510 ;0 ;2 ;6 ;0 ;425 ;
510 ;0 ;2 ;7 ;0 ;367 ;
510 ;0 ;2 ;8 ;0 ;117 ;
510 ;0 ;3 ;1 ;0 ;348 ;
510 ;0 ;3 ;2 ;0 ;161 ;
510 ;0 ;3 ;3 ;0 ;356 ;
510 ;0 ;3 ;4 ;0 ;417 ;
510 ;0 ;3 ;5 ;0 ;157 ;
510 ;0 ;3 ;6 ;0 ;402 ;
510 ;0 ;3 ;7 ;0 ;399 ;
510 ;0 ;3 ;8 ;0 ;488 ;
510 ;0 ;4 ;1 ;0 ;235 ;
510 ;0 ;4 ;2 ;0 ;3 ;
510 ;0 ;4 ;3 ;0 ;503 ;
510 ;0 ;4 ;4 ;0 ;13 ;
510 ;0 ;4 ;5 ;0 ;319 ;
510 ;0 ;4 ;6 ;0 ;377 ;
510 ;0 ;4 ;7 ;0 ;385 ;
510 ;0 ;4 ;8 ;0 ;276 ;
510 ;0 ;5 ;1 ;0 ;179 ;
510 ;0 ;5 ;2 ;0 ;349 ;
510 ;0 ;5 ;3 ;0 ;322 ;
510 ;0 ;5 ;4 ;0 ;390 ;
510 ;0 ;5 ;5 ;0 ;112 ;
510 ;0 ;5 ;6 ;0 ;373 ;
510 ;0 ;5 ;7 ;0 ;5 ;
510 ;0 ;5 ;8 ;0 ;435 ;
510 ;0 ;6 ;1 ;0 ;305 ;
510 ;0 ;6 ;2 ;0 ;266 ;
510 ;0 ;6 ;3 ;0 ;159 ;
510 ;0 ;6 ;4 ;0 ;280 ;
510 ;0 ;6 ;5 ;0 ;422 ;
510 ;0 ;6 ;6 ;0 ;91 ;
510 ;0 ;6 ;7 ;0 ;309 ;
510 ;0 ;6 ;8 ;0 ;177 ;
511 ;0 ;0 ;2 ;0 ;225 ;
511 ;0 ;0 ;3 ;0 ;487 ;
511 ;0 ;0 ;4 ;0 ;522 ;
511 ;0 ;0 ;5 ;0 ;251 ;
511 ;0 ;0 ;6 ;0 ;250 ;
511 ;0 ;0 ;7 ;0 ;106 ;
511 ;0 ;1 ;1 ;0 ;328 ;
511 ;0 ;1 ;2 ;0 ;372 ;
511 ;0 ;1 ;3 ;0 ;230 ;
511 ;0 ;1 ;4 ;0 ;89 ;
511 ;0 ;1 ;5 ;0 ;442 ;
511 ;0 ;1 ;6 ;0 ;200 ;
511 ;0 ;1 ;7 ;0 ;260 ;
512 ;0 ;0 ;2 ;0 ;500 ;
512 ;0 ;0 ;3 ;0 ;82 ;
512 ;0 ;0 ;4 ;0 ;338 ;
512 ;0 ;0 ;5 ;0 ;404 ;
512 ;0 ;0 ;6 ;0 ;423 ;
512 ;0 ;0 ;7 ;0 ;107 ;
513 ;0 ;0 ;2 ;0 ;434 ;
513 ;0 ;0 ;3 ;0 ;217 ;
513 ;0 ;0 ;4 ;0 ;370 ;
513 ;0 ;0 ;5 ;0 ;185 ;
513 ;0 ;0 ;6 ;0 ;167 ;
513 ;0 ;0 ;7 ;0 ;187 ;
513 ;0 ;1 ;2 ;0 ;415 ;
513 ;0 ;1 ;3 ;0 ;195 ;
513 ;0 ;1 ;4 ;0 ;502 ;
513 ;0 ;1 ;5 ;0 ;284 ;
513 ;0 ;1 ;6 ;0 ;219 ;
513 ;0 ;1 ;7 ;0 ;258 ;
513 ;0 ;2 ;1 ;0 ;105 ;
513 ;0 ;2 ;2 ;0 ;36 ;
513 ;0 ;2 ;3 ;0 ;80 ;
513 ;0 ;2 ;4 ;0 ;529 ;
513 ;0 ;2 ;5 ;0 ;336 ;
513 ;0 ;2 ;6 ;0 ;451 ;
513 ;0 ;2 ;7 ;0 ;35 ;
513 ;0 ;2 ;8 ;0 ;292 ;
513 ;0 ;3 ;1 ;0 ;151 ;
513 ;0 ;3 ;2 ;0 ;257 ;
513 ;0 ;3 ;3 ;0 ;495 ;
513 ;0 ;3 ;4 ;0 ;282 ;
513 ;0 ;3 ;5 ;0 ;378 ;
513 ;0 ;3 ;6 ;0 ;141 ;
513 ;0 ;3 ;7 ;0 ;374 ;
513 ;0 ;3 ;8 ;0 ;335 ;
513 ;0 ;4 ;1 ;0 ;9 ;
513 ;0 ;4 ;2 ;0 ;245 ;
513 ;0 ;4 ;3 ;0 ;188 ;
513 ;0 ;4 ;4 ;0 ;516 ;
513 ;0 ;4 ;5 ;0 ;444 ;
513 ;0 ;4 ;6 ;0 ;252 ;
513 ;0 ;4 ;7 ;0 ;332 ;
513 ;0 ;4 ;8 ;0 ;28 ;
513 ;0 ;5 ;1 ;0 ;78 ;
513 ;0 ;5 ;2 ;0 ;267 ;
513 ;0 ;5 ;3 ;0 ;139 ;
513 ;0 ;5 ;4 ;0 ;265 ;
513 ;0 ;5 ;5 ;0 ;216 ;
513 ;0 ;5 ;6 ;0 ;220 ;
513 ;0 ;5 ;7 ;0 ;102 ;
513 ;0 ;5 ;8 ;0 ;137 ;
513 ;0 ;6 ;1 ;0 ;119 ;
513 ;0 ;6 ;2 ;0 ;101 ;
513 ;0 ;6 ;3 ;0 ;174 ;
513 ;0 ;6 ;4 ;0 ;524 ;
513 ;0 ;6 ;5 ;0 ;166 ;
513 ;0 ;6 ;6 ;0 ;341 ;
513 ;0 ;6 ;7 ;0 ;426 ;
513 ;0 ;6 ;8 ;0 ;436 ;
513 ;0 ;7 ;1 ;0 ;123 ;
513 ;0 ;7 ;2 ;0 ;227 ;
513 ;0 ;7 ;3 ;0 ;460 ;
513 ;0 ;7 ;4 ;0 ;53 ;
513 ;0 ;7 ;5 ;0 ;138 ;
513 ;0 ;7 ;6 ;0 ;461 ;
513 ;0 ;7 ;7 ;0 ;300 ;
513 ;0 ;7 ;8 ;0 ;464 ;
513 ;0 ;8 ;1 ;0 ;466 ;
513 ;0 ;8 ;2 ;0 ;130 ;
513 ;0 ;8 ;3 ;0 ;439 ;
513 ;0 ;8 ;4 ;0 ;10 ;
513 ;0 ;8 ;5 ;0 ;79 ;
513 ;0 ;8 ;6 ;0 ;494 ;
513 ;0 ;8 ;7 ;0 ;440 ;
513 ;0 ;8 ;8 ;0 ;458 ;
513 ;0 ;9 ;1 ;0 ;210 ;
513 ;0 ;9 ;2 ;0 ;126 ;
513 ;0 ;9 ;3 ;0 ;148 ;
513 ;0 ;9 ;4 ;0 ;289 ;
513 ;0 ;9 ;5 ;0 ;475 ;
513 ;0 ;9 ;6 ;0 ;462 ;
513 ;0 ;9 ;7 ;0 ;86 ;
513 ;0 ;9 ;8 ;0 ;490 ;
513 ;0 ;10 ;1 ;0 ;352 ;
513 ;0 ;10 ;2 ;0 ;209 ;
513 ;0 ;10 ;3 ;0 ;528 ;
513 ;0 ;10 ;4 ;0 ;14 ;
513 ;0 ;10 ;5 ;0 ;333 ;
513 ;0 ;10 ;6 ;0 ;226 ;
513 ;0 ;10 ;7 ;0 ;229 ;
513 ;0 ;10 ;8 ;0 ;382 ;
513 ;0 ;11 ;1 ;0 ;164 ;
513 ;0 ;11 ;2 ;0 ;387 ;
513 ;0 ;11 ;3 ;0 ;150 ;
513 ;0 ;11 ;4 ;0 ;172 ;
513 ;0 ;11 ;5 ;0 ;525 ;
513 ;0 ;11 ;6 ;0 ;6 ;
513 ;0 ;11 ;7 ;0 ;465 ;
513 ;0 ;11 ;8 ;0 ;409 ;
513 ;0 ;12 ;1 ;0 ;140 ;
513 ;0 ;12 ;2 ;0 ;76 ;
513 ;0 ;12 ;3 ;0 ;134 ;
513 ;0 ;12 ;4 ;0 ;175 ;
513 ;0 ;12 ;5 ;0 ;326 ;
513 ;0 ;12 ;6 ;0 ;173 ;
513 ;0 ;12 ;7 ;0 ;394 ;
513 ;0 ;12 ;8 ;0 ;122 ;
513 ;0 ;13 ;1 ;0 ;521 ;
513 ;0 ;13 ;2 ;0 ;504 ;
513 ;0 ;13 ;3 ;0 ;329 ;
513 ;0 ;13 ;4 ;0 ;501 ;
513 ;0 ;13 ;5 ;0 ;513 ;
513 ;0 ;13 ;6 ;0 ;362 ;
513 ;0 ;13 ;7 ;0 ;526 ;
513 ;0 ;13 ;8 ;0 ;38 ;
513 ;0 ;14 ;1 ;0 ;62 ;
513 ;0 ;14 ;2 ;0 ;298 ;
513 ;0 ;14 ;3 ;0 ;491 ;
513 ;0 ;14 ;4 ;0 ;340 ;
513 ;0 ;14 ;5 ;0 ;368 ;
513 ;0 ;14 ;6 ;0 ;109 ;
513 ;0 ;14 ;7 ;0 ;132 ;
513 ;0 ;14 ;8 ;0 ;1 ;
513 ;0 ;15 ;1 ;0 ;11 ;
513 ;0 ;15 ;2 ;0 ;127 ;
513 ;0 ;15 ;3 ;0 ;459 ;
513 ;0 ;15 ;4 ;0 ;447 ;
513 ;0 ;15 ;5 ;0 ;45 ;
513 ;0 ;15 ;6 ;0 ;363 ;
513 ;0 ;15 ;7 ;0 ;190 ;
513 ;0 ;15 ;8 ;0 ;339 ;
513 ;0 ;16 ;1 ;0 ;111 ;
513 ;0 ;16 ;2 ;0 ;331 ;
513 ;0 ;16 ;3 ;0 ;43 ;
513 ;0 ;16 ;4 ;0 ;327 ;
513 ;0 ;16 ;5 ;0 ;246 ;
513 ;0 ;16 ;6 ;0 ;208 ;
513 ;0 ;16 ;7 ;0 ;244 ;
513 ;0 ;16 ;8 ;0 ;344 ;
514 ;0 ;0 ;2 ;0 ;423 ;
514 ;0 ;0 ;3 ;0 ;236 ;
514 ;0 ;0 ;4 ;0 ;441 ;
514 ;0 ;0 ;5 ;0 ;500 ;
514 ;0 ;0 ;6 ;0 ;54 ;
514 ;0 ;0 ;7 ;0 ;268 ;
514 ;0 ;1 ;2 ;0 ;107 ;
514 ;0 ;1 ;3 ;0 ;338 ;
514 ;0 ;1 ;4 ;0 ;483 ;
514 ;0 ;1 ;5 ;0 ;398 ;
514 ;0 ;1 ;6 ;0 ;424 ;
514 ;0 ;1 ;7 ;0 ;24 ;
601 ;0 ;0 ;3 ;0 ;157 ;
601 ;0 ;0 ;4 ;0 ;322 ;
601 ;0 ;0 ;5 ;0 ;425 ;
601 ;0 ;0 ;6 ;0 ;509 ;
601 ;0 ;1 ;2 ;0 ;319 ;
601 ;0 ;1 ;3 ;0 ;266 ;
601 ;0 ;1 ;4 ;0 ;254 ;
601 ;0 ;1 ;5 ;0 ;309 ;
601 ;0 ;1 ;6 ;0 ;303 ;
602 ;0 ;0 ;1 ;0 ;436 ;
602 ;0 ;0 ;2 ;0 ;138 ;
602 ;0 ;0 ;3 ;0 ;217 ;
602 ;0 ;0 ;4 ;0 ;141 ;
602 ;0 ;0 ;5 ;0 ;284 ;
602 ;0 ;0 ;6 ;0 ;191 ;
602 ;0 ;0 ;7 ;0 ;185 ;
602 ;0 ;1 ;1 ;0 ;174 ;
602 ;0 ;1 ;2 ;0 ;166 ;
602 ;0 ;1 ;3 ;0 ;187 ;
602 ;0 ;1 ;4 ;0 ;415 ;
602 ;0 ;1 ;5 ;0 ;224 ;
602 ;0 ;1 ;6 ;0 ;258 ;
602 ;0 ;1 ;7 ;0 ;451 ;
602 ;0 ;2 ;1 ;0 ;257 ;
602 ;0 ;2 ;2 ;0 ;292 ;
602 ;0 ;2 ;3 ;0 ;102 ;
602 ;0 ;2 ;4 ;0 ;105 ;
602 ;0 ;2 ;5 ;0 ;495 ;
602 ;0 ;2 ;6 ;0 ;139 ;
602 ;0 ;2 ;7 ;0 ;219 ;
602 ;0 ;2 ;8 ;0 ;167 ;
602 ;0 ;3 ;1 ;0 ;529 ;
602 ;0 ;3 ;2 ;0 ;80 ;
602 ;0 ;3 ;3 ;0 ;267 ;
602 ;0 ;3 ;4 ;0 ;28 ;
602 ;0 ;3 ;5 ;0 ;151 ;
602 ;0 ;3 ;6 ;0 ;119 ;
602 ;0 ;3 ;7 ;0 ;210 ;
602 ;0 ;3 ;8 ;0 ;188 ;
602 ;0 ;4 ;1 ;0 ;62 ;
602 ;0 ;4 ;2 ;0 ;148 ;
602 ;0 ;4 ;3 ;0 ;300 ;
602 ;0 ;4 ;4 ;0 ;516 ;
602 ;0 ;4 ;5 ;0 ;227 ;
602 ;0 ;4 ;6 ;0 ;382 ;
602 ;0 ;4 ;7 ;0 ;220 ;
602 ;0 ;4 ;8 ;0 ;524 ;
602 ;0 ;5 ;1 ;0 ;101 ;
602 ;0 ;5 ;2 ;0 ;86 ;
602 ;0 ;5 ;3 ;0 ;460 ;
602 ;0 ;5 ;4 ;0 ;464 ;
602 ;0 ;5 ;5 ;0 ;123 ;
602 ;0 ;5 ;6 ;0 ;53 ;
602 ;0 ;5 ;7 ;0 ;130 ;
602 ;0 ;5 ;8 ;0 ;374 ;
602 ;0 ;6 ;1 ;0 ;466 ;
602 ;0 ;6 ;2 ;0 ;439 ;
602 ;0 ;6 ;3 ;0 ;190 ;
602 ;0 ;6 ;4 ;0 ;216 ;
602 ;0 ;6 ;5 ;0 ;226 ;
602 ;0 ;6 ;6 ;0 ;6 ;
602 ;0 ;6 ;7 ;0 ;326 ;
602 ;0 ;6 ;8 ;0 ;140 ;
602 ;0 ;7 ;1 ;0 ;79 ;
602 ;0 ;7 ;2 ;0 ;132 ;
602 ;0 ;7 ;3 ;0 ;494 ;
602 ;0 ;7 ;4 ;0 ;126 ;
602 ;0 ;7 ;5 ;0 ;252 ;
602 ;0 ;7 ;6 ;0 ;14 ;
602 ;0 ;7 ;7 ;0 ;289 ;
602 ;0 ;7 ;8 ;0 ;172 ;
602 ;0 ;8 ;1 ;0 ;528 ;
602 ;0 ;8 ;2 ;0 ;150 ;
602 ;0 ;8 ;3 ;0 ;76 ;
602 ;0 ;8 ;4 ;0 ;329 ;
602 ;0 ;8 ;5 ;0 ;462 ;
602 ;0 ;8 ;6 ;0 ;501 ;
602 ;0 ;8 ;7 ;0 ;394 ;
602 ;0 ;8 ;8 ;0 ;164 ;
602 ;0 ;9 ;1 ;0 ;45 ;
602 ;0 ;9 ;2 ;0 ;504 ;
602 ;0 ;9 ;3 ;0 ;368 ;
602 ;0 ;9 ;4 ;0 ;459 ;
602 ;0 ;9 ;5 ;0 ;363 ;
602 ;0 ;9 ;6 ;0 ;134 ;
602 ;0 ;9 ;7 ;0 ;175 ;
602 ;0 ;9 ;8 ;0 ;11 ;
602 ;0 ;10 ;1 ;0 ;127 ;
602 ;0 ;10 ;2 ;0 ;331 ;
602 ;0 ;10 ;3 ;0 ;1 ;
602 ;0 ;10 ;4 ;0 ;38 ;
602 ;0 ;10 ;5 ;0 ;526 ;
602 ;0 ;10 ;6 ;0 ;244 ;
602 ;0 ;10 ;7 ;0 ;340 ;
602 ;0 ;10 ;8 ;0 ;521 ;
603 ;0 ;0 ;2 ;0 ;500 ;
603 ;0 ;0 ;3 ;0 ;404 ;
603 ;0 ;0 ;4 ;0 ;82 ;
603 ;0 ;0 ;5 ;0 ;24 ;
603 ;0 ;0 ;6 ;0 ;441 ;
604 ;0 ;0 ;3 ;0 ;250 ;
604 ;0 ;0 ;4 ;0 ;163 ;
604 ;0 ;0 ;5 ;0 ;328 ;
604 ;0 ;0 ;6 ;0 ;442 ;
604 ;0 ;0 ;7 ;0 ;260 ;
604 ;0 ;1 ;2 ;0 ;522 ;
604 ;0 ;1 ;3 ;0 ;106 ;
604 ;0 ;1 ;4 ;0 ;230 ;
604 ;0 ;1 ;5 ;0 ;89 ;
604 ;0 ;1 ;6 ;0 ;200 ;
605 ;0 ;0 ;3 ;0 ;247 ;
605 ;0 ;0 ;4 ;0 ;476 ;
605 ;0 ;0 ;5 ;0 ;399 ;
605 ;0 ;0 ;6 ;0 ;438 ;
605 ;0 ;1 ;3 ;0 ;356 ;
605 ;0 ;1 ;4 ;0 ;189 ;
605 ;0 ;1 ;5 ;0 ;235 ;
605 ;0 ;1 ;6 ;0 ;322 ;
605 ;0 ;1 ;7 ;0 ;13 ;
605 ;0 ;2 ;1 ;0 ;29 ;
605 ;0 ;2 ;2 ;0 ;108 ;
605 ;0 ;2 ;3 ;0 ;348 ;
605 ;0 ;2 ;4 ;0 ;412 ;
605 ;0 ;2 ;5 ;0 ;112 ;
605 ;0 ;2 ;6 ;0 ;319 ;
605 ;0 ;2 ;7 ;0 ;303 ;
605 ;0 ;2 ;8 ;0 ;117 ;
605 ;0 ;3 ;1 ;0 ;480 ;
605 ;0 ;3 ;2 ;0 ;5 ;
605 ;0 ;3 ;3 ;0 ;181 ;
605 ;0 ;3 ;4 ;0 ;422 ;
605 ;0 ;3 ;5 ;0 ;266 ;
605 ;0 ;3 ;6 ;0 ;280 ;
605 ;0 ;3 ;7 ;0 ;63 ;
605 ;0 ;3 ;8 ;0 ;179 ;
606 ;0 ;0 ;1 ;0 ;139 ;
606 ;0 ;0 ;2 ;0 ;62 ;
606 ;0 ;0 ;3 ;0 ;195 ;
606 ;0 ;0 ;4 ;0 ;130 ;
606 ;0 ;0 ;5 ;0 ;444 ;
606 ;0 ;0 ;6 ;0 ;426 ;
606 ;0 ;0 ;7 ;0 ;267 ;
606 ;0 ;1 ;1 ;0 ;343 ;
606 ;0 ;1 ;2 ;0 ;227 ;
606 ;0 ;1 ;3 ;0 ;332 ;
606 ;0 ;1 ;4 ;0 ;53 ;
606 ;0 ;1 ;5 ;0 ;439 ;
606 ;0 ;1 ;6 ;0 ;489 ;
606 ;0 ;1 ;7 ;0 ;252 ;
606 ;0 ;2 ;1 ;0 ;28 ;
606 ;0 ;2 ;2 ;0 ;440 ;
606 ;0 ;2 ;3 ;0 ;132 ;
606 ;0 ;2 ;4 ;0 ;126 ;
606 ;0 ;2 ;5 ;0 ;494 ;
606 ;0 ;2 ;6 ;0 ;460 ;
606 ;0 ;2 ;7 ;0 ;140 ;
606 ;0 ;2 ;8 ;0 ;265 ;
606 ;0 ;3 ;1 ;0 ;525 ;
606 ;0 ;3 ;2 ;0 ;504 ;
606 ;0 ;3 ;3 ;0 ;1 ;
606 ;0 ;3 ;4 ;0 ;352 ;
606 ;0 ;3 ;5 ;0 ;172 ;
606 ;0 ;3 ;6 ;0 ;298 ;
606 ;0 ;3 ;7 ;0 ;150 ;
606 ;0 ;3 ;8 ;0 ;337 ;
606 ;0 ;4 ;1 ;0 ;209 ;
606 ;0 ;4 ;2 ;0 ;38 ;
606 ;0 ;4 ;3 ;0 ;229 ;
606 ;0 ;4 ;4 ;0 ;490 ;
606 ;0 ;4 ;5 ;0 ;164 ;
606 ;0 ;4 ;6 ;0 ;382 ;
606 ;0 ;4 ;7 ;0 ;127 ;
606 ;0 ;4 ;8 ;0 ;175 ;
606 ;0 ;5 ;1 ;0 ;387 ;
606 ;0 ;5 ;2 ;0 ;173 ;
606 ;0 ;5 ;3 ;0 ;339 ;
606 ;0 ;5 ;4 ;0 ;470 ;
606 ;0 ;5 ;5 ;0 ;447 ;
606 ;0 ;5 ;6 ;0 ;327 ;
606 ;0 ;5 ;7 ;0 ;43 ;
606 ;0 ;5 ;8 ;0 ;362 ;
607 ;0 ;0 ;2 ;0 ;485 ;
607 ;0 ;0 ;3 ;0 ;236 ;
607 ;0 ;0 ;4 ;0 ;441 ;
607 ;0 ;0 ;5 ;0 ;404 ;
607 ;0 ;0 ;6 ;0 ;423 ;
607 ;0 ;0 ;7 ;0 ;500 ;
607 ;0 ;1 ;2 ;0 ;24 ;
607 ;0 ;1 ;3 ;0 ;54 ;
607 ;0 ;1 ;4 ;0 ;398 ;
607 ;0 ;1 ;5 ;0 ;483 ;
607 ;0 ;1 ;6 ;0 ;424 ;
607 ;0 ;1 ;7 ;0 ;268 ;
608 ;0 ;0 ;3 ;0 ;260 ;
608 ;0 ;0 ;4 ;0 ;200 ;
608 ;0 ;0 ;5 ;0 ;369 ;
609 ;0 ;0 ;1 ;0 ;51 ;
609 ;0 ;0 ;2 ;0 ;178 ;
609 ;0 ;0 ;3 ;0 ;396 ;
609 ;0 ;0 ;4 ;0 ;238 ;
609 ;0 ;0 ;5 ;0 ;476 ;
609 ;0 ;0 ;6 ;0 ;115 ;
609 ;0 ;0 ;7 ;0 ;153 ;
609 ;0 ;0 ;8 ;0 ;270 ;
609 ;0 ;1 ;1 ;0 ;65 ;
609 ;0 ;1 ;2 ;0 ;75 ;
609 ;0 ;1 ;3 ;0 ;355 ;
609 ;0 ;1 ;4 ;0 ;247 ;
609 ;0 ;1 ;5 ;0 ;271 ;
609 ;0 ;1 ;6 ;0 ;417 ;
609 ;0 ;1 ;7 ;0 ;189 ;
609 ;0 ;1 ;8 ;0 ;310 ;
609 ;0 ;2 ;1 ;0 ;249 ;
609 ;0 ;2 ;2 ;0 ;157 ;
609 ;0 ;2 ;3 ;0 ;304 ;
609 ;0 ;2 ;4 ;0 ;83 ;
609 ;0 ;2 ;5 ;0 ;309 ;
609 ;0 ;2 ;6 ;0 ;117 ;
609 ;0 ;2 ;7 ;0 ;50 ;
609 ;0 ;2 ;8 ;0 ;438 ;
609 ;0 ;3 ;1 ;0 ;29 ;
609 ;0 ;3 ;2 ;0 ;480 ;
609 ;0 ;3 ;3 ;0 ;237 ;
609 ;0 ;3 ;4 ;0 ;305 ;
609 ;0 ;3 ;5 ;0 ;64 ;
609 ;0 ;3 ;6 ;0 ;477 ;
609 ;0 ;3 ;7 ;0 ;235 ;
609 ;0 ;3 ;8 ;0 ;303 ;
609 ;0 ;4 ;1 ;0 ;530 ;
609 ;0 ;4 ;2 ;0 ;254 ;
609 ;0 ;4 ;3 ;0 ;159 ;
609 ;0 ;4 ;4 ;0 ;181 ;
609 ;0 ;4 ;5 ;0 ;198 ;
609 ;0 ;4 ;6 ;0 ;435 ;
609 ;0 ;4 ;7 ;0 ;95 ;
609 ;0 ;4 ;8 ;0 ;373 ;
610 ;0 ;0 ;1 ;0 ;391 ;
610 ;0 ;0 ;2 ;0 ;195 ;
610 ;0 ;0 ;3 ;0 ;278 ;
610 ;0 ;0 ;4 ;0 ;370 ;
610 ;0 ;0 ;5 ;0 ;495 ;
610 ;0 ;0 ;6 ;0 ;188 ;
610 ;0 ;0 ;7 ;0 ;191 ;
610 ;0 ;0 ;8 ;0 ;219 ;
610 ;0 ;1 ;1 ;0 ;105 ;
610 ;0 ;1 ;2 ;0 ;516 ;
610 ;0 ;1 ;3 ;0 ;137 ;
610 ;0 ;1 ;4 ;0 ;284 ;
610 ;0 ;1 ;5 ;0 ;141 ;
610 ;0 ;1 ;6 ;0 ;524 ;
610 ;0 ;1 ;7 ;0 ;529 ;
610 ;0 ;1 ;8 ;0 ;80 ;
610 ;0 ;2 ;1 ;0 ;265 ;
610 ;0 ;2 ;2 ;0 ;53 ;
610 ;0 ;2 ;3 ;0 ;451 ;
610 ;0 ;2 ;4 ;0 ;151 ;
610 ;0 ;2 ;5 ;0 ;217 ;
610 ;0 ;2 ;6 ;0 ;35 ;
610 ;0 ;2 ;7 ;0 ;343 ;
610 ;0 ;2 ;8 ;0 ;220 ;
610 ;0 ;3 ;1 ;0 ;282 ;
610 ;0 ;3 ;2 ;0 ;119 ;
610 ;0 ;3 ;3 ;0 ;138 ;
610 ;0 ;3 ;4 ;0 ;341 ;
610 ;0 ;3 ;5 ;0 ;102 ;
610 ;0 ;3 ;6 ;0 ;224 ;
610 ;0 ;3 ;7 ;0 ;292 ;
610 ;0 ;3 ;8 ;0 ;444 ;
610 ;0 ;4 ;1 ;0 ;148 ;
610 ;0 ;4 ;2 ;0 ;173 ;
610 ;0 ;4 ;3 ;0 ;166 ;
610 ;0 ;4 ;4 ;0 ;252 ;
610 ;0 ;4 ;5 ;0 ;489 ;
610 ;0 ;4 ;6 ;0 ;78 ;
610 ;0 ;4 ;7 ;0 ;440 ;
610 ;0 ;4 ;8 ;0 ;436 ;
610 ;0 ;5 ;1 ;0 ;185 ;
610 ;0 ;5 ;2 ;0 ;257 ;
610 ;0 ;5 ;3 ;0 ;462 ;
610 ;0 ;5 ;4 ;0 ;172 ;
610 ;0 ;5 ;5 ;0 ;439 ;
610 ;0 ;5 ;6 ;0 ;415 ;
610 ;0 ;5 ;7 ;0 ;337 ;
610 ;0 ;5 ;8 ;0 ;6 ;
610 ;0 ;6 ;1 ;0 ;174 ;
610 ;0 ;6 ;2 ;0 ;300 ;
610 ;0 ;6 ;3 ;0 ;175 ;
610 ;0 ;6 ;4 ;0 ;460 ;
610 ;0 ;6 ;5 ;0 ;528 ;
610 ;0 ;6 ;6 ;0 ;461 ;
610 ;0 ;6 ;7 ;0 ;14 ;
610 ;0 ;6 ;8 ;0 ;187 ;
610 ;0 ;7 ;1 ;0 ;466 ;
610 ;0 ;7 ;2 ;0 ;126 ;
610 ;0 ;7 ;3 ;0 ;164 ;
610 ;0 ;7 ;4 ;0 ;475 ;
610 ;0 ;7 ;5 ;0 ;209 ;
610 ;0 ;7 ;6 ;0 ;132 ;
610 ;0 ;7 ;7 ;0 ;101 ;
610 ;0 ;7 ;8 ;0 ;123 ;
610 ;0 ;8 ;1 ;0 ;490 ;
610 ;0 ;8 ;2 ;0 ;329 ;
610 ;0 ;8 ;3 ;0 ;525 ;
610 ;0 ;8 ;4 ;0 ;134 ;
610 ;0 ;8 ;5 ;0 ;465 ;
610 ;0 ;8 ;6 ;0 ;464 ;
610 ;0 ;8 ;7 ;0 ;352 ;
610 ;0 ;8 ;8 ;0 ;362 ;
610 ;0 ;9 ;1 ;0 ;86 ;
610 ;0 ;9 ;2 ;0 ;459 ;
610 ;0 ;9 ;3 ;0 ;229 ;
610 ;0 ;9 ;4 ;0 ;79 ;
610 ;0 ;9 ;5 ;0 ;458 ;
610 ;0 ;9 ;6 ;0 ;504 ;
610 ;0 ;9 ;7 ;0 ;38 ;
610 ;0 ;9 ;8 ;0 ;210 ;
610 ;0 ;10 ;1 ;0 ;526 ;
610 ;0 ;10 ;2 ;0 ;447 ;
610 ;0 ;10 ;3 ;0 ;521 ;
610 ;0 ;10 ;4 ;0 ;289 ;
610 ;0 ;10 ;5 ;0 ;340 ;
610 ;0 ;10 ;6 ;0 ;387 ;
610 ;0 ;10 ;7 ;0 ;501 ;
610 ;0 ;10 ;8 ;0 ;298 ;
610 ;0 ;11 ;1 ;0 ;326 ;
610 ;0 ;11 ;2 ;0 ;76 ;
610 ;0 ;11 ;3 ;0 ;45 ;
610 ;0 ;11 ;4 ;0 ;394 ;
610 ;0 ;11 ;5 ;0 ;127 ;
610 ;0 ;11 ;6 ;0 ;11 ;
610 ;0 ;11 ;7 ;0 ;368 ;
610 ;0 ;11 ;8 ;0 ;339 ;
610 ;0 ;12 ;1 ;0 ;109 ;
610 ;0 ;12 ;2 ;0 ;331 ;
610 ;0 ;12 ;3 ;0 ;111 ;
610 ;0 ;12 ;4 ;0 ;244 ;
610 ;0 ;12 ;5 ;0 ;43 ;
610 ;0 ;12 ;6 ;0 ;327 ;
610 ;0 ;12 ;7 ;0 ;226 ;
610 ;0 ;12 ;8 ;0 ;190 ;
611 ;0 ;0 ;1 ;0 ;485 ;
611 ;0 ;0 ;2 ;0 ;236 ;
611 ;0 ;0 ;3 ;0 ;423 ;
611 ;0 ;0 ;4 ;0 ;338 ;
611 ;0 ;0 ;5 ;0 ;483 ;
611 ;0 ;0 ;6 ;0 ;82 ;
611 ;0 ;0 ;7 ;0 ;500 ;
612 ;0 ;0 ;2 ;0 ;328 ;
612 ;0 ;0 ;3 ;0 ;260 ;
612 ;0 ;0 ;4 ;0 ;89 ;
612 ;0 ;0 ;5 ;0 ;200 ;
612 ;0 ;0 ;6 ;0 ;250 ;
612 ;0 ;0 ;7 ;0 ;225 ;
