event; round;heat;lane;relais;idBib;
201 ;0 ;0 ;2 ;0 ;143 ;
201 ;0 ;0 ;3 ;0 ;256 ;
201 ;0 ;0 ;4 ;0 ;97 ;
201 ;0 ;0 ;5 ;0 ;242 ;
201 ;0 ;1 ;1 ;0 ;129 ;
201 ;0 ;1 ;2 ;0 ;239 ;
201 ;0 ;1 ;3 ;0 ;192 ;
201 ;0 ;1 ;4 ;0 ;258 ;
201 ;0 ;1 ;5 ;0 ;252 ;
201 ;0 ;2 ;1 ;0 ;155 ;
201 ;0 ;2 ;2 ;0 ;265 ;
201 ;0 ;2 ;3 ;0 ;253 ;
201 ;0 ;2 ;4 ;0 ;82 ;
201 ;0 ;2 ;5 ;0 ;112 ;
201 ;0 ;2 ;6 ;0 ;86 ;
201 ;0 ;3 ;1 ;0 ;16 ;
201 ;0 ;3 ;2 ;0 ;180 ;
201 ;0 ;3 ;3 ;0 ;85 ;
201 ;0 ;3 ;4 ;0 ;177 ;
201 ;0 ;3 ;5 ;0 ;49 ;
201 ;0 ;3 ;6 ;0 ;174 ;
201 ;0 ;4 ;1 ;0 ;147 ;
201 ;0 ;4 ;2 ;0 ;134 ;
201 ;0 ;4 ;3 ;0 ;79 ;
201 ;0 ;4 ;4 ;0 ;130 ;
201 ;0 ;4 ;5 ;0 ;15 ;
201 ;0 ;4 ;6 ;0 ;13 ;
201 ;0 ;5 ;1 ;0 ;7 ;
201 ;0 ;5 ;2 ;0 ;249 ;
201 ;0 ;5 ;3 ;0 ;170 ;
201 ;0 ;5 ;4 ;0 ;184 ;
201 ;0 ;5 ;5 ;0 ;216 ;
201 ;0 ;5 ;6 ;0 ;37 ;
201 ;0 ;6 ;1 ;0 ;201 ;
201 ;0 ;6 ;2 ;0 ;22 ;
201 ;0 ;6 ;3 ;0 ;194 ;
201 ;0 ;6 ;4 ;0 ;267 ;
201 ;0 ;6 ;5 ;0 ;200 ;
201 ;0 ;6 ;6 ;0 ;208 ;
201 ;0 ;7 ;1 ;0 ;11 ;
201 ;0 ;7 ;2 ;0 ;74 ;
201 ;0 ;7 ;3 ;0 ;10 ;
201 ;0 ;7 ;4 ;0 ;17 ;
201 ;0 ;7 ;5 ;0 ;149 ;
201 ;0 ;7 ;6 ;0 ;261 ;
201 ;0 ;8 ;1 ;0 ;110 ;
201 ;0 ;8 ;2 ;0 ;273 ;
201 ;0 ;8 ;3 ;0 ;108 ;
201 ;0 ;8 ;4 ;0 ;272 ;
201 ;0 ;8 ;5 ;0 ;115 ;
201 ;0 ;8 ;6 ;0 ;8 ;
204 ;0 ;0 ;1 ;0 ;28 ;
204 ;0 ;0 ;2 ;0 ;87 ;
204 ;0 ;0 ;3 ;0 ;187 ;
204 ;0 ;0 ;4 ;0 ;248 ;
204 ;0 ;0 ;5 ;0 ;140 ;
204 ;0 ;1 ;1 ;0 ;279 ;
204 ;0 ;1 ;2 ;0 ;20 ;
204 ;0 ;1 ;3 ;0 ;250 ;
204 ;0 ;1 ;4 ;0 ;268 ;
204 ;0 ;1 ;5 ;0 ;18 ;
204 ;0 ;2 ;1 ;0 ;95 ;
204 ;0 ;2 ;2 ;0 ;124 ;
204 ;0 ;2 ;3 ;0 ;52 ;
204 ;0 ;2 ;4 ;0 ;126 ;
204 ;0 ;2 ;5 ;0 ;40 ;
204 ;0 ;2 ;6 ;0 ;128 ;
204 ;0 ;3 ;1 ;0 ;9 ;
204 ;0 ;3 ;2 ;0 ;55 ;
204 ;0 ;3 ;3 ;0 ;270 ;
204 ;0 ;3 ;4 ;0 ;26 ;
204 ;0 ;3 ;5 ;0 ;203 ;
204 ;0 ;3 ;6 ;0 ;154 ;
204 ;0 ;4 ;1 ;0 ;104 ;
204 ;0 ;4 ;2 ;0 ;264 ;
204 ;0 ;4 ;3 ;0 ;148 ;
204 ;0 ;4 ;4 ;0 ;263 ;
204 ;0 ;4 ;5 ;0 ;169 ;
204 ;0 ;4 ;6 ;0 ;3 ;
207 ;0 ;0 ;1 ;0 ;256 ;
207 ;0 ;0 ;2 ;0 ;280 ;
207 ;0 ;0 ;3 ;0 ;97 ;
207 ;0 ;0 ;4 ;0 ;242 ;
207 ;0 ;0 ;5 ;0 ;129 ;
207 ;0 ;1 ;1 ;0 ;192 ;
207 ;0 ;1 ;2 ;0 ;252 ;
207 ;0 ;1 ;3 ;0 ;253 ;
207 ;0 ;1 ;4 ;0 ;74 ;
207 ;0 ;1 ;5 ;0 ;265 ;
207 ;0 ;1 ;6 ;0 ;147 ;
207 ;0 ;2 ;1 ;0 ;82 ;
207 ;0 ;2 ;2 ;0 ;180 ;
207 ;0 ;2 ;3 ;0 ;16 ;
207 ;0 ;2 ;4 ;0 ;258 ;
207 ;0 ;2 ;5 ;0 ;174 ;
207 ;0 ;2 ;6 ;0 ;15 ;
207 ;0 ;3 ;1 ;0 ;49 ;
207 ;0 ;3 ;2 ;0 ;112 ;
207 ;0 ;3 ;3 ;0 ;201 ;
207 ;0 ;3 ;4 ;0 ;216 ;
207 ;0 ;3 ;5 ;0 ;37 ;
207 ;0 ;3 ;6 ;0 ;7 ;
207 ;0 ;4 ;1 ;0 ;170 ;
207 ;0 ;4 ;2 ;0 ;79 ;
207 ;0 ;4 ;3 ;0 ;86 ;
207 ;0 ;4 ;4 ;0 ;85 ;
207 ;0 ;4 ;5 ;0 ;200 ;
207 ;0 ;4 ;6 ;0 ;272 ;
207 ;0 ;5 ;1 ;0 ;184 ;
207 ;0 ;5 ;2 ;0 ;22 ;
207 ;0 ;5 ;3 ;0 ;208 ;
207 ;0 ;5 ;4 ;0 ;194 ;
207 ;0 ;5 ;5 ;0 ;13 ;
207 ;0 ;5 ;6 ;0 ;267 ;
207 ;0 ;6 ;1 ;0 ;261 ;
207 ;0 ;6 ;2 ;0 ;149 ;
207 ;0 ;6 ;3 ;0 ;10 ;
207 ;0 ;6 ;4 ;0 ;17 ;
207 ;0 ;6 ;5 ;0 ;11 ;
207 ;0 ;6 ;6 ;0 ;249 ;
207 ;0 ;7 ;1 ;0 ;223 ;
207 ;0 ;7 ;2 ;0 ;115 ;
207 ;0 ;7 ;3 ;0 ;8 ;
207 ;0 ;7 ;4 ;0 ;108 ;
207 ;0 ;7 ;5 ;0 ;273 ;
207 ;0 ;7 ;6 ;0 ;110 ;
210 ;0 ;0 ;1 ;0 ;28 ;
210 ;0 ;0 ;2 ;0 ;124 ;
210 ;0 ;0 ;3 ;0 ;95 ;
210 ;0 ;0 ;4 ;0 ;87 ;
210 ;0 ;0 ;5 ;0 ;187 ;
210 ;0 ;1 ;1 ;0 ;188 ;
210 ;0 ;1 ;2 ;0 ;250 ;
210 ;0 ;1 ;3 ;0 ;248 ;
210 ;0 ;1 ;4 ;0 ;279 ;
210 ;0 ;1 ;5 ;0 ;18 ;
210 ;0 ;1 ;6 ;0 ;126 ;
210 ;0 ;2 ;1 ;0 ;128 ;
210 ;0 ;2 ;2 ;0 ;140 ;
210 ;0 ;2 ;3 ;0 ;119 ;
210 ;0 ;2 ;4 ;0 ;20 ;
210 ;0 ;2 ;5 ;0 ;52 ;
210 ;0 ;2 ;6 ;0 ;40 ;
210 ;0 ;3 ;1 ;0 ;154 ;
210 ;0 ;3 ;2 ;0 ;26 ;
210 ;0 ;3 ;3 ;0 ;55 ;
210 ;0 ;3 ;4 ;0 ;9 ;
210 ;0 ;3 ;5 ;0 ;270 ;
210 ;0 ;3 ;6 ;0 ;203 ;
210 ;0 ;4 ;1 ;0 ;148 ;
210 ;0 ;4 ;2 ;0 ;104 ;
210 ;0 ;4 ;3 ;0 ;264 ;
210 ;0 ;4 ;4 ;0 ;263 ;
210 ;0 ;4 ;5 ;0 ;169 ;
210 ;0 ;4 ;6 ;0 ;3 ;
213 ;0 ;0 ;2 ;0 ;143 ;
213 ;0 ;0 ;3 ;0 ;256 ;
213 ;0 ;0 ;4 ;0 ;280 ;
213 ;0 ;0 ;5 ;0 ;97 ;
213 ;0 ;1 ;1 ;0 ;242 ;
213 ;0 ;1 ;2 ;0 ;129 ;
213 ;0 ;1 ;3 ;0 ;239 ;
213 ;0 ;1 ;4 ;0 ;192 ;
213 ;0 ;1 ;5 ;0 ;252 ;
213 ;0 ;2 ;1 ;0 ;267 ;
213 ;0 ;2 ;2 ;0 ;85 ;
213 ;0 ;2 ;3 ;0 ;253 ;
213 ;0 ;2 ;4 ;0 ;200 ;
213 ;0 ;2 ;5 ;0 ;155 ;
213 ;0 ;2 ;6 ;0 ;134 ;
213 ;0 ;3 ;1 ;0 ;82 ;
213 ;0 ;3 ;2 ;0 ;130 ;
213 ;0 ;3 ;3 ;0 ;16 ;
213 ;0 ;3 ;4 ;0 ;265 ;
213 ;0 ;3 ;5 ;0 ;177 ;
213 ;0 ;3 ;6 ;0 ;194 ;
213 ;0 ;4 ;1 ;0 ;37 ;
213 ;0 ;4 ;2 ;0 ;147 ;
213 ;0 ;4 ;3 ;0 ;258 ;
213 ;0 ;4 ;4 ;0 ;108 ;
213 ;0 ;4 ;5 ;0 ;180 ;
213 ;0 ;4 ;6 ;0 ;273 ;
213 ;0 ;5 ;1 ;0 ;174 ;
213 ;0 ;5 ;2 ;0 ;22 ;
213 ;0 ;5 ;3 ;0 ;216 ;
213 ;0 ;5 ;4 ;0 ;184 ;
213 ;0 ;5 ;5 ;0 ;86 ;
213 ;0 ;5 ;6 ;0 ;201 ;
213 ;0 ;6 ;1 ;0 ;170 ;
213 ;0 ;6 ;2 ;0 ;74 ;
213 ;0 ;6 ;3 ;0 ;10 ;
213 ;0 ;6 ;4 ;0 ;17 ;
213 ;0 ;6 ;5 ;0 ;261 ;
213 ;0 ;6 ;6 ;0 ;49 ;
213 ;0 ;7 ;1 ;0 ;110 ;
213 ;0 ;7 ;2 ;0 ;8 ;
213 ;0 ;7 ;3 ;0 ;272 ;
213 ;0 ;7 ;4 ;0 ;115 ;
213 ;0 ;7 ;5 ;0 ;15 ;
213 ;0 ;7 ;6 ;0 ;223 ;
216 ;0 ;0 ;1 ;0 ;268 ;
216 ;0 ;0 ;2 ;0 ;124 ;
216 ;0 ;0 ;3 ;0 ;28 ;
216 ;0 ;0 ;4 ;0 ;76 ;
216 ;0 ;0 ;5 ;0 ;20 ;
216 ;0 ;0 ;6 ;0 ;87 ;
216 ;0 ;1 ;1 ;0 ;140 ;
216 ;0 ;1 ;2 ;0 ;126 ;
216 ;0 ;1 ;3 ;0 ;279 ;
216 ;0 ;1 ;4 ;0 ;188 ;
216 ;0 ;1 ;5 ;0 ;187 ;
216 ;0 ;1 ;6 ;0 ;18 ;
216 ;0 ;2 ;1 ;0 ;40 ;
216 ;0 ;2 ;2 ;0 ;250 ;
216 ;0 ;2 ;3 ;0 ;52 ;
216 ;0 ;2 ;4 ;0 ;128 ;
216 ;0 ;2 ;5 ;0 ;95 ;
216 ;0 ;2 ;6 ;0 ;248 ;
216 ;0 ;3 ;1 ;0 ;55 ;
216 ;0 ;3 ;2 ;0 ;26 ;
216 ;0 ;3 ;3 ;0 ;9 ;
216 ;0 ;3 ;4 ;0 ;270 ;
216 ;0 ;3 ;5 ;0 ;203 ;
216 ;0 ;3 ;6 ;0 ;154 ;
216 ;0 ;4 ;1 ;0 ;169 ;
216 ;0 ;4 ;2 ;0 ;264 ;
216 ;0 ;4 ;3 ;0 ;104 ;
216 ;0 ;4 ;4 ;0 ;263 ;
216 ;0 ;4 ;5 ;0 ;148 ;
216 ;0 ;4 ;6 ;0 ;3 ;
219 ;0 ;0 ;1 ;0 ;192 ;
219 ;0 ;0 ;2 ;0 ;97 ;
219 ;0 ;0 ;3 ;0 ;82 ;
219 ;0 ;0 ;4 ;0 ;143 ;
219 ;0 ;0 ;5 ;0 ;16 ;
219 ;0 ;0 ;6 ;0 ;252 ;
219 ;0 ;1 ;1 ;0 ;112 ;
219 ;0 ;1 ;2 ;0 ;253 ;
219 ;0 ;1 ;3 ;0 ;49 ;
219 ;0 ;1 ;4 ;0 ;180 ;
219 ;0 ;1 ;5 ;0 ;258 ;
219 ;0 ;1 ;6 ;0 ;85 ;
219 ;0 ;2 ;1 ;0 ;256 ;
219 ;0 ;2 ;2 ;0 ;201 ;
219 ;0 ;2 ;3 ;0 ;216 ;
219 ;0 ;2 ;4 ;0 ;86 ;
219 ;0 ;2 ;5 ;0 ;37 ;
219 ;0 ;2 ;6 ;0 ;184 ;
219 ;0 ;3 ;1 ;0 ;174 ;
219 ;0 ;3 ;2 ;0 ;147 ;
219 ;0 ;3 ;3 ;0 ;7 ;
219 ;0 ;3 ;4 ;0 ;79 ;
219 ;0 ;3 ;5 ;0 ;261 ;
219 ;0 ;3 ;6 ;0 ;11 ;
219 ;0 ;4 ;1 ;0 ;267 ;
219 ;0 ;4 ;2 ;0 ;130 ;
219 ;0 ;4 ;3 ;0 ;200 ;
219 ;0 ;4 ;4 ;0 ;22 ;
219 ;0 ;4 ;5 ;0 ;194 ;
219 ;0 ;4 ;6 ;0 ;208 ;
219 ;0 ;5 ;1 ;0 ;170 ;
219 ;0 ;5 ;2 ;0 ;74 ;
219 ;0 ;5 ;3 ;0 ;10 ;
219 ;0 ;5 ;4 ;0 ;17 ;
219 ;0 ;5 ;5 ;0 ;249 ;
219 ;0 ;5 ;6 ;0 ;149 ;
219 ;0 ;6 ;1 ;0 ;273 ;
219 ;0 ;6 ;2 ;0 ;108 ;
219 ;0 ;6 ;3 ;0 ;8 ;
219 ;0 ;6 ;4 ;0 ;272 ;
219 ;0 ;6 ;5 ;0 ;110 ;
219 ;0 ;6 ;6 ;0 ;15 ;
222 ;0 ;0 ;1 ;0 ;124 ;
222 ;0 ;0 ;2 ;0 ;95 ;
222 ;0 ;0 ;3 ;0 ;187 ;
222 ;0 ;0 ;4 ;0 ;76 ;
222 ;0 ;0 ;5 ;0 ;188 ;
222 ;0 ;1 ;1 ;0 ;279 ;
222 ;0 ;1 ;2 ;0 ;20 ;
222 ;0 ;1 ;3 ;0 ;28 ;
222 ;0 ;1 ;4 ;0 ;126 ;
222 ;0 ;1 ;5 ;0 ;250 ;
222 ;0 ;2 ;1 ;0 ;203 ;
222 ;0 ;2 ;2 ;0 ;3 ;
222 ;0 ;2 ;3 ;0 ;169 ;
222 ;0 ;2 ;4 ;0 ;148 ;
222 ;0 ;2 ;5 ;0 ;104 ;
222 ;0 ;2 ;6 ;0 ;264 ;
222 ;0 ;3 ;1 ;0 ;40 ;
222 ;0 ;3 ;2 ;0 ;140 ;
222 ;0 ;3 ;3 ;0 ;52 ;
222 ;0 ;3 ;4 ;0 ;119 ;
222 ;0 ;3 ;5 ;0 ;248 ;
222 ;0 ;3 ;6 ;0 ;128 ;
222 ;0 ;4 ;1 ;0 ;55 ;
222 ;0 ;4 ;2 ;0 ;26 ;
222 ;0 ;4 ;3 ;0 ;9 ;
222 ;0 ;4 ;4 ;0 ;270 ;
222 ;0 ;4 ;5 ;0 ;154 ;
222 ;0 ;4 ;6 ;0 ;18 ;
