event; round;heat;lane;relais;idBib;
401 ;0 ;0 ;2 ;0 ;98 ;
401 ;0 ;0 ;3 ;0 ;12 ;
401 ;0 ;1 ;1 ;0 ;72 ;
401 ;0 ;1 ;2 ;0 ;28 ;
401 ;0 ;1 ;3 ;0 ;88 ;
401 ;0 ;1 ;4 ;0 ;20 ;
401 ;0 ;1 ;5 ;0 ;96 ;
401 ;0 ;2 ;1 ;0 ;118 ;
401 ;0 ;2 ;2 ;0 ;19 ;
401 ;0 ;2 ;3 ;0 ;30 ;
401 ;0 ;2 ;4 ;0 ;35 ;
401 ;0 ;2 ;5 ;0 ;183 ;
401 ;0 ;2 ;6 ;0 ;22 ;
404 ;0 ;0 ;1 ;0 ;29 ;
404 ;0 ;0 ;2 ;0 ;165 ;
404 ;0 ;0 ;3 ;0 ;54 ;
404 ;0 ;0 ;4 ;0 ;73 ;
404 ;0 ;0 ;5 ;0 ;152 ;
404 ;0 ;1 ;1 ;0 ;135 ;
404 ;0 ;1 ;2 ;0 ;85 ;
404 ;0 ;1 ;3 ;0 ;141 ;
404 ;0 ;1 ;4 ;0 ;53 ;
404 ;0 ;1 ;5 ;0 ;4 ;
404 ;0 ;2 ;1 ;0 ;185 ;
404 ;0 ;2 ;2 ;0 ;60 ;
404 ;0 ;2 ;3 ;0 ;151 ;
404 ;0 ;2 ;4 ;0 ;89 ;
404 ;0 ;2 ;5 ;0 ;134 ;
404 ;0 ;2 ;6 ;0 ;193 ;
408 ;0 ;0 ;2 ;0 ;77 ;
408 ;0 ;0 ;3 ;0 ;50 ;
408 ;0 ;0 ;4 ;0 ;70 ;
408 ;0 ;0 ;5 ;0 ;80 ;
408 ;0 ;1 ;1 ;0 ;112 ;
408 ;0 ;1 ;2 ;0 ;155 ;
408 ;0 ;1 ;3 ;0 ;115 ;
408 ;0 ;1 ;4 ;0 ;102 ;
408 ;0 ;1 ;5 ;0 ;55 ;
408 ;0 ;2 ;1 ;0 ;31 ;
408 ;0 ;2 ;2 ;0 ;83 ;
408 ;0 ;2 ;3 ;0 ;200 ;
408 ;0 ;2 ;4 ;0 ;184 ;
408 ;0 ;2 ;5 ;0 ;201 ;
408 ;0 ;2 ;6 ;0 ;197 ;
411 ;0 ;0 ;2 ;0 ;195 ;
411 ;0 ;0 ;3 ;0 ;63 ;
411 ;0 ;0 ;4 ;0 ;75 ;
411 ;0 ;1 ;2 ;0 ;168 ;
411 ;0 ;1 ;3 ;0 ;59 ;
411 ;0 ;1 ;4 ;0 ;76 ;
411 ;0 ;1 ;5 ;0 ;90 ;
411 ;0 ;2 ;1 ;0 ;33 ;
411 ;0 ;2 ;2 ;0 ;167 ;
411 ;0 ;2 ;3 ;0 ;56 ;
411 ;0 ;2 ;4 ;0 ;133 ;
411 ;0 ;2 ;5 ;0 ;164 ;
411 ;0 ;2 ;6 ;0 ;49 ;
414 ;0 ;0 ;1 ;0 ;103 ;
414 ;0 ;0 ;2 ;0 ;7 ;
414 ;0 ;0 ;3 ;0 ;21 ;
414 ;0 ;0 ;4 ;0 ;130 ;
414 ;0 ;0 ;5 ;0 ;112 ;
414 ;0 ;1 ;1 ;0 ;41 ;
414 ;0 ;1 ;2 ;0 ;121 ;
414 ;0 ;1 ;3 ;0 ;24 ;
414 ;0 ;1 ;4 ;0 ;104 ;
414 ;0 ;1 ;5 ;0 ;77 ;
414 ;0 ;2 ;1 ;0 ;101 ;
414 ;0 ;2 ;2 ;0 ;50 ;
414 ;0 ;2 ;3 ;0 ;18 ;
414 ;0 ;2 ;4 ;0 ;70 ;
414 ;0 ;2 ;5 ;0 ;96 ;
414 ;0 ;2 ;6 ;0 ;105 ;
414 ;0 ;3 ;1 ;0 ;57 ;
414 ;0 ;3 ;2 ;0 ;115 ;
414 ;0 ;3 ;3 ;0 ;125 ;
414 ;0 ;3 ;4 ;0 ;87 ;
414 ;0 ;3 ;5 ;0 ;23 ;
414 ;0 ;3 ;6 ;0 ;155 ;
414 ;0 ;4 ;1 ;0 ;16 ;
414 ;0 ;4 ;2 ;0 ;72 ;
414 ;0 ;4 ;3 ;0 ;88 ;
414 ;0 ;4 ;4 ;0 ;25 ;
414 ;0 ;4 ;5 ;0 ;55 ;
414 ;0 ;4 ;6 ;0 ;31 ;
414 ;0 ;5 ;1 ;0 ;45 ;
414 ;0 ;5 ;2 ;0 ;201 ;
414 ;0 ;5 ;3 ;0 ;170 ;
414 ;0 ;5 ;4 ;0 ;200 ;
414 ;0 ;5 ;5 ;0 ;184 ;
414 ;0 ;5 ;6 ;0 ;183 ;
414 ;0 ;6 ;1 ;0 ;79 ;
414 ;0 ;6 ;2 ;0 ;156 ;
414 ;0 ;6 ;3 ;0 ;11 ;
414 ;0 ;6 ;4 ;0 ;22 ;
414 ;0 ;6 ;5 ;0 ;62 ;
414 ;0 ;6 ;6 ;0 ;137 ;
414 ;0 ;7 ;1 ;0 ;172 ;
414 ;0 ;7 ;2 ;0 ;176 ;
414 ;0 ;7 ;3 ;0 ;9 ;
414 ;0 ;7 ;4 ;0 ;154 ;
414 ;0 ;7 ;5 ;0 ;95 ;
414 ;0 ;7 ;6 ;0 ;20 ;
420 ;0 ;0 ;2 ;0 ;133 ;
420 ;0 ;0 ;3 ;0 ;129 ;
420 ;0 ;0 ;4 ;0 ;202 ;
420 ;0 ;0 ;5 ;0 ;196 ;
420 ;0 ;1 ;1 ;0 ;106 ;
420 ;0 ;1 ;2 ;0 ;122 ;
420 ;0 ;1 ;3 ;0 ;100 ;
420 ;0 ;1 ;4 ;0 ;27 ;
420 ;0 ;1 ;5 ;0 ;173 ;
420 ;0 ;2 ;1 ;0 ;58 ;
420 ;0 ;2 ;2 ;0 ;109 ;
420 ;0 ;2 ;3 ;0 ;110 ;
420 ;0 ;2 ;4 ;0 ;195 ;
420 ;0 ;2 ;5 ;0 ;75 ;
420 ;0 ;2 ;6 ;0 ;150 ;
420 ;0 ;3 ;1 ;0 ;108 ;
420 ;0 ;3 ;2 ;0 ;59 ;
420 ;0 ;3 ;3 ;0 ;63 ;
420 ;0 ;3 ;4 ;0 ;167 ;
420 ;0 ;3 ;5 ;0 ;69 ;
420 ;0 ;3 ;6 ;0 ;124 ;
420 ;0 ;4 ;1 ;0 ;116 ;
420 ;0 ;4 ;2 ;0 ;136 ;
420 ;0 ;4 ;3 ;0 ;76 ;
420 ;0 ;4 ;4 ;0 ;90 ;
420 ;0 ;4 ;5 ;0 ;164 ;
420 ;0 ;4 ;6 ;0 ;51 ;
420 ;0 ;5 ;1 ;0 ;174 ;
420 ;0 ;5 ;2 ;0 ;168 ;
420 ;0 ;5 ;3 ;0 ;94 ;
420 ;0 ;5 ;4 ;0 ;181 ;
420 ;0 ;5 ;5 ;0 ;56 ;
420 ;0 ;5 ;6 ;0 ;54 ;
420 ;0 ;6 ;1 ;0 ;169 ;
420 ;0 ;6 ;2 ;0 ;85 ;
420 ;0 ;6 ;3 ;0 ;10 ;
420 ;0 ;6 ;4 ;0 ;193 ;
420 ;0 ;6 ;5 ;0 ;32 ;
420 ;0 ;6 ;6 ;0 ;134 ;
420 ;0 ;7 ;1 ;0 ;141 ;
420 ;0 ;7 ;2 ;0 ;89 ;
420 ;0 ;7 ;3 ;0 ;148 ;
420 ;0 ;7 ;4 ;0 ;192 ;
420 ;0 ;7 ;5 ;0 ;185 ;
420 ;0 ;7 ;6 ;0 ;135 ;
427 ;0 ;0 ;1 ;0 ;171 ;
427 ;0 ;0 ;2 ;0 ;71 ;
427 ;0 ;0 ;3 ;0 ;98 ;
427 ;0 ;0 ;4 ;0 ;87 ;
427 ;0 ;0 ;5 ;0 ;115 ;
427 ;0 ;0 ;6 ;0 ;28 ;
427 ;0 ;1 ;1 ;0 ;18 ;
427 ;0 ;1 ;2 ;0 ;155 ;
427 ;0 ;1 ;3 ;0 ;201 ;
427 ;0 ;1 ;4 ;0 ;23 ;
427 ;0 ;1 ;5 ;0 ;83 ;
427 ;0 ;1 ;6 ;0 ;72 ;
427 ;0 ;2 ;1 ;0 ;170 ;
427 ;0 ;2 ;2 ;0 ;197 ;
427 ;0 ;2 ;3 ;0 ;200 ;
427 ;0 ;2 ;4 ;0 ;84 ;
427 ;0 ;2 ;5 ;0 ;184 ;
427 ;0 ;2 ;6 ;0 ;88 ;
427 ;0 ;3 ;1 ;0 ;172 ;
427 ;0 ;3 ;2 ;0 ;92 ;
427 ;0 ;3 ;3 ;0 ;30 ;
427 ;0 ;3 ;4 ;0 ;62 ;
427 ;0 ;3 ;5 ;0 ;177 ;
427 ;0 ;3 ;6 ;0 ;137 ;
427 ;0 ;4 ;1 ;0 ;19 ;
427 ;0 ;4 ;2 ;0 ;176 ;
427 ;0 ;4 ;3 ;0 ;61 ;
427 ;0 ;4 ;4 ;0 ;35 ;
427 ;0 ;4 ;5 ;0 ;9 ;
427 ;0 ;4 ;6 ;0 ;145 ;
431 ;0 ;0 ;2 ;0 ;109 ;
431 ;0 ;0 ;3 ;0 ;110 ;
431 ;0 ;0 ;4 ;0 ;29 ;
431 ;0 ;0 ;5 ;0 ;54 ;
431 ;0 ;1 ;2 ;0 ;129 ;
431 ;0 ;1 ;3 ;0 ;73 ;
431 ;0 ;1 ;4 ;0 ;169 ;
431 ;0 ;1 ;5 ;0 ;199 ;
431 ;0 ;2 ;1 ;0 ;148 ;
431 ;0 ;2 ;2 ;0 ;53 ;
431 ;0 ;2 ;3 ;0 ;180 ;
431 ;0 ;2 ;4 ;0 ;89 ;
431 ;0 ;2 ;5 ;0 ;185 ;
431 ;0 ;2 ;6 ;0 ;94 ;
