event; round;heat;lane;relais;idBib;
101 ;0 ;0 ;2 ;0 ;193 ;
101 ;0 ;0 ;3 ;0 ;211 ;
101 ;0 ;0 ;4 ;0 ;96 ;
101 ;0 ;1 ;2 ;0 ;105 ;
101 ;0 ;1 ;3 ;0 ;208 ;
101 ;0 ;1 ;4 ;0 ;146 ;
101 ;0 ;1 ;5 ;0 ;104 ;
101 ;0 ;1 ;6 ;0 ;239 ;
101 ;0 ;2 ;1 ;0 ;52 ;
101 ;0 ;2 ;2 ;0 ;125 ;
101 ;0 ;2 ;3 ;0 ;204 ;
101 ;0 ;2 ;4 ;0 ;56 ;
101 ;0 ;2 ;5 ;0 ;235 ;
101 ;0 ;2 ;6 ;0 ;181 ;
101 ;0 ;3 ;1 ;0 ;191 ;
101 ;0 ;3 ;2 ;0 ;128 ;
101 ;0 ;3 ;3 ;0 ;15 ;
101 ;0 ;3 ;4 ;0 ;222 ;
101 ;0 ;3 ;5 ;0 ;155 ;
101 ;0 ;3 ;6 ;0 ;47 ;
101 ;0 ;4 ;1 ;0 ;219 ;
101 ;0 ;4 ;2 ;0 ;215 ;
101 ;0 ;4 ;3 ;0 ;142 ;
101 ;0 ;4 ;4 ;0 ;61 ;
101 ;0 ;4 ;5 ;0 ;26 ;
101 ;0 ;4 ;6 ;0 ;25 ;
101 ;0 ;5 ;1 ;0 ;173 ;
101 ;0 ;5 ;2 ;0 ;109 ;
101 ;0 ;5 ;3 ;0 ;161 ;
101 ;0 ;5 ;4 ;0 ;17 ;
101 ;0 ;5 ;5 ;0 ;33 ;
101 ;0 ;5 ;6 ;0 ;133 ;
101 ;0 ;6 ;1 ;0 ;39 ;
101 ;0 ;6 ;2 ;0 ;110 ;
101 ;0 ;6 ;3 ;0 ;176 ;
101 ;0 ;6 ;4 ;0 ;119 ;
101 ;0 ;6 ;5 ;0 ;123 ;
101 ;0 ;6 ;6 ;0 ;205 ;
101 ;0 ;7 ;1 ;0 ;116 ;
101 ;0 ;7 ;2 ;0 ;136 ;
101 ;0 ;7 ;3 ;0 ;158 ;
101 ;0 ;7 ;4 ;0 ;118 ;
101 ;0 ;7 ;5 ;0 ;174 ;
101 ;0 ;8 ;1 ;0 ;23 ;
101 ;0 ;8 ;2 ;0 ;45 ;
101 ;0 ;8 ;3 ;0 ;152 ;
101 ;0 ;8 ;4 ;0 ;159 ;
101 ;0 ;8 ;5 ;0 ;186 ;
101 ;0 ;8 ;6 ;0 ;66 ;
101 ;0 ;9 ;1 ;0 ;196 ;
101 ;0 ;9 ;2 ;0 ;28 ;
101 ;0 ;9 ;3 ;0 ;107 ;
101 ;0 ;9 ;4 ;0 ;170 ;
101 ;0 ;9 ;5 ;0 ;54 ;
101 ;0 ;9 ;6 ;0 ;42 ;
101 ;0 ;10 ;1 ;0 ;92 ;
101 ;0 ;10 ;2 ;0 ;16 ;
101 ;0 ;10 ;3 ;0 ;178 ;
101 ;0 ;10 ;4 ;0 ;77 ;
101 ;0 ;10 ;5 ;0 ;82 ;
101 ;0 ;10 ;6 ;0 ;182 ;
101 ;0 ;11 ;1 ;0 ;44 ;
101 ;0 ;11 ;2 ;0 ;24 ;
101 ;0 ;11 ;3 ;0 ;58 ;
101 ;0 ;11 ;4 ;0 ;145 ;
101 ;0 ;11 ;5 ;0 ;62 ;
101 ;0 ;11 ;6 ;0 ;9 ;
101 ;0 ;12 ;1 ;0 ;78 ;
101 ;0 ;12 ;2 ;0 ;12 ;
101 ;0 ;12 ;3 ;0 ;185 ;
101 ;0 ;12 ;4 ;0 ;32 ;
101 ;0 ;12 ;5 ;0 ;117 ;
101 ;0 ;12 ;6 ;0 ;238 ;
101 ;0 ;13 ;1 ;0 ;187 ;
101 ;0 ;13 ;2 ;0 ;14 ;
101 ;0 ;13 ;3 ;0 ;156 ;
101 ;0 ;13 ;4 ;0 ;81 ;
101 ;0 ;13 ;5 ;0 ;169 ;
101 ;0 ;13 ;6 ;0 ;228 ;
101 ;0 ;14 ;1 ;0 ;30 ;
101 ;0 ;14 ;2 ;0 ;69 ;
101 ;0 ;14 ;3 ;0 ;20 ;
101 ;0 ;14 ;4 ;0 ;168 ;
101 ;0 ;14 ;5 ;0 ;102 ;
101 ;0 ;14 ;6 ;0 ;79 ;
101 ;0 ;15 ;1 ;0 ;80 ;
101 ;0 ;15 ;2 ;0 ;75 ;
101 ;0 ;15 ;3 ;0 ;236 ;
101 ;0 ;15 ;4 ;0 ;19 ;
101 ;0 ;15 ;5 ;0 ;124 ;
101 ;0 ;15 ;6 ;0 ;2 ;
103 ;0 ;0 ;2 ;0 ;141 ;
103 ;0 ;0 ;3 ;0 ;221 ;
103 ;0 ;0 ;4 ;0 ;203 ;
103 ;0 ;0 ;5 ;0 ;224 ;
103 ;0 ;1 ;1 ;0 ;202 ;
103 ;0 ;1 ;2 ;0 ;231 ;
103 ;0 ;1 ;3 ;0 ;94 ;
103 ;0 ;1 ;5 ;0 ;130 ;
103 ;0 ;2 ;1 ;0 ;93 ;
103 ;0 ;2 ;2 ;0 ;53 ;
103 ;0 ;2 ;3 ;0 ;88 ;
103 ;0 ;2 ;4 ;0 ;29 ;
103 ;0 ;2 ;5 ;0 ;89 ;
103 ;0 ;2 ;6 ;0 ;46 ;
103 ;0 ;3 ;1 ;0 ;216 ;
103 ;0 ;3 ;2 ;0 ;114 ;
103 ;0 ;3 ;3 ;0 ;177 ;
103 ;0 ;3 ;4 ;0 ;198 ;
103 ;0 ;3 ;5 ;0 ;166 ;
103 ;0 ;3 ;6 ;0 ;115 ;
103 ;0 ;4 ;1 ;0 ;90 ;
103 ;0 ;4 ;2 ;0 ;164 ;
103 ;0 ;4 ;3 ;0 ;60 ;
103 ;0 ;4 ;4 ;0 ;111 ;
103 ;0 ;4 ;5 ;0 ;98 ;
103 ;0 ;4 ;6 ;0 ;122 ;
103 ;0 ;5 ;1 ;0 ;67 ;
103 ;0 ;5 ;2 ;0 ;50 ;
103 ;0 ;5 ;3 ;0 ;5 ;
103 ;0 ;5 ;4 ;0 ;76 ;
103 ;0 ;5 ;5 ;0 ;106 ;
103 ;0 ;5 ;6 ;0 ;6 ;
103 ;0 ;6 ;1 ;0 ;206 ;
103 ;0 ;6 ;2 ;0 ;167 ;
103 ;0 ;6 ;3 ;0 ;165 ;
103 ;0 ;6 ;4 ;0 ;132 ;
103 ;0 ;6 ;5 ;0 ;162 ;
103 ;0 ;6 ;6 ;0 ;100 ;
103 ;0 ;7 ;1 ;0 ;212 ;
103 ;0 ;7 ;2 ;0 ;95 ;
103 ;0 ;7 ;3 ;0 ;65 ;
103 ;0 ;7 ;4 ;0 ;218 ;
103 ;0 ;7 ;5 ;0 ;70 ;
103 ;0 ;7 ;6 ;0 ;49 ;
103 ;0 ;8 ;1 ;0 ;226 ;
103 ;0 ;8 ;2 ;0 ;72 ;
103 ;0 ;8 ;3 ;0 ;190 ;
103 ;0 ;8 ;4 ;0 ;97 ;
103 ;0 ;8 ;5 ;0 ;220 ;
103 ;0 ;8 ;6 ;0 ;138 ;
103 ;0 ;9 ;1 ;0 ;4 ;
103 ;0 ;9 ;2 ;0 ;74 ;
103 ;0 ;9 ;3 ;0 ;237 ;
103 ;0 ;9 ;4 ;0 ;210 ;
103 ;0 ;9 ;5 ;0 ;38 ;
103 ;0 ;9 ;6 ;0 ;197 ;
105 ;0 ;0 ;2 ;0 ;193 ;
105 ;0 ;0 ;3 ;0 ;211 ;
105 ;0 ;0 ;4 ;0 ;96 ;
105 ;0 ;0 ;5 ;0 ;105 ;
105 ;0 ;1 ;2 ;0 ;146 ;
105 ;0 ;1 ;3 ;0 ;104 ;
105 ;0 ;1 ;4 ;0 ;125 ;
105 ;0 ;1 ;5 ;0 ;204 ;
105 ;0 ;1 ;6 ;0 ;239 ;
105 ;0 ;2 ;1 ;0 ;56 ;
105 ;0 ;2 ;2 ;0 ;133 ;
105 ;0 ;2 ;3 ;0 ;235 ;
105 ;0 ;2 ;4 ;0 ;181 ;
105 ;0 ;2 ;5 ;0 ;191 ;
105 ;0 ;2 ;6 ;0 ;128 ;
105 ;0 ;3 ;1 ;0 ;15 ;
105 ;0 ;3 ;2 ;0 ;155 ;
105 ;0 ;3 ;3 ;0 ;47 ;
105 ;0 ;3 ;4 ;0 ;215 ;
105 ;0 ;3 ;5 ;0 ;66 ;
105 ;0 ;3 ;6 ;0 ;19 ;
105 ;0 ;4 ;1 ;0 ;26 ;
105 ;0 ;4 ;2 ;0 ;152 ;
105 ;0 ;4 ;3 ;0 ;110 ;
105 ;0 ;4 ;4 ;0 ;33 ;
105 ;0 ;4 ;5 ;0 ;208 ;
105 ;0 ;4 ;6 ;0 ;219 ;
105 ;0 ;5 ;1 ;0 ;178 ;
105 ;0 ;5 ;2 ;0 ;119 ;
105 ;0 ;5 ;3 ;0 ;205 ;
105 ;0 ;5 ;4 ;0 ;17 ;
105 ;0 ;5 ;5 ;0 ;176 ;
105 ;0 ;5 ;6 ;0 ;25 ;
105 ;0 ;6 ;1 ;0 ;45 ;
105 ;0 ;6 ;2 ;0 ;23 ;
105 ;0 ;6 ;3 ;0 ;39 ;
105 ;0 ;6 ;4 ;0 ;136 ;
105 ;0 ;6 ;5 ;0 ;54 ;
105 ;0 ;6 ;6 ;0 ;44 ;
105 ;0 ;7 ;1 ;0 ;61 ;
105 ;0 ;7 ;2 ;0 ;173 ;
105 ;0 ;7 ;3 ;0 ;159 ;
105 ;0 ;7 ;4 ;0 ;163 ;
105 ;0 ;7 ;5 ;0 ;107 ;
105 ;0 ;7 ;6 ;0 ;58 ;
105 ;0 ;8 ;1 ;0 ;185 ;
105 ;0 ;8 ;2 ;0 ;196 ;
105 ;0 ;8 ;3 ;0 ;161 ;
105 ;0 ;8 ;4 ;0 ;116 ;
105 ;0 ;8 ;5 ;0 ;182 ;
105 ;0 ;8 ;6 ;0 ;171 ;
105 ;0 ;9 ;1 ;0 ;186 ;
105 ;0 ;9 ;2 ;0 ;16 ;
105 ;0 ;9 ;3 ;0 ;170 ;
105 ;0 ;9 ;4 ;0 ;158 ;
105 ;0 ;9 ;5 ;0 ;52 ;
105 ;0 ;9 ;6 ;0 ;77 ;
105 ;0 ;10 ;1 ;0 ;92 ;
105 ;0 ;10 ;2 ;0 ;145 ;
105 ;0 ;10 ;3 ;0 ;82 ;
105 ;0 ;10 ;4 ;0 ;78 ;
105 ;0 ;10 ;5 ;0 ;69 ;
105 ;0 ;10 ;6 ;0 ;79 ;
105 ;0 ;11 ;1 ;0 ;28 ;
105 ;0 ;11 ;2 ;0 ;12 ;
105 ;0 ;11 ;3 ;0 ;238 ;
105 ;0 ;11 ;4 ;0 ;118 ;
105 ;0 ;11 ;5 ;0 ;174 ;
105 ;0 ;11 ;6 ;0 ;102 ;
105 ;0 ;12 ;1 ;0 ;14 ;
105 ;0 ;12 ;2 ;0 ;9 ;
105 ;0 ;12 ;3 ;0 ;187 ;
105 ;0 ;12 ;4 ;0 ;80 ;
105 ;0 ;12 ;5 ;0 ;124 ;
105 ;0 ;12 ;6 ;0 ;81 ;
105 ;0 ;13 ;1 ;0 ;30 ;
105 ;0 ;13 ;2 ;0 ;62 ;
105 ;0 ;13 ;3 ;0 ;101 ;
105 ;0 ;13 ;4 ;0 ;168 ;
105 ;0 ;13 ;5 ;0 ;20 ;
105 ;0 ;13 ;6 ;0 ;32 ;
105 ;0 ;14 ;1 ;0 ;2 ;
105 ;0 ;14 ;2 ;0 ;228 ;
105 ;0 ;14 ;3 ;0 ;236 ;
105 ;0 ;14 ;4 ;0 ;169 ;
105 ;0 ;14 ;5 ;0 ;75 ;
105 ;0 ;14 ;6 ;0 ;85 ;
107 ;0 ;0 ;1 ;0 ;141 ;
107 ;0 ;0 ;2 ;0 ;98 ;
107 ;0 ;0 ;3 ;0 ;224 ;
107 ;0 ;0 ;4 ;0 ;202 ;
107 ;0 ;0 ;5 ;0 ;87 ;
107 ;0 ;1 ;1 ;0 ;93 ;
107 ;0 ;1 ;2 ;0 ;138 ;
107 ;0 ;1 ;3 ;0 ;53 ;
107 ;0 ;1 ;4 ;0 ;67 ;
107 ;0 ;1 ;5 ;0 ;162 ;
107 ;0 ;2 ;1 ;0 ;89 ;
107 ;0 ;2 ;2 ;0 ;164 ;
107 ;0 ;2 ;3 ;0 ;29 ;
107 ;0 ;2 ;4 ;0 ;90 ;
107 ;0 ;2 ;5 ;0 ;60 ;
107 ;0 ;2 ;6 ;0 ;114 ;
107 ;0 ;3 ;1 ;0 ;177 ;
107 ;0 ;3 ;2 ;0 ;190 ;
107 ;0 ;3 ;3 ;0 ;166 ;
107 ;0 ;3 ;4 ;0 ;111 ;
107 ;0 ;3 ;5 ;0 ;5 ;
107 ;0 ;3 ;6 ;0 ;167 ;
107 ;0 ;4 ;1 ;0 ;212 ;
107 ;0 ;4 ;2 ;0 ;165 ;
107 ;0 ;4 ;3 ;0 ;206 ;
107 ;0 ;4 ;4 ;0 ;132 ;
107 ;0 ;4 ;5 ;0 ;50 ;
107 ;0 ;4 ;6 ;0 ;106 ;
107 ;0 ;5 ;1 ;0 ;49 ;
107 ;0 ;5 ;2 ;0 ;218 ;
107 ;0 ;5 ;3 ;0 ;38 ;
107 ;0 ;5 ;4 ;0 ;4 ;
107 ;0 ;5 ;5 ;0 ;65 ;
107 ;0 ;5 ;6 ;0 ;95 ;
107 ;0 ;6 ;1 ;0 ;6 ;
107 ;0 ;6 ;2 ;0 ;97 ;
107 ;0 ;6 ;3 ;0 ;94 ;
107 ;0 ;6 ;4 ;0 ;72 ;
107 ;0 ;6 ;5 ;0 ;226 ;
107 ;0 ;6 ;6 ;0 ;115 ;
107 ;0 ;7 ;1 ;0 ;70 ;
107 ;0 ;7 ;2 ;0 ;88 ;
107 ;0 ;7 ;3 ;0 ;237 ;
107 ;0 ;7 ;4 ;0 ;74 ;
107 ;0 ;7 ;5 ;0 ;76 ;
107 ;0 ;7 ;6 ;0 ;210 ;
109 ;0 ;0 ;2 ;0 ;193 ;
109 ;0 ;0 ;3 ;0 ;211 ;
109 ;0 ;0 ;4 ;0 ;96 ;
109 ;0 ;0 ;5 ;0 ;105 ;
109 ;0 ;1 ;2 ;0 ;208 ;
109 ;0 ;1 ;3 ;0 ;102 ;
109 ;0 ;1 ;4 ;0 ;146 ;
109 ;0 ;1 ;5 ;0 ;104 ;
109 ;0 ;1 ;6 ;0 ;239 ;
109 ;0 ;2 ;1 ;0 ;52 ;
109 ;0 ;2 ;2 ;0 ;151 ;
109 ;0 ;2 ;3 ;0 ;125 ;
109 ;0 ;2 ;4 ;0 ;204 ;
109 ;0 ;2 ;5 ;0 ;56 ;
109 ;0 ;2 ;6 ;0 ;235 ;
109 ;0 ;3 ;1 ;0 ;181 ;
109 ;0 ;3 ;2 ;0 ;191 ;
109 ;0 ;3 ;3 ;0 ;128 ;
109 ;0 ;3 ;4 ;0 ;187 ;
109 ;0 ;3 ;5 ;0 ;222 ;
109 ;0 ;3 ;6 ;0 ;155 ;
109 ;0 ;4 ;1 ;0 ;47 ;
109 ;0 ;4 ;2 ;0 ;219 ;
109 ;0 ;4 ;3 ;0 ;215 ;
109 ;0 ;4 ;4 ;0 ;66 ;
109 ;0 ;4 ;5 ;0 ;142 ;
109 ;0 ;4 ;6 ;0 ;159 ;
109 ;0 ;5 ;1 ;0 ;119 ;
109 ;0 ;5 ;2 ;0 ;205 ;
109 ;0 ;5 ;3 ;0 ;173 ;
109 ;0 ;5 ;4 ;0 ;17 ;
109 ;0 ;5 ;5 ;0 ;176 ;
109 ;0 ;5 ;6 ;0 ;26 ;
109 ;0 ;6 ;1 ;0 ;23 ;
109 ;0 ;6 ;2 ;0 ;123 ;
109 ;0 ;6 ;3 ;0 ;33 ;
109 ;0 ;6 ;4 ;0 ;25 ;
109 ;0 ;6 ;5 ;0 ;124 ;
109 ;0 ;6 ;6 ;0 ;163 ;
109 ;0 ;7 ;1 ;0 ;54 ;
109 ;0 ;7 ;2 ;0 ;110 ;
109 ;0 ;7 ;3 ;0 ;178 ;
109 ;0 ;7 ;4 ;0 ;161 ;
109 ;0 ;7 ;5 ;0 ;109 ;
109 ;0 ;7 ;6 ;0 ;152 ;
109 ;0 ;8 ;1 ;0 ;158 ;
109 ;0 ;8 ;2 ;0 ;133 ;
109 ;0 ;8 ;3 ;0 ;196 ;
109 ;0 ;8 ;4 ;0 ;116 ;
109 ;0 ;8 ;5 ;0 ;107 ;
109 ;0 ;8 ;6 ;0 ;45 ;
109 ;0 ;9 ;1 ;0 ;16 ;
109 ;0 ;9 ;2 ;0 ;77 ;
109 ;0 ;9 ;3 ;0 ;136 ;
109 ;0 ;9 ;4 ;0 ;118 ;
109 ;0 ;9 ;5 ;0 ;170 ;
109 ;0 ;9 ;6 ;0 ;24 ;
109 ;0 ;10 ;1 ;0 ;39 ;
109 ;0 ;10 ;2 ;0 ;174 ;
109 ;0 ;10 ;3 ;0 ;171 ;
109 ;0 ;10 ;4 ;0 ;168 ;
109 ;0 ;10 ;5 ;0 ;238 ;
109 ;0 ;10 ;6 ;0 ;92 ;
109 ;0 ;11 ;1 ;0 ;79 ;
109 ;0 ;11 ;2 ;0 ;42 ;
109 ;0 ;11 ;3 ;0 ;82 ;
109 ;0 ;11 ;4 ;0 ;145 ;
109 ;0 ;11 ;5 ;0 ;78 ;
109 ;0 ;11 ;6 ;0 ;185 ;
109 ;0 ;12 ;1 ;0 ;186 ;
109 ;0 ;12 ;2 ;0 ;44 ;
109 ;0 ;12 ;3 ;0 ;30 ;
109 ;0 ;12 ;4 ;0 ;101 ;
109 ;0 ;12 ;5 ;0 ;12 ;
109 ;0 ;12 ;6 ;0 ;117 ;
109 ;0 ;13 ;1 ;0 ;156 ;
109 ;0 ;13 ;2 ;0 ;61 ;
109 ;0 ;13 ;3 ;0 ;81 ;
109 ;0 ;13 ;4 ;0 ;236 ;
109 ;0 ;13 ;5 ;0 ;182 ;
109 ;0 ;13 ;6 ;0 ;85 ;
109 ;0 ;14 ;1 ;0 ;58 ;
109 ;0 ;14 ;2 ;0 ;69 ;
109 ;0 ;14 ;3 ;0 ;28 ;
109 ;0 ;14 ;4 ;0 ;20 ;
109 ;0 ;14 ;5 ;0 ;62 ;
109 ;0 ;14 ;6 ;0 ;32 ;
109 ;0 ;15 ;1 ;0 ;14 ;
109 ;0 ;15 ;2 ;0 ;80 ;
109 ;0 ;15 ;3 ;0 ;75 ;
109 ;0 ;15 ;4 ;0 ;228 ;
109 ;0 ;15 ;5 ;0 ;169 ;
109 ;0 ;15 ;6 ;0 ;19 ;
111 ;0 ;0 ;2 ;0 ;221 ;
111 ;0 ;0 ;3 ;0 ;203 ;
111 ;0 ;0 ;4 ;0 ;202 ;
111 ;0 ;0 ;5 ;0 ;231 ;
111 ;0 ;1 ;1 ;0 ;87 ;
111 ;0 ;1 ;2 ;0 ;130 ;
111 ;0 ;1 ;3 ;0 ;93 ;
111 ;0 ;1 ;4 ;0 ;209 ;
111 ;0 ;1 ;5 ;0 ;89 ;
111 ;0 ;2 ;1 ;0 ;29 ;
111 ;0 ;2 ;2 ;0 ;141 ;
111 ;0 ;2 ;3 ;0 ;162 ;
111 ;0 ;2 ;4 ;0 ;216 ;
111 ;0 ;2 ;5 ;0 ;190 ;
111 ;0 ;2 ;6 ;0 ;46 ;
111 ;0 ;3 ;1 ;0 ;198 ;
111 ;0 ;3 ;2 ;0 ;122 ;
111 ;0 ;3 ;3 ;0 ;166 ;
111 ;0 ;3 ;4 ;0 ;164 ;
111 ;0 ;3 ;5 ;0 ;167 ;
111 ;0 ;3 ;6 ;0 ;100 ;
111 ;0 ;4 ;1 ;0 ;60 ;
111 ;0 ;4 ;2 ;0 ;98 ;
111 ;0 ;4 ;3 ;0 ;114 ;
111 ;0 ;4 ;4 ;0 ;177 ;
111 ;0 ;4 ;5 ;0 ;5 ;
111 ;0 ;4 ;6 ;0 ;115 ;
111 ;0 ;5 ;1 ;0 ;90 ;
111 ;0 ;5 ;2 ;0 ;132 ;
111 ;0 ;5 ;3 ;0 ;53 ;
111 ;0 ;5 ;4 ;0 ;95 ;
111 ;0 ;5 ;5 ;0 ;212 ;
111 ;0 ;5 ;6 ;0 ;94 ;
111 ;0 ;6 ;1 ;0 ;224 ;
111 ;0 ;6 ;2 ;0 ;197 ;
111 ;0 ;6 ;3 ;0 ;165 ;
111 ;0 ;6 ;4 ;0 ;67 ;
111 ;0 ;6 ;5 ;0 ;106 ;
111 ;0 ;6 ;6 ;0 ;218 ;
111 ;0 ;7 ;1 ;0 ;50 ;
111 ;0 ;7 ;2 ;0 ;206 ;
111 ;0 ;7 ;3 ;0 ;4 ;
111 ;0 ;7 ;4 ;0 ;88 ;
111 ;0 ;7 ;5 ;0 ;49 ;
111 ;0 ;7 ;6 ;0 ;38 ;
111 ;0 ;8 ;1 ;0 ;226 ;
111 ;0 ;8 ;2 ;0 ;111 ;
111 ;0 ;8 ;3 ;0 ;72 ;
111 ;0 ;8 ;4 ;0 ;138 ;
111 ;0 ;8 ;5 ;0 ;6 ;
111 ;0 ;8 ;6 ;0 ;220 ;
111 ;0 ;9 ;1 ;0 ;210 ;
111 ;0 ;9 ;2 ;0 ;65 ;
111 ;0 ;9 ;3 ;0 ;70 ;
111 ;0 ;9 ;4 ;0 ;74 ;
111 ;0 ;9 ;5 ;0 ;237 ;
111 ;0 ;9 ;6 ;0 ;76 ;
113 ;0 ;0 ;2 ;0 ;152 ;
113 ;0 ;0 ;3 ;0 ;96 ;
113 ;0 ;0 ;4 ;0 ;105 ;
113 ;0 ;0 ;5 ;0 ;104 ;
113 ;0 ;1 ;1 ;0 ;16 ;
113 ;0 ;1 ;2 ;0 ;28 ;
113 ;0 ;1 ;3 ;0 ;56 ;
113 ;0 ;1 ;4 ;0 ;133 ;
113 ;0 ;1 ;5 ;0 ;12 ;
113 ;0 ;1 ;6 ;0 ;239 ;
113 ;0 ;2 ;1 ;0 ;58 ;
113 ;0 ;2 ;2 ;0 ;181 ;
113 ;0 ;2 ;3 ;0 ;128 ;
113 ;0 ;2 ;4 ;0 ;124 ;
113 ;0 ;2 ;5 ;0 ;187 ;
113 ;0 ;2 ;6 ;0 ;222 ;
113 ;0 ;3 ;1 ;0 ;215 ;
113 ;0 ;3 ;2 ;0 ;66 ;
113 ;0 ;3 ;3 ;0 ;142 ;
113 ;0 ;3 ;4 ;0 ;39 ;
113 ;0 ;3 ;5 ;0 ;205 ;
113 ;0 ;3 ;6 ;0 ;119 ;
113 ;0 ;4 ;1 ;0 ;123 ;
113 ;0 ;4 ;2 ;0 ;161 ;
113 ;0 ;4 ;3 ;0 ;136 ;
113 ;0 ;4 ;4 ;0 ;173 ;
113 ;0 ;4 ;5 ;0 ;110 ;
113 ;0 ;4 ;6 ;0 ;158 ;
113 ;0 ;5 ;1 ;0 ;26 ;
113 ;0 ;5 ;2 ;0 ;159 ;
113 ;0 ;5 ;3 ;0 ;33 ;
113 ;0 ;5 ;4 ;0 ;196 ;
113 ;0 ;5 ;5 ;0 ;23 ;
113 ;0 ;5 ;6 ;0 ;176 ;
113 ;0 ;6 ;1 ;0 ;118 ;
113 ;0 ;6 ;2 ;0 ;17 ;
113 ;0 ;6 ;3 ;0 ;109 ;
113 ;0 ;6 ;4 ;0 ;178 ;
113 ;0 ;6 ;5 ;0 ;107 ;
113 ;0 ;6 ;6 ;0 ;208 ;
113 ;0 ;7 ;1 ;0 ;170 ;
113 ;0 ;7 ;2 ;0 ;44 ;
113 ;0 ;7 ;3 ;0 ;32 ;
113 ;0 ;7 ;4 ;0 ;9 ;
113 ;0 ;7 ;5 ;0 ;77 ;
113 ;0 ;7 ;6 ;0 ;92 ;
113 ;0 ;8 ;1 ;0 ;174 ;
113 ;0 ;8 ;2 ;0 ;19 ;
113 ;0 ;8 ;3 ;0 ;145 ;
113 ;0 ;8 ;4 ;0 ;186 ;
113 ;0 ;8 ;5 ;0 ;78 ;
113 ;0 ;8 ;6 ;0 ;52 ;
113 ;0 ;9 ;1 ;0 ;62 ;
113 ;0 ;9 ;2 ;0 ;182 ;
113 ;0 ;9 ;3 ;0 ;102 ;
113 ;0 ;9 ;4 ;0 ;185 ;
113 ;0 ;9 ;5 ;0 ;85 ;
113 ;0 ;9 ;6 ;0 ;14 ;
113 ;0 ;10 ;1 ;0 ;101 ;
113 ;0 ;10 ;2 ;0 ;30 ;
113 ;0 ;10 ;3 ;0 ;168 ;
113 ;0 ;10 ;4 ;0 ;69 ;
113 ;0 ;10 ;5 ;0 ;20 ;
113 ;0 ;10 ;6 ;0 ;82 ;
113 ;0 ;11 ;1 ;0 ;169 ;
113 ;0 ;11 ;2 ;0 ;228 ;
113 ;0 ;11 ;3 ;0 ;75 ;
113 ;0 ;11 ;4 ;0 ;117 ;
113 ;0 ;11 ;5 ;0 ;236 ;
113 ;0 ;11 ;6 ;0 ;2 ;
115 ;0 ;0 ;1 ;0 ;221 ;
115 ;0 ;0 ;2 ;0 ;98 ;
115 ;0 ;0 ;3 ;0 ;224 ;
115 ;0 ;0 ;4 ;0 ;202 ;
115 ;0 ;0 ;5 ;0 ;231 ;
115 ;0 ;1 ;1 ;0 ;100 ;
115 ;0 ;1 ;2 ;0 ;87 ;
115 ;0 ;1 ;3 ;0 ;130 ;
115 ;0 ;1 ;4 ;0 ;93 ;
115 ;0 ;1 ;5 ;0 ;138 ;
115 ;0 ;1 ;6 ;0 ;53 ;
115 ;0 ;2 ;1 ;0 ;209 ;
115 ;0 ;2 ;2 ;0 ;46 ;
115 ;0 ;2 ;3 ;0 ;141 ;
115 ;0 ;2 ;4 ;0 ;89 ;
115 ;0 ;2 ;5 ;0 ;29 ;
115 ;0 ;2 ;6 ;0 ;216 ;
115 ;0 ;3 ;1 ;0 ;94 ;
115 ;0 ;3 ;2 ;0 ;162 ;
115 ;0 ;3 ;3 ;0 ;111 ;
115 ;0 ;3 ;4 ;0 ;114 ;
115 ;0 ;3 ;5 ;0 ;164 ;
115 ;0 ;3 ;6 ;0 ;5 ;
115 ;0 ;4 ;1 ;0 ;166 ;
115 ;0 ;4 ;2 ;0 ;122 ;
115 ;0 ;4 ;3 ;0 ;212 ;
115 ;0 ;4 ;4 ;0 ;132 ;
115 ;0 ;4 ;5 ;0 ;60 ;
115 ;0 ;4 ;6 ;0 ;177 ;
115 ;0 ;5 ;1 ;0 ;38 ;
115 ;0 ;5 ;2 ;0 ;167 ;
115 ;0 ;5 ;3 ;0 ;206 ;
115 ;0 ;5 ;4 ;0 ;95 ;
115 ;0 ;5 ;5 ;0 ;49 ;
115 ;0 ;5 ;6 ;0 ;65 ;
115 ;0 ;6 ;1 ;0 ;165 ;
115 ;0 ;6 ;2 ;0 ;50 ;
115 ;0 ;6 ;3 ;0 ;4 ;
115 ;0 ;6 ;4 ;0 ;88 ;
115 ;0 ;6 ;5 ;0 ;74 ;
115 ;0 ;6 ;6 ;0 ;218 ;
115 ;0 ;7 ;1 ;0 ;6 ;
115 ;0 ;7 ;2 ;0 ;190 ;
115 ;0 ;7 ;3 ;0 ;226 ;
115 ;0 ;7 ;4 ;0 ;220 ;
115 ;0 ;7 ;5 ;0 ;72 ;
115 ;0 ;7 ;6 ;0 ;115 ;
115 ;0 ;8 ;1 ;0 ;237 ;
115 ;0 ;8 ;2 ;0 ;70 ;
115 ;0 ;8 ;3 ;0 ;106 ;
115 ;0 ;8 ;4 ;0 ;76 ;
115 ;0 ;8 ;5 ;0 ;210 ;
115 ;0 ;8 ;6 ;0 ;67 ;
201 ;0 ;0 ;1 ;0 ;195 ;
201 ;0 ;0 ;2 ;0 ;84 ;
201 ;0 ;0 ;3 ;0 ;139 ;
201 ;0 ;0 ;4 ;0 ;217 ;
201 ;0 ;0 ;5 ;0 ;233 ;
201 ;0 ;1 ;1 ;0 ;175 ;
201 ;0 ;1 ;2 ;0 ;40 ;
201 ;0 ;1 ;3 ;0 ;36 ;
201 ;0 ;1 ;4 ;0 ;11 ;
201 ;0 ;1 ;5 ;0 ;172 ;
201 ;0 ;2 ;1 ;0 ;183 ;
201 ;0 ;2 ;2 ;0 ;112 ;
201 ;0 ;2 ;3 ;0 ;91 ;
201 ;0 ;2 ;4 ;0 ;41 ;
201 ;0 ;2 ;5 ;0 ;150 ;
201 ;0 ;2 ;6 ;0 ;35 ;
201 ;0 ;3 ;1 ;0 ;51 ;
201 ;0 ;3 ;2 ;0 ;13 ;
201 ;0 ;3 ;3 ;0 ;43 ;
201 ;0 ;3 ;4 ;0 ;147 ;
201 ;0 ;3 ;5 ;0 ;126 ;
201 ;0 ;3 ;6 ;0 ;192 ;
201 ;0 ;4 ;1 ;0 ;121 ;
201 ;0 ;4 ;2 ;0 ;7 ;
201 ;0 ;4 ;3 ;0 ;230 ;
201 ;0 ;4 ;4 ;0 ;48 ;
201 ;0 ;4 ;5 ;0 ;71 ;
201 ;0 ;4 ;6 ;0 ;154 ;
201 ;0 ;5 ;1 ;0 ;129 ;
201 ;0 ;5 ;2 ;0 ;68 ;
201 ;0 ;5 ;3 ;0 ;64 ;
201 ;0 ;5 ;4 ;0 ;135 ;
201 ;0 ;5 ;5 ;0 ;201 ;
201 ;0 ;5 ;6 ;0 ;37 ;
201 ;0 ;6 ;1 ;0 ;188 ;
201 ;0 ;6 ;2 ;0 ;8 ;
201 ;0 ;6 ;3 ;0 ;127 ;
201 ;0 ;6 ;4 ;0 ;148 ;
201 ;0 ;6 ;5 ;0 ;73 ;
201 ;0 ;6 ;6 ;0 ;200 ;
201 ;0 ;7 ;1 ;0 ;213 ;
201 ;0 ;7 ;2 ;0 ;184 ;
201 ;0 ;7 ;3 ;0 ;144 ;
201 ;0 ;7 ;4 ;0 ;55 ;
201 ;0 ;7 ;5 ;0 ;199 ;
201 ;0 ;7 ;6 ;0 ;120 ;
204 ;0 ;0 ;1 ;0 ;131 ;
204 ;0 ;0 ;2 ;0 ;108 ;
204 ;0 ;0 ;3 ;0 ;149 ;
204 ;0 ;0 ;4 ;0 ;232 ;
204 ;0 ;0 ;5 ;0 ;86 ;
204 ;0 ;1 ;1 ;0 ;57 ;
204 ;0 ;1 ;2 ;0 ;160 ;
204 ;0 ;1 ;3 ;0 ;83 ;
204 ;0 ;1 ;4 ;0 ;189 ;
204 ;0 ;1 ;5 ;0 ;134 ;
204 ;0 ;2 ;1 ;0 ;234 ;
204 ;0 ;2 ;2 ;0 ;194 ;
204 ;0 ;2 ;3 ;0 ;18 ;
204 ;0 ;2 ;4 ;0 ;22 ;
204 ;0 ;2 ;5 ;0 ;63 ;
204 ;0 ;2 ;6 ;0 ;214 ;
204 ;0 ;3 ;1 ;0 ;137 ;
204 ;0 ;3 ;2 ;0 ;21 ;
204 ;0 ;3 ;3 ;0 ;1 ;
204 ;0 ;3 ;4 ;0 ;229 ;
204 ;0 ;3 ;5 ;0 ;140 ;
204 ;0 ;3 ;6 ;0 ;223 ;
204 ;0 ;4 ;1 ;0 ;207 ;
204 ;0 ;4 ;2 ;0 ;59 ;
204 ;0 ;4 ;3 ;0 ;99 ;
204 ;0 ;4 ;4 ;0 ;227 ;
204 ;0 ;4 ;5 ;0 ;27 ;
204 ;0 ;4 ;6 ;0 ;179 ;
207 ;0 ;0 ;2 ;0 ;84 ;
207 ;0 ;0 ;3 ;0 ;139 ;
207 ;0 ;0 ;4 ;0 ;217 ;
207 ;0 ;0 ;5 ;0 ;183 ;
207 ;0 ;1 ;2 ;0 ;233 ;
207 ;0 ;1 ;3 ;0 ;37 ;
207 ;0 ;1 ;4 ;0 ;175 ;
207 ;0 ;1 ;5 ;0 ;112 ;
207 ;0 ;2 ;1 ;0 ;35 ;
207 ;0 ;2 ;2 ;0 ;36 ;
207 ;0 ;2 ;3 ;0 ;40 ;
207 ;0 ;2 ;4 ;0 ;51 ;
207 ;0 ;2 ;5 ;0 ;11 ;
207 ;0 ;2 ;6 ;0 ;172 ;
207 ;0 ;3 ;1 ;0 ;150 ;
207 ;0 ;3 ;2 ;0 ;13 ;
207 ;0 ;3 ;3 ;0 ;147 ;
207 ;0 ;3 ;4 ;0 ;200 ;
207 ;0 ;3 ;5 ;0 ;126 ;
207 ;0 ;3 ;6 ;0 ;225 ;
207 ;0 ;4 ;1 ;0 ;7 ;
207 ;0 ;4 ;2 ;0 ;48 ;
207 ;0 ;4 ;3 ;0 ;213 ;
207 ;0 ;4 ;4 ;0 ;71 ;
207 ;0 ;4 ;5 ;0 ;192 ;
207 ;0 ;4 ;6 ;0 ;8 ;
207 ;0 ;5 ;1 ;0 ;129 ;
207 ;0 ;5 ;2 ;0 ;68 ;
207 ;0 ;5 ;3 ;0 ;64 ;
207 ;0 ;5 ;4 ;0 ;135 ;
207 ;0 ;5 ;5 ;0 ;201 ;
207 ;0 ;5 ;6 ;0 ;41 ;
207 ;0 ;6 ;1 ;0 ;73 ;
207 ;0 ;6 ;2 ;0 ;148 ;
207 ;0 ;6 ;3 ;0 ;127 ;
207 ;0 ;6 ;4 ;0 ;188 ;
207 ;0 ;6 ;5 ;0 ;154 ;
207 ;0 ;6 ;6 ;0 ;230 ;
207 ;0 ;7 ;1 ;0 ;121 ;
207 ;0 ;7 ;2 ;0 ;144 ;
207 ;0 ;7 ;3 ;0 ;55 ;
207 ;0 ;7 ;4 ;0 ;120 ;
207 ;0 ;7 ;5 ;0 ;199 ;
207 ;0 ;7 ;6 ;0 ;184 ;
210 ;0 ;0 ;2 ;0 ;108 ;
210 ;0 ;0 ;3 ;0 ;232 ;
210 ;0 ;0 ;4 ;0 ;86 ;
210 ;0 ;0 ;5 ;0 ;223 ;
210 ;0 ;1 ;2 ;0 ;134 ;
210 ;0 ;1 ;3 ;0 ;189 ;
210 ;0 ;1 ;4 ;0 ;207 ;
210 ;0 ;1 ;5 ;0 ;227 ;
210 ;0 ;2 ;1 ;0 ;234 ;
210 ;0 ;2 ;2 ;0 ;18 ;
210 ;0 ;2 ;3 ;0 ;63 ;
210 ;0 ;2 ;4 ;0 ;22 ;
210 ;0 ;2 ;5 ;0 ;160 ;
210 ;0 ;2 ;6 ;0 ;131 ;
210 ;0 ;3 ;1 ;0 ;21 ;
210 ;0 ;3 ;2 ;0 ;229 ;
210 ;0 ;3 ;3 ;0 ;1 ;
210 ;0 ;3 ;4 ;0 ;137 ;
210 ;0 ;3 ;5 ;0 ;140 ;
210 ;0 ;3 ;6 ;0 ;149 ;
210 ;0 ;4 ;1 ;0 ;59 ;
210 ;0 ;4 ;2 ;0 ;3 ;
210 ;0 ;4 ;3 ;0 ;179 ;
210 ;0 ;4 ;4 ;0 ;27 ;
210 ;0 ;4 ;5 ;0 ;99 ;
210 ;0 ;4 ;6 ;0 ;83 ;
213 ;0 ;0 ;1 ;0 ;195 ;
213 ;0 ;0 ;2 ;0 ;84 ;
213 ;0 ;0 ;3 ;0 ;139 ;
213 ;0 ;0 ;4 ;0 ;217 ;
213 ;0 ;0 ;5 ;0 ;91 ;
213 ;0 ;1 ;1 ;0 ;233 ;
213 ;0 ;1 ;2 ;0 ;112 ;
213 ;0 ;1 ;3 ;0 ;172 ;
213 ;0 ;1 ;4 ;0 ;35 ;
213 ;0 ;1 ;5 ;0 ;40 ;
213 ;0 ;2 ;1 ;0 ;37 ;
213 ;0 ;2 ;2 ;0 ;183 ;
213 ;0 ;2 ;3 ;0 ;11 ;
213 ;0 ;2 ;4 ;0 ;51 ;
213 ;0 ;2 ;5 ;0 ;36 ;
213 ;0 ;2 ;6 ;0 ;13 ;
213 ;0 ;3 ;1 ;0 ;150 ;
213 ;0 ;3 ;2 ;0 ;7 ;
213 ;0 ;3 ;3 ;0 ;129 ;
213 ;0 ;3 ;4 ;0 ;41 ;
213 ;0 ;3 ;5 ;0 ;184 ;
213 ;0 ;3 ;6 ;0 ;126 ;
213 ;0 ;4 ;1 ;0 ;147 ;
213 ;0 ;4 ;2 ;0 ;225 ;
213 ;0 ;4 ;3 ;0 ;8 ;
213 ;0 ;4 ;4 ;0 ;192 ;
213 ;0 ;4 ;5 ;0 ;71 ;
213 ;0 ;4 ;6 ;0 ;48 ;
213 ;0 ;5 ;1 ;0 ;43 ;
213 ;0 ;5 ;2 ;0 ;135 ;
213 ;0 ;5 ;3 ;0 ;64 ;
213 ;0 ;5 ;4 ;0 ;180 ;
213 ;0 ;5 ;5 ;0 ;68 ;
213 ;0 ;5 ;6 ;0 ;201 ;
213 ;0 ;6 ;1 ;0 ;127 ;
213 ;0 ;6 ;2 ;0 ;148 ;
213 ;0 ;6 ;3 ;0 ;188 ;
213 ;0 ;6 ;4 ;0 ;230 ;
213 ;0 ;6 ;5 ;0 ;73 ;
213 ;0 ;6 ;6 ;0 ;154 ;
213 ;0 ;7 ;1 ;0 ;213 ;
213 ;0 ;7 ;2 ;0 ;144 ;
213 ;0 ;7 ;3 ;0 ;121 ;
213 ;0 ;7 ;4 ;0 ;55 ;
213 ;0 ;7 ;5 ;0 ;199 ;
213 ;0 ;7 ;6 ;0 ;120 ;
216 ;0 ;0 ;1 ;0 ;131 ;
216 ;0 ;0 ;2 ;0 ;108 ;
216 ;0 ;0 ;3 ;0 ;232 ;
216 ;0 ;0 ;4 ;0 ;86 ;
216 ;0 ;0 ;5 ;0 ;57 ;
216 ;0 ;1 ;1 ;0 ;160 ;
216 ;0 ;1 ;2 ;0 ;223 ;
216 ;0 ;1 ;3 ;0 ;189 ;
216 ;0 ;1 ;4 ;0 ;134 ;
216 ;0 ;1 ;5 ;0 ;27 ;
216 ;0 ;1 ;6 ;0 ;207 ;
216 ;0 ;2 ;1 ;0 ;234 ;
216 ;0 ;2 ;2 ;0 ;22 ;
216 ;0 ;2 ;3 ;0 ;63 ;
216 ;0 ;2 ;4 ;0 ;18 ;
216 ;0 ;2 ;5 ;0 ;194 ;
216 ;0 ;2 ;6 ;0 ;214 ;
216 ;0 ;3 ;1 ;0 ;140 ;
216 ;0 ;3 ;2 ;0 ;21 ;
216 ;0 ;3 ;3 ;0 ;1 ;
216 ;0 ;3 ;4 ;0 ;229 ;
216 ;0 ;3 ;5 ;0 ;149 ;
216 ;0 ;3 ;6 ;0 ;137 ;
216 ;0 ;4 ;1 ;0 ;227 ;
216 ;0 ;4 ;2 ;0 ;99 ;
216 ;0 ;4 ;3 ;0 ;3 ;
216 ;0 ;4 ;4 ;0 ;59 ;
216 ;0 ;4 ;5 ;0 ;179 ;
216 ;0 ;4 ;6 ;0 ;83 ;
219 ;0 ;0 ;2 ;0 ;195 ;
219 ;0 ;0 ;3 ;0 ;51 ;
219 ;0 ;0 ;4 ;0 ;84 ;
219 ;0 ;1 ;2 ;0 ;183 ;
219 ;0 ;1 ;3 ;0 ;91 ;
219 ;0 ;1 ;4 ;0 ;233 ;
219 ;0 ;1 ;5 ;0 ;35 ;
219 ;0 ;2 ;1 ;0 ;172 ;
219 ;0 ;2 ;2 ;0 ;41 ;
219 ;0 ;2 ;3 ;0 ;112 ;
219 ;0 ;2 ;4 ;0 ;40 ;
219 ;0 ;2 ;5 ;0 ;36 ;
219 ;0 ;2 ;6 ;0 ;147 ;
219 ;0 ;3 ;1 ;0 ;7 ;
219 ;0 ;3 ;2 ;0 ;126 ;
219 ;0 ;3 ;3 ;0 ;188 ;
219 ;0 ;3 ;4 ;0 ;192 ;
219 ;0 ;3 ;5 ;0 ;71 ;
219 ;0 ;3 ;6 ;0 ;230 ;
219 ;0 ;4 ;1 ;0 ;150 ;
219 ;0 ;4 ;2 ;0 ;201 ;
219 ;0 ;4 ;3 ;0 ;64 ;
219 ;0 ;4 ;4 ;0 ;68 ;
219 ;0 ;4 ;5 ;0 ;135 ;
219 ;0 ;4 ;6 ;0 ;129 ;
219 ;0 ;5 ;1 ;0 ;8 ;
219 ;0 ;5 ;2 ;0 ;127 ;
219 ;0 ;5 ;3 ;0 ;148 ;
219 ;0 ;5 ;4 ;0 ;154 ;
219 ;0 ;5 ;5 ;0 ;48 ;
219 ;0 ;5 ;6 ;0 ;73 ;
219 ;0 ;6 ;1 ;0 ;213 ;
219 ;0 ;6 ;2 ;0 ;199 ;
219 ;0 ;6 ;3 ;0 ;144 ;
219 ;0 ;6 ;4 ;0 ;55 ;
219 ;0 ;6 ;5 ;0 ;120 ;
219 ;0 ;6 ;6 ;0 ;184 ;
222 ;0 ;0 ;1 ;0 ;131 ;
222 ;0 ;0 ;2 ;0 ;234 ;
222 ;0 ;0 ;3 ;0 ;149 ;
222 ;0 ;0 ;4 ;0 ;232 ;
222 ;0 ;0 ;5 ;0 ;86 ;
222 ;0 ;1 ;1 ;0 ;108 ;
222 ;0 ;1 ;2 ;0 ;57 ;
222 ;0 ;1 ;3 ;0 ;189 ;
222 ;0 ;1 ;4 ;0 ;134 ;
222 ;0 ;1 ;5 ;0 ;207 ;
222 ;0 ;2 ;1 ;0 ;214 ;
222 ;0 ;2 ;2 ;0 ;18 ;
222 ;0 ;2 ;3 ;0 ;22 ;
222 ;0 ;2 ;4 ;0 ;63 ;
222 ;0 ;2 ;5 ;0 ;194 ;
222 ;0 ;2 ;6 ;0 ;160 ;
222 ;0 ;3 ;1 ;0 ;1 ;
222 ;0 ;3 ;2 ;0 ;137 ;
222 ;0 ;3 ;3 ;0 ;21 ;
222 ;0 ;3 ;4 ;0 ;229 ;
222 ;0 ;3 ;5 ;0 ;140 ;
222 ;0 ;3 ;6 ;0 ;223 ;
222 ;0 ;4 ;1 ;0 ;83 ;
222 ;0 ;4 ;2 ;0 ;227 ;
222 ;0 ;4 ;3 ;0 ;59 ;
222 ;0 ;4 ;4 ;0 ;3 ;
222 ;0 ;4 ;5 ;0 ;179 ;
222 ;0 ;4 ;6 ;0 ;27 ;
