event; round;heat;lane;relais;idBib;
101 ;0 ;0 ;1 ;0 ;189 ;
101 ;0 ;0 ;2 ;0 ;215 ;
101 ;0 ;0 ;3 ;0 ;109 ;
101 ;0 ;0 ;4 ;0 ;114 ;
101 ;0 ;0 ;5 ;0 ;54 ;
101 ;0 ;1 ;1 ;0 ;116 ;
101 ;0 ;1 ;2 ;0 ;131 ;
101 ;0 ;1 ;3 ;0 ;206 ;
101 ;0 ;1 ;4 ;0 ;128 ;
101 ;0 ;1 ;5 ;0 ;35 ;
101 ;0 ;1 ;6 ;0 ;76 ;
101 ;0 ;2 ;1 ;0 ;127 ;
101 ;0 ;2 ;2 ;0 ;63 ;
101 ;0 ;2 ;3 ;0 ;82 ;
101 ;0 ;2 ;4 ;0 ;202 ;
101 ;0 ;2 ;5 ;0 ;169 ;
101 ;0 ;2 ;6 ;0 ;166 ;
101 ;0 ;3 ;1 ;0 ;182 ;
101 ;0 ;3 ;2 ;0 ;89 ;
101 ;0 ;3 ;3 ;0 ;102 ;
101 ;0 ;3 ;4 ;0 ;106 ;
101 ;0 ;3 ;5 ;0 ;18 ;
101 ;0 ;3 ;6 ;0 ;144 ;
101 ;0 ;4 ;1 ;0 ;33 ;
101 ;0 ;4 ;2 ;0 ;38 ;
101 ;0 ;4 ;3 ;0 ;141 ;
101 ;0 ;4 ;4 ;0 ;86 ;
101 ;0 ;4 ;5 ;0 ;34 ;
101 ;0 ;4 ;6 ;0 ;104 ;
101 ;0 ;5 ;1 ;0 ;178 ;
101 ;0 ;5 ;2 ;0 ;9 ;
101 ;0 ;5 ;3 ;0 ;138 ;
101 ;0 ;5 ;4 ;0 ;150 ;
101 ;0 ;5 ;5 ;0 ;190 ;
101 ;0 ;5 ;6 ;0 ;125 ;
101 ;0 ;6 ;1 ;0 ;107 ;
101 ;0 ;6 ;2 ;0 ;53 ;
101 ;0 ;6 ;3 ;0 ;168 ;
101 ;0 ;6 ;4 ;0 ;19 ;
101 ;0 ;6 ;5 ;0 ;75 ;
101 ;0 ;6 ;6 ;0 ;135 ;
101 ;0 ;7 ;1 ;0 ;2 ;
101 ;0 ;7 ;2 ;0 ;213 ;
101 ;0 ;7 ;3 ;0 ;83 ;
101 ;0 ;7 ;4 ;0 ;164 ;
101 ;0 ;7 ;5 ;0 ;42 ;
101 ;0 ;7 ;6 ;0 ;105 ;
101 ;0 ;8 ;1 ;0 ;22 ;
101 ;0 ;8 ;2 ;0 ;85 ;
101 ;0 ;8 ;3 ;0 ;103 ;
101 ;0 ;8 ;4 ;0 ;16 ;
101 ;0 ;8 ;5 ;0 ;184 ;
101 ;0 ;8 ;6 ;0 ;87 ;
101 ;0 ;9 ;1 ;0 ;209 ;
101 ;0 ;9 ;2 ;0 ;5 ;
101 ;0 ;9 ;3 ;0 ;88 ;
101 ;0 ;9 ;4 ;0 ;191 ;
101 ;0 ;9 ;5 ;0 ;122 ;
101 ;0 ;9 ;6 ;0 ;163 ;
101 ;0 ;10 ;1 ;0 ;46 ;
101 ;0 ;10 ;2 ;0 ;126 ;
101 ;0 ;10 ;3 ;0 ;30 ;
101 ;0 ;10 ;4 ;0 ;101 ;
101 ;0 ;10 ;5 ;0 ;219 ;
101 ;0 ;10 ;6 ;0 ;160 ;
101 ;0 ;11 ;1 ;0 ;174 ;
101 ;0 ;11 ;2 ;0 ;41 ;
101 ;0 ;11 ;3 ;0 ;72 ;
101 ;0 ;11 ;4 ;0 ;26 ;
101 ;0 ;11 ;5 ;0 ;142 ;
101 ;0 ;11 ;6 ;0 ;68 ;
101 ;0 ;12 ;1 ;0 ;198 ;
101 ;0 ;12 ;2 ;0 ;23 ;
101 ;0 ;12 ;3 ;0 ;211 ;
101 ;0 ;12 ;4 ;0 ;176 ;
101 ;0 ;12 ;5 ;0 ;165 ;
101 ;0 ;12 ;6 ;0 ;207 ;
101 ;0 ;13 ;1 ;0 ;201 ;
101 ;0 ;13 ;2 ;0 ;84 ;
101 ;0 ;13 ;3 ;0 ;187 ;
101 ;0 ;13 ;4 ;0 ;171 ;
101 ;0 ;13 ;5 ;0 ;6 ;
101 ;0 ;13 ;6 ;0 ;49 ;
101 ;0 ;14 ;1 ;0 ;185 ;
101 ;0 ;14 ;2 ;0 ;36 ;
101 ;0 ;14 ;3 ;0 ;13 ;
101 ;0 ;14 ;4 ;0 ;108 ;
101 ;0 ;14 ;5 ;0 ;139 ;
101 ;0 ;14 ;6 ;0 ;73 ;
101 ;0 ;15 ;1 ;0 ;156 ;
101 ;0 ;15 ;2 ;0 ;59 ;
101 ;0 ;15 ;3 ;0 ;55 ;
101 ;0 ;15 ;4 ;0 ;77 ;
101 ;0 ;15 ;5 ;0 ;153 ;
101 ;0 ;15 ;6 ;0 ;71 ;
101 ;0 ;16 ;1 ;0 ;134 ;
101 ;0 ;16 ;2 ;0 ;115 ;
101 ;0 ;16 ;3 ;0 ;199 ;
101 ;0 ;16 ;4 ;0 ;147 ;
101 ;0 ;16 ;5 ;0 ;203 ;
101 ;0 ;16 ;6 ;0 ;57 ;
101 ;0 ;17 ;1 ;0 ;65 ;
101 ;0 ;17 ;2 ;0 ;214 ;
101 ;0 ;17 ;3 ;0 ;200 ;
101 ;0 ;17 ;4 ;0 ;62 ;
101 ;0 ;17 ;5 ;0 ;31 ;
101 ;0 ;17 ;6 ;0 ;197 ;
101 ;0 ;18 ;1 ;0 ;15 ;
101 ;0 ;18 ;2 ;0 ;110 ;
101 ;0 ;18 ;3 ;0 ;167 ;
101 ;0 ;18 ;4 ;0 ;43 ;
101 ;0 ;18 ;5 ;0 ;67 ;
101 ;0 ;18 ;6 ;0 ;205 ;
101 ;0 ;19 ;1 ;0 ;152 ;
101 ;0 ;19 ;2 ;0 ;37 ;
101 ;0 ;19 ;3 ;0 ;194 ;
101 ;0 ;19 ;4 ;0 ;81 ;
101 ;0 ;19 ;5 ;0 ;7 ;
101 ;0 ;19 ;6 ;0 ;173 ;
103 ;0 ;0 ;2 ;0 ;74 ;
103 ;0 ;0 ;3 ;0 ;14 ;
103 ;0 ;0 ;4 ;0 ;217 ;
103 ;0 ;0 ;5 ;0 ;195 ;
103 ;0 ;1 ;1 ;0 ;192 ;
103 ;0 ;1 ;2 ;0 ;94 ;
103 ;0 ;1 ;3 ;0 ;210 ;
103 ;0 ;1 ;4 ;0 ;119 ;
103 ;0 ;1 ;5 ;0 ;111 ;
103 ;0 ;2 ;1 ;0 ;25 ;
103 ;0 ;2 ;2 ;0 ;181 ;
103 ;0 ;2 ;3 ;0 ;51 ;
103 ;0 ;2 ;4 ;0 ;93 ;
103 ;0 ;2 ;5 ;0 ;143 ;
103 ;0 ;2 ;6 ;0 ;58 ;
103 ;0 ;3 ;1 ;0 ;29 ;
103 ;0 ;3 ;2 ;0 ;218 ;
103 ;0 ;3 ;3 ;0 ;50 ;
103 ;0 ;3 ;4 ;0 ;48 ;
103 ;0 ;3 ;5 ;0 ;39 ;
103 ;0 ;3 ;6 ;0 ;40 ;
103 ;0 ;4 ;1 ;0 ;140 ;
103 ;0 ;4 ;2 ;0 ;21 ;
103 ;0 ;4 ;3 ;0 ;158 ;
103 ;0 ;4 ;4 ;0 ;124 ;
103 ;0 ;4 ;5 ;0 ;92 ;
103 ;0 ;4 ;6 ;0 ;118 ;
103 ;0 ;5 ;1 ;0 ;129 ;
103 ;0 ;5 ;2 ;0 ;96 ;
103 ;0 ;5 ;3 ;0 ;204 ;
103 ;0 ;5 ;4 ;0 ;137 ;
103 ;0 ;5 ;5 ;0 ;17 ;
103 ;0 ;5 ;6 ;0 ;120 ;
103 ;0 ;6 ;1 ;0 ;8 ;
103 ;0 ;6 ;2 ;0 ;155 ;
103 ;0 ;6 ;3 ;0 ;99 ;
103 ;0 ;6 ;4 ;0 ;177 ;
103 ;0 ;6 ;5 ;0 ;186 ;
103 ;0 ;6 ;6 ;0 ;56 ;
103 ;0 ;7 ;1 ;0 ;117 ;
103 ;0 ;7 ;2 ;0 ;100 ;
103 ;0 ;7 ;3 ;0 ;69 ;
103 ;0 ;7 ;4 ;0 ;95 ;
103 ;0 ;7 ;5 ;0 ;136 ;
103 ;0 ;7 ;6 ;0 ;151 ;
103 ;0 ;8 ;1 ;0 ;20 ;
103 ;0 ;8 ;2 ;0 ;61 ;
103 ;0 ;8 ;3 ;0 ;130 ;
103 ;0 ;8 ;4 ;0 ;216 ;
103 ;0 ;8 ;5 ;0 ;208 ;
103 ;0 ;8 ;6 ;0 ;66 ;
103 ;0 ;9 ;1 ;0 ;3 ;
103 ;0 ;9 ;2 ;0 ;80 ;
103 ;0 ;9 ;3 ;0 ;188 ;
103 ;0 ;9 ;4 ;0 ;149 ;
103 ;0 ;9 ;5 ;0 ;183 ;
103 ;0 ;9 ;6 ;0 ;133 ;
103 ;0 ;10 ;1 ;0 ;98 ;
103 ;0 ;10 ;2 ;0 ;148 ;
103 ;0 ;10 ;3 ;0 ;196 ;
103 ;0 ;10 ;4 ;0 ;145 ;
103 ;0 ;10 ;5 ;0 ;60 ;
103 ;0 ;10 ;6 ;0 ;175 ;
103 ;0 ;11 ;1 ;0 ;193 ;
103 ;0 ;11 ;2 ;0 ;28 ;
103 ;0 ;11 ;3 ;0 ;64 ;
103 ;0 ;11 ;4 ;0 ;180 ;
103 ;0 ;11 ;5 ;0 ;78 ;
103 ;0 ;11 ;6 ;0 ;47 ;
103 ;0 ;12 ;1 ;0 ;170 ;
103 ;0 ;12 ;2 ;0 ;172 ;
103 ;0 ;12 ;3 ;0 ;52 ;
103 ;0 ;12 ;4 ;0 ;154 ;
103 ;0 ;12 ;5 ;0 ;79 ;
103 ;0 ;12 ;6 ;0 ;179 ;
105 ;0 ;0 ;1 ;0 ;189 ;
105 ;0 ;0 ;2 ;0 ;215 ;
105 ;0 ;0 ;3 ;0 ;76 ;
105 ;0 ;0 ;4 ;0 ;213 ;
105 ;0 ;0 ;5 ;0 ;206 ;
105 ;0 ;1 ;1 ;0 ;109 ;
105 ;0 ;1 ;2 ;0 ;116 ;
105 ;0 ;1 ;3 ;0 ;131 ;
105 ;0 ;1 ;4 ;0 ;33 ;
105 ;0 ;1 ;5 ;0 ;35 ;
105 ;0 ;2 ;1 ;0 ;54 ;
105 ;0 ;2 ;2 ;0 ;114 ;
105 ;0 ;2 ;3 ;0 ;82 ;
105 ;0 ;2 ;4 ;0 ;169 ;
105 ;0 ;2 ;5 ;0 ;141 ;
105 ;0 ;2 ;6 ;0 ;86 ;
105 ;0 ;3 ;1 ;0 ;9 ;
105 ;0 ;3 ;2 ;0 ;75 ;
105 ;0 ;3 ;3 ;0 ;190 ;
105 ;0 ;3 ;4 ;0 ;168 ;
105 ;0 ;3 ;5 ;0 ;127 ;
105 ;0 ;3 ;6 ;0 ;38 ;
105 ;0 ;4 ;1 ;0 ;106 ;
105 ;0 ;4 ;2 ;0 ;63 ;
105 ;0 ;4 ;3 ;0 ;84 ;
105 ;0 ;4 ;4 ;0 ;18 ;
105 ;0 ;4 ;5 ;0 ;19 ;
105 ;0 ;4 ;6 ;0 ;202 ;
105 ;0 ;5 ;1 ;0 ;138 ;
105 ;0 ;5 ;2 ;0 ;182 ;
105 ;0 ;5 ;3 ;0 ;128 ;
105 ;0 ;5 ;4 ;0 ;150 ;
105 ;0 ;5 ;5 ;0 ;199 ;
105 ;0 ;5 ;6 ;0 ;104 ;
105 ;0 ;6 ;1 ;0 ;22 ;
105 ;0 ;6 ;2 ;0 ;174 ;
105 ;0 ;6 ;3 ;0 ;53 ;
105 ;0 ;6 ;4 ;0 ;126 ;
105 ;0 ;6 ;5 ;0 ;144 ;
105 ;0 ;6 ;6 ;0 ;178 ;
105 ;0 ;7 ;1 ;0 ;135 ;
105 ;0 ;7 ;2 ;0 ;42 ;
105 ;0 ;7 ;3 ;0 ;102 ;
105 ;0 ;7 ;4 ;0 ;34 ;
105 ;0 ;7 ;5 ;0 ;85 ;
105 ;0 ;7 ;6 ;0 ;156 ;
105 ;0 ;8 ;1 ;0 ;163 ;
105 ;0 ;8 ;2 ;0 ;219 ;
105 ;0 ;8 ;3 ;0 ;5 ;
105 ;0 ;8 ;4 ;0 ;57 ;
105 ;0 ;8 ;5 ;0 ;147 ;
105 ;0 ;8 ;6 ;0 ;164 ;
105 ;0 ;9 ;1 ;0 ;139 ;
105 ;0 ;9 ;2 ;0 ;209 ;
105 ;0 ;9 ;3 ;0 ;122 ;
105 ;0 ;9 ;4 ;0 ;166 ;
105 ;0 ;9 ;5 ;0 ;191 ;
105 ;0 ;9 ;6 ;0 ;198 ;
105 ;0 ;10 ;1 ;0 ;2 ;
105 ;0 ;10 ;2 ;0 ;197 ;
105 ;0 ;10 ;3 ;0 ;125 ;
105 ;0 ;10 ;4 ;0 ;88 ;
105 ;0 ;10 ;5 ;0 ;121 ;
105 ;0 ;10 ;6 ;0 ;26 ;
105 ;0 ;11 ;1 ;0 ;105 ;
105 ;0 ;11 ;2 ;0 ;41 ;
105 ;0 ;11 ;3 ;0 ;23 ;
105 ;0 ;11 ;4 ;0 ;176 ;
105 ;0 ;11 ;5 ;0 ;107 ;
105 ;0 ;11 ;6 ;0 ;87 ;
105 ;0 ;12 ;1 ;0 ;72 ;
105 ;0 ;12 ;2 ;0 ;160 ;
105 ;0 ;12 ;3 ;0 ;211 ;
105 ;0 ;12 ;4 ;0 ;46 ;
105 ;0 ;12 ;5 ;0 ;142 ;
105 ;0 ;12 ;6 ;0 ;13 ;
105 ;0 ;13 ;1 ;0 ;101 ;
105 ;0 ;13 ;2 ;0 ;67 ;
105 ;0 ;13 ;3 ;0 ;185 ;
105 ;0 ;13 ;4 ;0 ;207 ;
105 ;0 ;13 ;5 ;0 ;205 ;
105 ;0 ;13 ;6 ;0 ;30 ;
105 ;0 ;14 ;1 ;0 ;15 ;
105 ;0 ;14 ;2 ;0 ;73 ;
105 ;0 ;14 ;3 ;0 ;173 ;
105 ;0 ;14 ;4 ;0 ;43 ;
105 ;0 ;14 ;5 ;0 ;167 ;
105 ;0 ;14 ;6 ;0 ;108 ;
105 ;0 ;15 ;1 ;0 ;59 ;
105 ;0 ;15 ;2 ;0 ;7 ;
105 ;0 ;15 ;3 ;0 ;77 ;
105 ;0 ;15 ;4 ;0 ;55 ;
105 ;0 ;15 ;5 ;0 ;153 ;
105 ;0 ;15 ;6 ;0 ;71 ;
105 ;0 ;16 ;1 ;0 ;103 ;
105 ;0 ;16 ;2 ;0 ;203 ;
105 ;0 ;16 ;3 ;0 ;115 ;
105 ;0 ;16 ;4 ;0 ;16 ;
105 ;0 ;16 ;5 ;0 ;134 ;
105 ;0 ;16 ;6 ;0 ;184 ;
105 ;0 ;17 ;1 ;0 ;200 ;
105 ;0 ;17 ;2 ;0 ;62 ;
105 ;0 ;17 ;3 ;0 ;68 ;
105 ;0 ;17 ;4 ;0 ;65 ;
105 ;0 ;17 ;5 ;0 ;31 ;
105 ;0 ;17 ;6 ;0 ;214 ;
105 ;0 ;18 ;1 ;0 ;171 ;
105 ;0 ;18 ;2 ;0 ;90 ;
105 ;0 ;18 ;3 ;0 ;201 ;
105 ;0 ;18 ;4 ;0 ;110 ;
105 ;0 ;18 ;5 ;0 ;6 ;
105 ;0 ;18 ;6 ;0 ;36 ;
105 ;0 ;19 ;1 ;0 ;37 ;
105 ;0 ;19 ;2 ;0 ;194 ;
105 ;0 ;19 ;3 ;0 ;81 ;
105 ;0 ;19 ;4 ;0 ;91 ;
105 ;0 ;19 ;5 ;0 ;1 ;
105 ;0 ;19 ;6 ;0 ;152 ;
107 ;0 ;0 ;2 ;0 ;14 ;
107 ;0 ;0 ;3 ;0 ;217 ;
107 ;0 ;0 ;4 ;0 ;192 ;
107 ;0 ;0 ;5 ;0 ;133 ;
107 ;0 ;1 ;1 ;0 ;218 ;
107 ;0 ;1 ;2 ;0 ;175 ;
107 ;0 ;1 ;3 ;0 ;29 ;
107 ;0 ;1 ;4 ;0 ;25 ;
107 ;0 ;1 ;5 ;0 ;48 ;
107 ;0 ;2 ;1 ;0 ;3 ;
107 ;0 ;2 ;2 ;0 ;119 ;
107 ;0 ;2 ;3 ;0 ;124 ;
107 ;0 ;2 ;4 ;0 ;51 ;
107 ;0 ;2 ;5 ;0 ;137 ;
107 ;0 ;2 ;6 ;0 ;143 ;
107 ;0 ;3 ;1 ;0 ;58 ;
107 ;0 ;3 ;2 ;0 ;158 ;
107 ;0 ;3 ;3 ;0 ;96 ;
107 ;0 ;3 ;4 ;0 ;20 ;
107 ;0 ;3 ;5 ;0 ;80 ;
107 ;0 ;3 ;6 ;0 ;117 ;
107 ;0 ;4 ;1 ;0 ;69 ;
107 ;0 ;4 ;2 ;0 ;61 ;
107 ;0 ;4 ;3 ;0 ;21 ;
107 ;0 ;4 ;4 ;0 ;177 ;
107 ;0 ;4 ;5 ;0 ;32 ;
107 ;0 ;4 ;6 ;0 ;17 ;
107 ;0 ;5 ;1 ;0 ;161 ;
107 ;0 ;5 ;2 ;0 ;93 ;
107 ;0 ;5 ;3 ;0 ;188 ;
107 ;0 ;5 ;4 ;0 ;56 ;
107 ;0 ;5 ;5 ;0 ;78 ;
107 ;0 ;5 ;6 ;0 ;157 ;
107 ;0 ;6 ;1 ;0 ;118 ;
107 ;0 ;6 ;2 ;0 ;92 ;
107 ;0 ;6 ;3 ;0 ;216 ;
107 ;0 ;6 ;4 ;0 ;204 ;
107 ;0 ;6 ;5 ;0 ;66 ;
107 ;0 ;6 ;6 ;0 ;40 ;
107 ;0 ;7 ;1 ;0 ;149 ;
107 ;0 ;7 ;2 ;0 ;50 ;
107 ;0 ;7 ;3 ;0 ;183 ;
107 ;0 ;7 ;4 ;0 ;39 ;
107 ;0 ;7 ;5 ;0 ;99 ;
107 ;0 ;7 ;6 ;0 ;95 ;
107 ;0 ;8 ;1 ;0 ;60 ;
107 ;0 ;8 ;2 ;0 ;196 ;
107 ;0 ;8 ;3 ;0 ;145 ;
107 ;0 ;8 ;4 ;0 ;186 ;
107 ;0 ;8 ;5 ;0 ;136 ;
107 ;0 ;8 ;6 ;0 ;151 ;
107 ;0 ;9 ;1 ;0 ;193 ;
107 ;0 ;9 ;2 ;0 ;113 ;
107 ;0 ;9 ;3 ;0 ;180 ;
107 ;0 ;9 ;4 ;0 ;64 ;
107 ;0 ;9 ;5 ;0 ;47 ;
107 ;0 ;9 ;6 ;0 ;28 ;
107 ;0 ;10 ;1 ;0 ;170 ;
107 ;0 ;10 ;2 ;0 ;79 ;
107 ;0 ;10 ;3 ;0 ;172 ;
107 ;0 ;10 ;4 ;0 ;52 ;
107 ;0 ;10 ;5 ;0 ;179 ;
107 ;0 ;10 ;6 ;0 ;154 ;
109 ;0 ;0 ;1 ;0 ;189 ;
109 ;0 ;0 ;2 ;0 ;215 ;
109 ;0 ;0 ;3 ;0 ;213 ;
109 ;0 ;0 ;4 ;0 ;206 ;
109 ;0 ;0 ;5 ;0 ;104 ;
109 ;0 ;0 ;6 ;0 ;116 ;
109 ;0 ;1 ;1 ;0 ;114 ;
109 ;0 ;1 ;2 ;0 ;63 ;
109 ;0 ;1 ;3 ;0 ;102 ;
109 ;0 ;1 ;4 ;0 ;128 ;
109 ;0 ;1 ;5 ;0 ;9 ;
109 ;0 ;1 ;6 ;0 ;76 ;
109 ;0 ;2 ;1 ;0 ;82 ;
109 ;0 ;2 ;2 ;0 ;169 ;
109 ;0 ;2 ;3 ;0 ;19 ;
109 ;0 ;2 ;4 ;0 ;141 ;
109 ;0 ;2 ;5 ;0 ;191 ;
109 ;0 ;2 ;6 ;0 ;89 ;
109 ;0 ;3 ;1 ;0 ;106 ;
109 ;0 ;3 ;2 ;0 ;18 ;
109 ;0 ;3 ;3 ;0 ;138 ;
109 ;0 ;3 ;4 ;0 ;42 ;
109 ;0 ;3 ;5 ;0 ;35 ;
109 ;0 ;3 ;6 ;0 ;147 ;
109 ;0 ;4 ;1 ;0 ;163 ;
109 ;0 ;4 ;2 ;0 ;46 ;
109 ;0 ;4 ;3 ;0 ;122 ;
109 ;0 ;4 ;4 ;0 ;90 ;
109 ;0 ;4 ;5 ;0 ;184 ;
109 ;0 ;4 ;6 ;0 ;103 ;
109 ;0 ;5 ;1 ;0 ;131 ;
109 ;0 ;5 ;2 ;0 ;135 ;
109 ;0 ;5 ;3 ;0 ;126 ;
109 ;0 ;5 ;4 ;0 ;107 ;
109 ;0 ;5 ;5 ;0 ;166 ;
109 ;0 ;5 ;6 ;0 ;219 ;
109 ;0 ;6 ;1 ;0 ;33 ;
109 ;0 ;6 ;2 ;0 ;144 ;
109 ;0 ;6 ;3 ;0 ;127 ;
109 ;0 ;6 ;4 ;0 ;62 ;
109 ;0 ;6 ;5 ;0 ;85 ;
109 ;0 ;6 ;6 ;0 ;2 ;
109 ;0 ;7 ;1 ;0 ;150 ;
109 ;0 ;7 ;2 ;0 ;83 ;
109 ;0 ;7 ;3 ;0 ;87 ;
109 ;0 ;7 ;4 ;0 ;182 ;
109 ;0 ;7 ;5 ;0 ;125 ;
109 ;0 ;7 ;6 ;0 ;57 ;
109 ;0 ;8 ;1 ;0 ;134 ;
109 ;0 ;8 ;2 ;0 ;164 ;
109 ;0 ;8 ;3 ;0 ;211 ;
109 ;0 ;8 ;4 ;0 ;5 ;
109 ;0 ;8 ;5 ;0 ;34 ;
109 ;0 ;8 ;6 ;0 ;75 ;
109 ;0 ;9 ;1 ;0 ;160 ;
109 ;0 ;9 ;2 ;0 ;142 ;
109 ;0 ;9 ;3 ;0 ;198 ;
109 ;0 ;9 ;4 ;0 ;22 ;
109 ;0 ;9 ;5 ;0 ;67 ;
109 ;0 ;9 ;6 ;0 ;168 ;
109 ;0 ;10 ;1 ;0 ;41 ;
109 ;0 ;10 ;2 ;0 ;121 ;
109 ;0 ;10 ;3 ;0 ;72 ;
109 ;0 ;10 ;4 ;0 ;105 ;
109 ;0 ;10 ;5 ;0 ;31 ;
109 ;0 ;10 ;6 ;0 ;101 ;
109 ;0 ;11 ;1 ;0 ;84 ;
109 ;0 ;11 ;2 ;0 ;205 ;
109 ;0 ;11 ;3 ;0 ;207 ;
109 ;0 ;11 ;4 ;0 ;139 ;
109 ;0 ;11 ;5 ;0 ;201 ;
109 ;0 ;11 ;6 ;0 ;49 ;
109 ;0 ;12 ;1 ;0 ;43 ;
109 ;0 ;12 ;2 ;0 ;23 ;
109 ;0 ;12 ;3 ;0 ;185 ;
109 ;0 ;12 ;4 ;0 ;26 ;
109 ;0 ;12 ;5 ;0 ;171 ;
109 ;0 ;12 ;6 ;0 ;174 ;
109 ;0 ;13 ;1 ;0 ;187 ;
109 ;0 ;13 ;2 ;0 ;6 ;
109 ;0 ;13 ;3 ;0 ;55 ;
109 ;0 ;13 ;4 ;0 ;165 ;
109 ;0 ;13 ;5 ;0 ;71 ;
109 ;0 ;13 ;6 ;0 ;59 ;
109 ;0 ;14 ;1 ;0 ;37 ;
109 ;0 ;14 ;2 ;0 ;108 ;
109 ;0 ;14 ;3 ;0 ;152 ;
109 ;0 ;14 ;4 ;0 ;91 ;
109 ;0 ;14 ;5 ;0 ;77 ;
109 ;0 ;14 ;6 ;0 ;153 ;
109 ;0 ;15 ;1 ;0 ;16 ;
109 ;0 ;15 ;2 ;0 ;199 ;
109 ;0 ;15 ;3 ;0 ;53 ;
109 ;0 ;15 ;4 ;0 ;115 ;
109 ;0 ;15 ;5 ;0 ;38 ;
109 ;0 ;15 ;6 ;0 ;203 ;
109 ;0 ;16 ;1 ;0 ;65 ;
109 ;0 ;16 ;2 ;0 ;209 ;
109 ;0 ;16 ;3 ;0 ;200 ;
109 ;0 ;16 ;4 ;0 ;68 ;
109 ;0 ;16 ;5 ;0 ;214 ;
109 ;0 ;16 ;6 ;0 ;197 ;
109 ;0 ;17 ;1 ;0 ;110 ;
109 ;0 ;17 ;2 ;0 ;86 ;
109 ;0 ;17 ;3 ;0 ;167 ;
109 ;0 ;17 ;4 ;0 ;88 ;
109 ;0 ;17 ;5 ;0 ;36 ;
109 ;0 ;17 ;6 ;0 ;176 ;
109 ;0 ;18 ;1 ;0 ;13 ;
109 ;0 ;18 ;2 ;0 ;81 ;
109 ;0 ;18 ;3 ;0 ;173 ;
109 ;0 ;18 ;4 ;0 ;194 ;
109 ;0 ;18 ;5 ;0 ;156 ;
109 ;0 ;18 ;6 ;0 ;1 ;
111 ;0 ;0 ;2 ;0 ;24 ;
111 ;0 ;0 ;3 ;0 ;27 ;
111 ;0 ;0 ;4 ;0 ;14 ;
111 ;0 ;1 ;2 ;0 ;94 ;
111 ;0 ;1 ;3 ;0 ;210 ;
111 ;0 ;1 ;4 ;0 ;195 ;
111 ;0 ;1 ;5 ;0 ;112 ;
111 ;0 ;2 ;1 ;0 ;8 ;
111 ;0 ;2 ;2 ;0 ;120 ;
111 ;0 ;2 ;3 ;0 ;117 ;
111 ;0 ;2 ;4 ;0 ;155 ;
111 ;0 ;2 ;5 ;0 ;140 ;
111 ;0 ;2 ;6 ;0 ;129 ;
111 ;0 ;3 ;1 ;0 ;51 ;
111 ;0 ;3 ;2 ;0 ;25 ;
111 ;0 ;3 ;3 ;0 ;29 ;
111 ;0 ;3 ;4 ;0 ;218 ;
111 ;0 ;3 ;5 ;0 ;119 ;
111 ;0 ;3 ;6 ;0 ;3 ;
111 ;0 ;4 ;1 ;0 ;111 ;
111 ;0 ;4 ;2 ;0 ;181 ;
111 ;0 ;4 ;3 ;0 ;58 ;
111 ;0 ;4 ;4 ;0 ;192 ;
111 ;0 ;4 ;5 ;0 ;48 ;
111 ;0 ;4 ;6 ;0 ;208 ;
111 ;0 ;5 ;1 ;0 ;158 ;
111 ;0 ;5 ;2 ;0 ;143 ;
111 ;0 ;5 ;3 ;0 ;96 ;
111 ;0 ;5 ;4 ;0 ;137 ;
111 ;0 ;5 ;5 ;0 ;69 ;
111 ;0 ;5 ;6 ;0 ;133 ;
111 ;0 ;6 ;1 ;0 ;21 ;
111 ;0 ;6 ;2 ;0 ;61 ;
111 ;0 ;6 ;3 ;0 ;175 ;
111 ;0 ;6 ;4 ;0 ;124 ;
111 ;0 ;6 ;5 ;0 ;99 ;
111 ;0 ;6 ;6 ;0 ;161 ;
111 ;0 ;7 ;1 ;0 ;148 ;
111 ;0 ;7 ;2 ;0 ;130 ;
111 ;0 ;7 ;3 ;0 ;40 ;
111 ;0 ;7 ;4 ;0 ;92 ;
111 ;0 ;7 ;5 ;0 ;80 ;
111 ;0 ;7 ;6 ;0 ;32 ;
111 ;0 ;8 ;1 ;0 ;188 ;
111 ;0 ;8 ;2 ;0 ;93 ;
111 ;0 ;8 ;3 ;0 ;136 ;
111 ;0 ;8 ;4 ;0 ;95 ;
111 ;0 ;8 ;5 ;0 ;157 ;
111 ;0 ;8 ;6 ;0 ;113 ;
111 ;0 ;9 ;1 ;0 ;17 ;
111 ;0 ;9 ;2 ;0 ;66 ;
111 ;0 ;9 ;3 ;0 ;216 ;
111 ;0 ;9 ;4 ;0 ;204 ;
111 ;0 ;9 ;5 ;0 ;118 ;
111 ;0 ;9 ;6 ;0 ;20 ;
111 ;0 ;10 ;1 ;0 ;39 ;
111 ;0 ;10 ;2 ;0 ;149 ;
111 ;0 ;10 ;3 ;0 ;183 ;
111 ;0 ;10 ;4 ;0 ;50 ;
111 ;0 ;10 ;5 ;0 ;100 ;
111 ;0 ;10 ;6 ;0 ;177 ;
111 ;0 ;11 ;1 ;0 ;186 ;
111 ;0 ;11 ;2 ;0 ;196 ;
111 ;0 ;11 ;3 ;0 ;145 ;
111 ;0 ;11 ;4 ;0 ;56 ;
111 ;0 ;11 ;5 ;0 ;60 ;
111 ;0 ;11 ;6 ;0 ;151 ;
111 ;0 ;12 ;1 ;0 ;28 ;
111 ;0 ;12 ;2 ;0 ;193 ;
111 ;0 ;12 ;3 ;0 ;180 ;
111 ;0 ;12 ;4 ;0 ;47 ;
111 ;0 ;12 ;5 ;0 ;64 ;
111 ;0 ;12 ;6 ;0 ;78 ;
111 ;0 ;13 ;1 ;0 ;79 ;
111 ;0 ;13 ;2 ;0 ;179 ;
111 ;0 ;13 ;3 ;0 ;172 ;
111 ;0 ;13 ;4 ;0 ;52 ;
111 ;0 ;13 ;5 ;0 ;154 ;
111 ;0 ;13 ;6 ;0 ;170 ;
113 ;0 ;0 ;2 ;0 ;189 ;
113 ;0 ;0 ;3 ;0 ;182 ;
113 ;0 ;0 ;4 ;0 ;106 ;
113 ;0 ;1 ;2 ;0 ;215 ;
113 ;0 ;1 ;3 ;0 ;76 ;
113 ;0 ;1 ;4 ;0 ;202 ;
113 ;0 ;1 ;5 ;0 ;53 ;
113 ;0 ;2 ;1 ;0 ;190 ;
113 ;0 ;2 ;2 ;0 ;214 ;
113 ;0 ;2 ;3 ;0 ;22 ;
113 ;0 ;2 ;4 ;0 ;213 ;
113 ;0 ;2 ;5 ;0 ;176 ;
113 ;0 ;2 ;6 ;0 ;26 ;
113 ;0 ;3 ;1 ;0 ;206 ;
113 ;0 ;3 ;2 ;0 ;35 ;
113 ;0 ;3 ;3 ;0 ;46 ;
113 ;0 ;3 ;4 ;0 ;116 ;
113 ;0 ;3 ;5 ;0 ;131 ;
113 ;0 ;3 ;6 ;0 ;33 ;
113 ;0 ;4 ;1 ;0 ;138 ;
113 ;0 ;4 ;2 ;0 ;147 ;
113 ;0 ;4 ;3 ;0 ;104 ;
113 ;0 ;4 ;4 ;0 ;82 ;
113 ;0 ;4 ;5 ;0 ;19 ;
113 ;0 ;4 ;6 ;0 ;103 ;
113 ;0 ;5 ;1 ;0 ;18 ;
113 ;0 ;5 ;2 ;0 ;54 ;
113 ;0 ;5 ;3 ;0 ;141 ;
113 ;0 ;5 ;4 ;0 ;38 ;
113 ;0 ;5 ;5 ;0 ;127 ;
113 ;0 ;5 ;6 ;0 ;34 ;
113 ;0 ;6 ;1 ;0 ;135 ;
113 ;0 ;6 ;2 ;0 ;75 ;
113 ;0 ;6 ;3 ;0 ;174 ;
113 ;0 ;6 ;4 ;0 ;144 ;
113 ;0 ;6 ;5 ;0 ;42 ;
113 ;0 ;6 ;6 ;0 ;125 ;
113 ;0 ;7 ;1 ;0 ;121 ;
113 ;0 ;7 ;2 ;0 ;199 ;
113 ;0 ;7 ;3 ;0 ;107 ;
113 ;0 ;7 ;4 ;0 ;122 ;
113 ;0 ;7 ;5 ;0 ;169 ;
113 ;0 ;7 ;6 ;0 ;163 ;
113 ;0 ;8 ;1 ;0 ;2 ;
113 ;0 ;8 ;2 ;0 ;88 ;
113 ;0 ;8 ;3 ;0 ;85 ;
113 ;0 ;8 ;4 ;0 ;126 ;
113 ;0 ;8 ;5 ;0 ;211 ;
113 ;0 ;8 ;6 ;0 ;102 ;
113 ;0 ;9 ;1 ;0 ;23 ;
113 ;0 ;9 ;2 ;0 ;191 ;
113 ;0 ;9 ;3 ;0 ;219 ;
113 ;0 ;9 ;4 ;0 ;87 ;
113 ;0 ;9 ;5 ;0 ;201 ;
113 ;0 ;9 ;6 ;0 ;41 ;
113 ;0 ;10 ;1 ;0 ;168 ;
113 ;0 ;10 ;2 ;0 ;68 ;
113 ;0 ;10 ;3 ;0 ;142 ;
113 ;0 ;10 ;4 ;0 ;197 ;
113 ;0 ;10 ;5 ;0 ;207 ;
113 ;0 ;10 ;6 ;0 ;198 ;
113 ;0 ;11 ;1 ;0 ;164 ;
113 ;0 ;11 ;2 ;0 ;139 ;
113 ;0 ;11 ;3 ;0 ;101 ;
113 ;0 ;11 ;4 ;0 ;185 ;
113 ;0 ;11 ;5 ;0 ;105 ;
113 ;0 ;11 ;6 ;0 ;165 ;
113 ;0 ;12 ;1 ;0 ;205 ;
113 ;0 ;12 ;2 ;0 ;67 ;
113 ;0 ;12 ;3 ;0 ;187 ;
113 ;0 ;12 ;4 ;0 ;49 ;
113 ;0 ;12 ;5 ;0 ;108 ;
113 ;0 ;12 ;6 ;0 ;84 ;
113 ;0 ;13 ;1 ;0 ;156 ;
113 ;0 ;13 ;2 ;0 ;1 ;
113 ;0 ;13 ;3 ;0 ;110 ;
113 ;0 ;13 ;4 ;0 ;73 ;
113 ;0 ;13 ;5 ;0 ;13 ;
113 ;0 ;13 ;6 ;0 ;37 ;
113 ;0 ;14 ;1 ;0 ;36 ;
113 ;0 ;14 ;2 ;0 ;30 ;
113 ;0 ;14 ;3 ;0 ;55 ;
113 ;0 ;14 ;4 ;0 ;71 ;
113 ;0 ;14 ;5 ;0 ;77 ;
113 ;0 ;14 ;6 ;0 ;153 ;
113 ;0 ;15 ;1 ;0 ;184 ;
113 ;0 ;15 ;2 ;0 ;57 ;
113 ;0 ;15 ;3 ;0 ;115 ;
113 ;0 ;15 ;4 ;0 ;134 ;
113 ;0 ;15 ;5 ;0 ;16 ;
113 ;0 ;15 ;6 ;0 ;203 ;
113 ;0 ;16 ;1 ;0 ;160 ;
113 ;0 ;16 ;2 ;0 ;31 ;
113 ;0 ;16 ;3 ;0 ;200 ;
113 ;0 ;16 ;4 ;0 ;65 ;
113 ;0 ;16 ;5 ;0 ;72 ;
113 ;0 ;16 ;6 ;0 ;209 ;
113 ;0 ;17 ;1 ;0 ;86 ;
113 ;0 ;17 ;2 ;0 ;167 ;
113 ;0 ;17 ;3 ;0 ;171 ;
113 ;0 ;17 ;4 ;0 ;6 ;
113 ;0 ;17 ;5 ;0 ;15 ;
113 ;0 ;17 ;6 ;0 ;43 ;
113 ;0 ;18 ;1 ;0 ;194 ;
113 ;0 ;18 ;2 ;0 ;7 ;
113 ;0 ;18 ;3 ;0 ;81 ;
113 ;0 ;18 ;4 ;0 ;173 ;
113 ;0 ;18 ;5 ;0 ;91 ;
113 ;0 ;18 ;6 ;0 ;59 ;
115 ;0 ;0 ;1 ;0 ;21 ;
115 ;0 ;0 ;2 ;0 ;92 ;
115 ;0 ;0 ;3 ;0 ;27 ;
115 ;0 ;0 ;4 ;0 ;14 ;
115 ;0 ;0 ;5 ;0 ;217 ;
115 ;0 ;0 ;6 ;0 ;195 ;
115 ;0 ;1 ;1 ;0 ;192 ;
115 ;0 ;1 ;2 ;0 ;210 ;
115 ;0 ;1 ;3 ;0 ;155 ;
115 ;0 ;1 ;4 ;0 ;29 ;
115 ;0 ;1 ;5 ;0 ;119 ;
115 ;0 ;1 ;6 ;0 ;51 ;
115 ;0 ;2 ;1 ;0 ;218 ;
115 ;0 ;2 ;2 ;0 ;120 ;
115 ;0 ;2 ;3 ;0 ;3 ;
115 ;0 ;2 ;4 ;0 ;140 ;
115 ;0 ;2 ;5 ;0 ;74 ;
115 ;0 ;2 ;6 ;0 ;8 ;
115 ;0 ;3 ;1 ;0 ;117 ;
115 ;0 ;3 ;2 ;0 ;181 ;
115 ;0 ;3 ;3 ;0 ;112 ;
115 ;0 ;3 ;4 ;0 ;61 ;
115 ;0 ;3 ;5 ;0 ;25 ;
115 ;0 ;3 ;6 ;0 ;111 ;
115 ;0 ;4 ;1 ;0 ;143 ;
115 ;0 ;4 ;2 ;0 ;118 ;
115 ;0 ;4 ;3 ;0 ;48 ;
115 ;0 ;4 ;4 ;0 ;58 ;
115 ;0 ;4 ;5 ;0 ;133 ;
115 ;0 ;4 ;6 ;0 ;96 ;
115 ;0 ;5 ;1 ;0 ;130 ;
115 ;0 ;5 ;2 ;0 ;129 ;
115 ;0 ;5 ;3 ;0 ;136 ;
115 ;0 ;5 ;4 ;0 ;69 ;
115 ;0 ;5 ;5 ;0 ;100 ;
115 ;0 ;5 ;6 ;0 ;137 ;
115 ;0 ;6 ;1 ;0 ;66 ;
115 ;0 ;6 ;2 ;0 ;20 ;
115 ;0 ;6 ;3 ;0 ;93 ;
115 ;0 ;6 ;4 ;0 ;177 ;
115 ;0 ;6 ;5 ;0 ;80 ;
115 ;0 ;6 ;6 ;0 ;99 ;
115 ;0 ;7 ;1 ;0 ;161 ;
115 ;0 ;7 ;2 ;0 ;151 ;
115 ;0 ;7 ;3 ;0 ;175 ;
115 ;0 ;7 ;4 ;0 ;32 ;
115 ;0 ;7 ;5 ;0 ;157 ;
115 ;0 ;7 ;6 ;0 ;113 ;
115 ;0 ;8 ;1 ;0 ;40 ;
115 ;0 ;8 ;2 ;0 ;17 ;
115 ;0 ;8 ;3 ;0 ;204 ;
115 ;0 ;8 ;4 ;0 ;216 ;
115 ;0 ;8 ;5 ;0 ;124 ;
115 ;0 ;8 ;6 ;0 ;158 ;
115 ;0 ;9 ;1 ;0 ;39 ;
115 ;0 ;9 ;2 ;0 ;183 ;
115 ;0 ;9 ;3 ;0 ;188 ;
115 ;0 ;9 ;4 ;0 ;149 ;
115 ;0 ;9 ;5 ;0 ;95 ;
115 ;0 ;9 ;6 ;0 ;50 ;
115 ;0 ;10 ;1 ;0 ;145 ;
115 ;0 ;10 ;2 ;0 ;196 ;
115 ;0 ;10 ;3 ;0 ;60 ;
115 ;0 ;10 ;4 ;0 ;98 ;
115 ;0 ;10 ;5 ;0 ;186 ;
115 ;0 ;10 ;6 ;0 ;56 ;
115 ;0 ;11 ;1 ;0 ;47 ;
115 ;0 ;11 ;2 ;0 ;78 ;
115 ;0 ;11 ;3 ;0 ;180 ;
115 ;0 ;11 ;4 ;0 ;193 ;
115 ;0 ;11 ;5 ;0 ;28 ;
115 ;0 ;11 ;6 ;0 ;64 ;
115 ;0 ;12 ;1 ;0 ;170 ;
115 ;0 ;12 ;2 ;0 ;154 ;
115 ;0 ;12 ;3 ;0 ;172 ;
115 ;0 ;12 ;4 ;0 ;79 ;
115 ;0 ;12 ;5 ;0 ;52 ;
115 ;0 ;12 ;6 ;0 ;179 ;
