event; round;heat;lane;relais;idBib;
101 ;0 ;0 ;1 ;0 ;111 ;
101 ;0 ;0 ;2 ;0 ;353 ;
101 ;0 ;0 ;3 ;0 ;253 ;
101 ;0 ;0 ;4 ;0 ;389 ;
101 ;0 ;0 ;5 ;0 ;237 ;
101 ;0 ;0 ;6 ;0 ;294 ;
101 ;0 ;0 ;7 ;0 ;302 ;
101 ;0 ;1 ;1 ;0 ;287 ;
101 ;0 ;1 ;2 ;0 ;384 ;
101 ;0 ;1 ;3 ;0 ;336 ;
101 ;0 ;1 ;4 ;0 ;324 ;
101 ;0 ;1 ;5 ;0 ;40 ;
101 ;0 ;1 ;6 ;0 ;348 ;
101 ;0 ;1 ;7 ;0 ;103 ;
101 ;0 ;1 ;8 ;0 ;124 ;
101 ;0 ;2 ;1 ;0 ;152 ;
101 ;0 ;2 ;2 ;0 ;250 ;
101 ;0 ;2 ;3 ;0 ;149 ;
101 ;0 ;2 ;4 ;0 ;157 ;
101 ;0 ;2 ;5 ;0 ;318 ;
101 ;0 ;2 ;6 ;0 ;45 ;
101 ;0 ;2 ;7 ;0 ;182 ;
101 ;0 ;2 ;8 ;0 ;313 ;
101 ;0 ;3 ;1 ;0 ;386 ;
101 ;0 ;3 ;2 ;0 ;382 ;
101 ;0 ;3 ;3 ;0 ;240 ;
101 ;0 ;3 ;4 ;0 ;71 ;
101 ;0 ;3 ;5 ;0 ;401 ;
101 ;0 ;3 ;6 ;0 ;340 ;
101 ;0 ;3 ;7 ;0 ;201 ;
101 ;0 ;3 ;8 ;0 ;125 ;
101 ;0 ;4 ;1 ;0 ;290 ;
101 ;0 ;4 ;2 ;0 ;188 ;
101 ;0 ;4 ;3 ;0 ;104 ;
101 ;0 ;4 ;4 ;0 ;279 ;
101 ;0 ;4 ;5 ;0 ;299 ;
101 ;0 ;4 ;6 ;0 ;217 ;
101 ;0 ;4 ;7 ;0 ;286 ;
101 ;0 ;4 ;8 ;0 ;169 ;
101 ;0 ;5 ;1 ;0 ;128 ;
101 ;0 ;5 ;2 ;0 ;156 ;
101 ;0 ;5 ;3 ;0 ;110 ;
101 ;0 ;5 ;4 ;0 ;236 ;
101 ;0 ;5 ;5 ;0 ;233 ;
101 ;0 ;5 ;6 ;0 ;377 ;
101 ;0 ;5 ;7 ;0 ;267 ;
101 ;0 ;5 ;8 ;0 ;31 ;
102 ;0 ;0 ;1 ;0 ;61 ;
102 ;0 ;0 ;2 ;0 ;360 ;
102 ;0 ;0 ;3 ;0 ;405 ;
102 ;0 ;0 ;4 ;0 ;162 ;
102 ;0 ;0 ;5 ;0 ;213 ;
102 ;0 ;0 ;6 ;0 ;398 ;
102 ;0 ;0 ;7 ;0 ;133 ;
102 ;0 ;1 ;1 ;0 ;397 ;
102 ;0 ;1 ;2 ;0 ;376 ;
102 ;0 ;1 ;3 ;0 ;312 ;
102 ;0 ;1 ;4 ;0 ;379 ;
102 ;0 ;1 ;5 ;0 ;119 ;
102 ;0 ;1 ;6 ;0 ;260 ;
102 ;0 ;1 ;7 ;0 ;354 ;
102 ;0 ;2 ;1 ;0 ;307 ;
102 ;0 ;2 ;2 ;0 ;139 ;
102 ;0 ;2 ;3 ;0 ;88 ;
102 ;0 ;2 ;4 ;0 ;81 ;
102 ;0 ;2 ;5 ;0 ;358 ;
102 ;0 ;2 ;6 ;0 ;309 ;
102 ;0 ;2 ;7 ;0 ;187 ;
102 ;0 ;2 ;8 ;0 ;355 ;
102 ;0 ;3 ;1 ;0 ;314 ;
102 ;0 ;3 ;2 ;0 ;195 ;
102 ;0 ;3 ;3 ;0 ;308 ;
102 ;0 ;3 ;4 ;0 ;212 ;
102 ;0 ;3 ;5 ;0 ;84 ;
102 ;0 ;3 ;6 ;0 ;135 ;
102 ;0 ;3 ;7 ;0 ;238 ;
102 ;0 ;3 ;8 ;0 ;373 ;
102 ;0 ;4 ;1 ;0 ;305 ;
102 ;0 ;4 ;2 ;0 ;60 ;
102 ;0 ;4 ;3 ;0 ;37 ;
102 ;0 ;4 ;4 ;0 ;72 ;
102 ;0 ;4 ;5 ;0 ;58 ;
102 ;0 ;4 ;6 ;0 ;197 ;
102 ;0 ;4 ;7 ;0 ;167 ;
102 ;0 ;4 ;8 ;0 ;357 ;
102 ;0 ;5 ;1 ;0 ;315 ;
102 ;0 ;5 ;2 ;0 ;231 ;
102 ;0 ;5 ;3 ;0 ;234 ;
102 ;0 ;5 ;4 ;0 ;99 ;
102 ;0 ;5 ;5 ;0 ;214 ;
102 ;0 ;5 ;6 ;0 ;166 ;
102 ;0 ;5 ;7 ;0 ;85 ;
102 ;0 ;5 ;8 ;0 ;80 ;
103 ;0 ;0 ;3 ;0 ;30 ;
103 ;0 ;0 ;4 ;0 ;158 ;
103 ;0 ;0 ;5 ;0 ;189 ;
103 ;0 ;0 ;6 ;0 ;265 ;
103 ;0 ;0 ;7 ;0 ;331 ;
103 ;0 ;1 ;2 ;0 ;297 ;
103 ;0 ;1 ;3 ;0 ;303 ;
103 ;0 ;1 ;4 ;0 ;52 ;
103 ;0 ;1 ;5 ;0 ;216 ;
103 ;0 ;1 ;6 ;0 ;365 ;
103 ;0 ;1 ;7 ;0 ;382 ;
103 ;0 ;2 ;1 ;0 ;114 ;
103 ;0 ;2 ;2 ;0 ;132 ;
103 ;0 ;2 ;3 ;0 ;177 ;
103 ;0 ;2 ;4 ;0 ;381 ;
103 ;0 ;2 ;5 ;0 ;383 ;
103 ;0 ;2 ;6 ;0 ;253 ;
103 ;0 ;2 ;7 ;0 ;291 ;
103 ;0 ;2 ;8 ;0 ;271 ;
103 ;0 ;3 ;1 ;0 ;272 ;
103 ;0 ;3 ;2 ;0 ;185 ;
103 ;0 ;3 ;3 ;0 ;219 ;
103 ;0 ;3 ;4 ;0 ;256 ;
103 ;0 ;3 ;5 ;0 ;396 ;
103 ;0 ;3 ;6 ;0 ;124 ;
103 ;0 ;3 ;7 ;0 ;74 ;
103 ;0 ;3 ;8 ;0 ;318 ;
103 ;0 ;4 ;1 ;0 ;348 ;
103 ;0 ;4 ;2 ;0 ;147 ;
103 ;0 ;4 ;3 ;0 ;107 ;
103 ;0 ;4 ;4 ;0 ;296 ;
103 ;0 ;4 ;5 ;0 ;121 ;
103 ;0 ;4 ;6 ;0 ;406 ;
103 ;0 ;4 ;7 ;0 ;150 ;
103 ;0 ;4 ;8 ;0 ;293 ;
104 ;0 ;0 ;1 ;0 ;261 ;
104 ;0 ;0 ;2 ;0 ;394 ;
104 ;0 ;0 ;3 ;0 ;28 ;
104 ;0 ;0 ;4 ;0 ;163 ;
104 ;0 ;0 ;5 ;0 ;266 ;
104 ;0 ;0 ;6 ;0 ;301 ;
104 ;0 ;0 ;7 ;0 ;376 ;
104 ;0 ;1 ;1 ;0 ;244 ;
104 ;0 ;1 ;2 ;0 ;312 ;
104 ;0 ;1 ;3 ;0 ;375 ;
104 ;0 ;1 ;4 ;0 ;355 ;
104 ;0 ;1 ;5 ;0 ;343 ;
104 ;0 ;1 ;6 ;0 ;224 ;
104 ;0 ;1 ;7 ;0 ;206 ;
104 ;0 ;1 ;8 ;0 ;327 ;
104 ;0 ;2 ;1 ;0 ;277 ;
104 ;0 ;2 ;2 ;0 ;66 ;
104 ;0 ;2 ;3 ;0 ;276 ;
104 ;0 ;2 ;4 ;0 ;358 ;
104 ;0 ;2 ;5 ;0 ;63 ;
104 ;0 ;2 ;6 ;0 ;310 ;
104 ;0 ;2 ;7 ;0 ;239 ;
104 ;0 ;2 ;8 ;0 ;154 ;
104 ;0 ;3 ;1 ;0 ;119 ;
104 ;0 ;3 ;2 ;0 ;320 ;
104 ;0 ;3 ;3 ;0 ;211 ;
104 ;0 ;3 ;4 ;0 ;342 ;
104 ;0 ;3 ;5 ;0 ;83 ;
104 ;0 ;3 ;6 ;0 ;88 ;
104 ;0 ;3 ;7 ;0 ;95 ;
104 ;0 ;3 ;8 ;0 ;178 ;
104 ;0 ;4 ;1 ;0 ;55 ;
104 ;0 ;4 ;2 ;0 ;141 ;
104 ;0 ;4 ;3 ;0 ;87 ;
104 ;0 ;4 ;4 ;0 ;56 ;
104 ;0 ;4 ;5 ;0 ;398 ;
104 ;0 ;4 ;6 ;0 ;226 ;
104 ;0 ;4 ;7 ;0 ;175 ;
104 ;0 ;4 ;8 ;0 ;134 ;
104 ;0 ;5 ;1 ;0 ;101 ;
104 ;0 ;5 ;2 ;0 ;81 ;
104 ;0 ;5 ;3 ;0 ;305 ;
104 ;0 ;5 ;4 ;0 ;80 ;
104 ;0 ;5 ;5 ;0 ;162 ;
104 ;0 ;5 ;6 ;0 ;123 ;
104 ;0 ;5 ;7 ;0 ;414 ;
104 ;0 ;5 ;8 ;0 ;235 ;
105 ;0 ;0 ;1 ;0 ;362 ;
105 ;0 ;0 ;2 ;0 ;43 ;
105 ;0 ;0 ;3 ;0 ;69 ;
105 ;0 ;0 ;4 ;0 ;76 ;
105 ;0 ;0 ;5 ;0 ;62 ;
105 ;0 ;0 ;6 ;0 ;285 ;
105 ;0 ;0 ;7 ;0 ;35 ;
105 ;0 ;0 ;8 ;0 ;269 ;
105 ;0 ;1 ;1 ;0 ;131 ;
105 ;0 ;1 ;2 ;0 ;200 ;
105 ;0 ;1 ;3 ;0 ;158 ;
105 ;0 ;1 ;4 ;0 ;216 ;
105 ;0 ;1 ;5 ;0 ;126 ;
105 ;0 ;1 ;6 ;0 ;248 ;
105 ;0 ;1 ;7 ;0 ;250 ;
105 ;0 ;1 ;8 ;0 ;182 ;
105 ;0 ;2 ;1 ;0 ;334 ;
105 ;0 ;2 ;2 ;0 ;259 ;
105 ;0 ;2 ;3 ;0 ;129 ;
105 ;0 ;2 ;4 ;0 ;404 ;
105 ;0 ;2 ;5 ;0 ;108 ;
105 ;0 ;2 ;6 ;0 ;249 ;
105 ;0 ;2 ;7 ;0 ;247 ;
105 ;0 ;2 ;8 ;0 ;198 ;
106 ;0 ;0 ;1 ;0 ;97 ;
106 ;0 ;0 ;2 ;0 ;312 ;
106 ;0 ;0 ;3 ;0 ;347 ;
106 ;0 ;0 ;4 ;0 ;251 ;
106 ;0 ;0 ;5 ;0 ;314 ;
106 ;0 ;0 ;6 ;0 ;266 ;
106 ;0 ;0 ;7 ;0 ;242 ;
106 ;0 ;1 ;1 ;0 ;133 ;
106 ;0 ;1 ;2 ;0 ;159 ;
106 ;0 ;1 ;3 ;0 ;367 ;
106 ;0 ;1 ;4 ;0 ;68 ;
106 ;0 ;1 ;5 ;0 ;366 ;
106 ;0 ;1 ;6 ;0 ;73 ;
106 ;0 ;1 ;7 ;0 ;84 ;
106 ;0 ;2 ;1 ;0 ;168 ;
106 ;0 ;2 ;2 ;0 ;218 ;
106 ;0 ;2 ;3 ;0 ;252 ;
106 ;0 ;2 ;4 ;0 ;172 ;
106 ;0 ;2 ;5 ;0 ;61 ;
106 ;0 ;2 ;6 ;0 ;373 ;
106 ;0 ;2 ;7 ;0 ;89 ;
106 ;0 ;2 ;8 ;0 ;310 ;
106 ;0 ;3 ;1 ;0 ;197 ;
106 ;0 ;3 ;2 ;0 ;360 ;
106 ;0 ;3 ;3 ;0 ;58 ;
106 ;0 ;3 ;4 ;0 ;238 ;
106 ;0 ;3 ;5 ;0 ;88 ;
106 ;0 ;3 ;6 ;0 ;397 ;
106 ;0 ;3 ;7 ;0 ;274 ;
106 ;0 ;3 ;8 ;0 ;325 ;
106 ;0 ;4 ;1 ;0 ;139 ;
106 ;0 ;4 ;2 ;0 ;308 ;
106 ;0 ;4 ;3 ;0 ;134 ;
106 ;0 ;4 ;4 ;0 ;166 ;
106 ;0 ;4 ;5 ;0 ;54 ;
106 ;0 ;4 ;6 ;0 ;379 ;
106 ;0 ;4 ;7 ;0 ;229 ;
106 ;0 ;4 ;8 ;0 ;37 ;
106 ;0 ;5 ;1 ;0 ;167 ;
106 ;0 ;5 ;2 ;0 ;136 ;
106 ;0 ;5 ;3 ;0 ;85 ;
106 ;0 ;5 ;4 ;0 ;326 ;
106 ;0 ;5 ;5 ;0 ;99 ;
106 ;0 ;5 ;6 ;0 ;231 ;
106 ;0 ;5 ;7 ;0 ;319 ;
106 ;0 ;5 ;8 ;0 ;355 ;
107 ;0 ;0 ;3 ;0 ;111 ;
107 ;0 ;0 ;4 ;0 ;353 ;
107 ;0 ;0 ;5 ;0 ;219 ;
107 ;0 ;0 ;6 ;0 ;203 ;
107 ;0 ;0 ;7 ;0 ;316 ;
107 ;0 ;1 ;2 ;0 ;362 ;
107 ;0 ;1 ;3 ;0 ;371 ;
107 ;0 ;1 ;4 ;0 ;384 ;
107 ;0 ;1 ;5 ;0 ;335 ;
107 ;0 ;1 ;6 ;0 ;372 ;
107 ;0 ;1 ;7 ;0 ;216 ;
107 ;0 ;2 ;1 ;0 ;77 ;
107 ;0 ;2 ;2 ;0 ;334 ;
107 ;0 ;2 ;3 ;0 ;269 ;
107 ;0 ;2 ;4 ;0 ;382 ;
107 ;0 ;2 ;5 ;0 ;302 ;
107 ;0 ;2 ;6 ;0 ;131 ;
107 ;0 ;2 ;7 ;0 ;112 ;
107 ;0 ;2 ;8 ;0 ;65 ;
107 ;0 ;3 ;1 ;0 ;46 ;
107 ;0 ;3 ;2 ;0 ;217 ;
107 ;0 ;3 ;3 ;0 ;69 ;
107 ;0 ;3 ;4 ;0 ;182 ;
107 ;0 ;3 ;5 ;0 ;157 ;
107 ;0 ;3 ;6 ;0 ;365 ;
107 ;0 ;3 ;7 ;0 ;71 ;
107 ;0 ;3 ;8 ;0 ;268 ;
107 ;0 ;4 ;1 ;0 ;294 ;
107 ;0 ;4 ;2 ;0 ;179 ;
107 ;0 ;4 ;3 ;0 ;207 ;
107 ;0 ;4 ;4 ;0 ;259 ;
107 ;0 ;4 ;5 ;0 ;198 ;
107 ;0 ;4 ;6 ;0 ;240 ;
107 ;0 ;4 ;7 ;0 ;150 ;
107 ;0 ;4 ;8 ;0 ;267 ;
107 ;0 ;5 ;1 ;0 ;313 ;
107 ;0 ;5 ;2 ;0 ;287 ;
107 ;0 ;5 ;3 ;0 ;336 ;
107 ;0 ;5 ;4 ;0 ;147 ;
107 ;0 ;5 ;5 ;0 ;380 ;
107 ;0 ;5 ;6 ;0 ;282 ;
107 ;0 ;5 ;7 ;0 ;169 ;
107 ;0 ;5 ;8 ;0 ;356 ;
107 ;0 ;6 ;1 ;0 ;359 ;
107 ;0 ;6 ;2 ;0 ;125 ;
107 ;0 ;6 ;3 ;0 ;233 ;
107 ;0 ;6 ;4 ;0 ;288 ;
107 ;0 ;6 ;5 ;0 ;149 ;
107 ;0 ;6 ;6 ;0 ;401 ;
107 ;0 ;6 ;7 ;0 ;279 ;
107 ;0 ;6 ;8 ;0 ;328 ;
108 ;0 ;0 ;1 ;0 ;119 ;
108 ;0 ;0 ;2 ;0 ;86 ;
108 ;0 ;0 ;3 ;0 ;146 ;
108 ;0 ;0 ;4 ;0 ;295 ;
108 ;0 ;0 ;5 ;0 ;339 ;
108 ;0 ;0 ;6 ;0 ;82 ;
108 ;0 ;0 ;8 ;0 ;151 ;
108 ;0 ;1 ;1 ;0 ;388 ;
108 ;0 ;1 ;2 ;0 ;78 ;
108 ;0 ;1 ;3 ;0 ;317 ;
108 ;0 ;1 ;4 ;0 ;266 ;
108 ;0 ;1 ;5 ;0 ;222 ;
108 ;0 ;1 ;6 ;0 ;168 ;
108 ;0 ;1 ;7 ;0 ;298 ;
108 ;0 ;1 ;8 ;0 ;180 ;
108 ;0 ;2 ;1 ;0 ;218 ;
108 ;0 ;2 ;2 ;0 ;341 ;
108 ;0 ;2 ;3 ;0 ;226 ;
108 ;0 ;2 ;4 ;0 ;155 ;
108 ;0 ;2 ;5 ;0 ;202 ;
108 ;0 ;2 ;6 ;0 ;72 ;
108 ;0 ;2 ;7 ;0 ;89 ;
108 ;0 ;2 ;8 ;0 ;63 ;
108 ;0 ;3 ;1 ;0 ;87 ;
108 ;0 ;3 ;2 ;0 ;139 ;
108 ;0 ;3 ;3 ;0 ;98 ;
108 ;0 ;3 ;4 ;0 ;257 ;
108 ;0 ;3 ;5 ;0 ;309 ;
108 ;0 ;3 ;6 ;0 ;61 ;
108 ;0 ;3 ;7 ;0 ;57 ;
108 ;0 ;3 ;8 ;0 ;208 ;
108 ;0 ;4 ;1 ;0 ;54 ;
108 ;0 ;4 ;2 ;0 ;140 ;
108 ;0 ;4 ;3 ;0 ;122 ;
108 ;0 ;4 ;4 ;0 ;64 ;
108 ;0 ;4 ;5 ;0 ;229 ;
108 ;0 ;4 ;6 ;0 ;319 ;
108 ;0 ;4 ;7 ;0 ;137 ;
108 ;0 ;4 ;8 ;0 ;73 ;
108 ;0 ;5 ;1 ;0 ;392 ;
108 ;0 ;5 ;2 ;0 ;352 ;
108 ;0 ;5 ;3 ;0 ;214 ;
108 ;0 ;5 ;4 ;0 ;315 ;
108 ;0 ;5 ;5 ;0 ;304 ;
108 ;0 ;5 ;6 ;0 ;99 ;
108 ;0 ;5 ;7 ;0 ;354 ;
108 ;0 ;5 ;8 ;0 ;215 ;
109 ;0 ;0 ;1 ;0 ;111 ;
109 ;0 ;0 ;2 ;0 ;353 ;
109 ;0 ;0 ;3 ;0 ;131 ;
109 ;0 ;0 ;4 ;0 ;46 ;
109 ;0 ;0 ;5 ;0 ;365 ;
109 ;0 ;0 ;6 ;0 ;287 ;
109 ;0 ;0 ;7 ;0 ;186 ;
109 ;0 ;0 ;8 ;0 ;406 ;
109 ;0 ;1 ;1 ;0 ;396 ;
109 ;0 ;1 ;2 ;0 ;382 ;
109 ;0 ;1 ;3 ;0 ;177 ;
109 ;0 ;1 ;4 ;0 ;249 ;
109 ;0 ;1 ;5 ;0 ;334 ;
109 ;0 ;1 ;6 ;0 ;152 ;
109 ;0 ;1 ;7 ;0 ;40 ;
109 ;0 ;1 ;8 ;0 ;386 ;
109 ;0 ;2 ;1 ;0 ;290 ;
109 ;0 ;2 ;2 ;0 ;31 ;
109 ;0 ;2 ;3 ;0 ;377 ;
109 ;0 ;2 ;4 ;0 ;121 ;
109 ;0 ;2 ;5 ;0 ;267 ;
109 ;0 ;2 ;6 ;0 ;255 ;
109 ;0 ;2 ;7 ;0 ;124 ;
109 ;0 ;2 ;8 ;0 ;380 ;
121 ;0 ;0 ;1 ;0 ;373 ;
121 ;0 ;0 ;2 ;0 ;214 ;
121 ;0 ;0 ;3 ;0 ;315 ;
121 ;0 ;0 ;4 ;0 ;85 ;
121 ;0 ;0 ;5 ;0 ;234 ;
121 ;0 ;0 ;6 ;0 ;197 ;
121 ;0 ;0 ;7 ;0 ;167 ;
122 ;0 ;0 ;1 ;0 ;240 ;
122 ;0 ;0 ;2 ;0 ;156 ;
122 ;0 ;0 ;3 ;0 ;377 ;
122 ;0 ;0 ;4 ;0 ;236 ;
122 ;0 ;0 ;5 ;0 ;110 ;
122 ;0 ;0 ;6 ;0 ;233 ;
122 ;0 ;0 ;7 ;0 ;299 ;
123 ;0 ;0 ;1 ;0 ;175 ;
123 ;0 ;0 ;2 ;0 ;235 ;
123 ;0 ;0 ;3 ;0 ;305 ;
123 ;0 ;0 ;4 ;0 ;162 ;
123 ;0 ;0 ;5 ;0 ;80 ;
123 ;0 ;0 ;6 ;0 ;123 ;
123 ;0 ;0 ;7 ;0 ;414 ;
123 ;0 ;0 ;8 ;0 ;81 ;
124 ;0 ;0 ;1 ;0 ;348 ;
124 ;0 ;0 ;2 ;0 ;121 ;
124 ;0 ;0 ;3 ;0 ;147 ;
124 ;0 ;0 ;4 ;0 ;296 ;
124 ;0 ;0 ;5 ;0 ;406 ;
124 ;0 ;0 ;6 ;0 ;150 ;
124 ;0 ;0 ;7 ;0 ;107 ;
124 ;0 ;0 ;8 ;0 ;293 ;
125 ;0 ;0 ;1 ;0 ;274 ;
125 ;0 ;0 ;2 ;0 ;167 ;
125 ;0 ;0 ;3 ;0 ;136 ;
125 ;0 ;0 ;4 ;0 ;326 ;
125 ;0 ;0 ;5 ;0 ;99 ;
125 ;0 ;0 ;6 ;0 ;231 ;
125 ;0 ;0 ;7 ;0 ;37 ;
125 ;0 ;0 ;8 ;0 ;379 ;
126 ;0 ;0 ;1 ;0 ;282 ;
126 ;0 ;0 ;2 ;0 ;401 ;
126 ;0 ;0 ;3 ;0 ;279 ;
126 ;0 ;0 ;4 ;0 ;288 ;
126 ;0 ;0 ;5 ;0 ;149 ;
126 ;0 ;0 ;6 ;0 ;240 ;
126 ;0 ;0 ;7 ;0 ;356 ;
126 ;0 ;0 ;8 ;0 ;359 ;
127 ;0 ;0 ;1 ;0 ;137 ;
127 ;0 ;0 ;2 ;0 ;315 ;
127 ;0 ;0 ;3 ;0 ;304 ;
127 ;0 ;0 ;4 ;0 ;99 ;
127 ;0 ;0 ;5 ;0 ;352 ;
127 ;0 ;0 ;6 ;0 ;215 ;
127 ;0 ;0 ;7 ;0 ;354 ;
127 ;0 ;0 ;8 ;0 ;392 ;
128 ;0 ;0 ;1 ;0 ;124 ;
128 ;0 ;0 ;2 ;0 ;249 ;
128 ;0 ;0 ;3 ;0 ;290 ;
128 ;0 ;0 ;4 ;0 ;121 ;
128 ;0 ;0 ;5 ;0 ;377 ;
128 ;0 ;0 ;6 ;0 ;406 ;
128 ;0 ;0 ;7 ;0 ;40 ;
128 ;0 ;0 ;8 ;0 ;255 ;
131 ;0 ;0 ;2 ;0 ;10 ;
131 ;0 ;0 ;3 ;0 ;18 ;
131 ;0 ;0 ;4 ;0 ;27 ;
131 ;0 ;0 ;5 ;0 ;19 ;
131 ;0 ;0 ;6 ;0 ;1 ;
131 ;0 ;0 ;7 ;0 ;25 ;
131 ;0 ;1 ;1 ;0 ;23 ;
131 ;0 ;1 ;2 ;0 ;15 ;
131 ;0 ;1 ;3 ;0 ;21 ;
131 ;0 ;1 ;4 ;0 ;17 ;
131 ;0 ;1 ;5 ;0 ;4 ;
131 ;0 ;1 ;6 ;0 ;8 ;
131 ;0 ;1 ;7 ;0 ;3 ;
132 ;0 ;0 ;3 ;0 ;6 ;
132 ;0 ;0 ;4 ;0 ;26 ;
132 ;0 ;0 ;5 ;0 ;14 ;
132 ;0 ;0 ;6 ;0 ;22 ;
132 ;0 ;0 ;7 ;0 ;24 ;
132 ;0 ;1 ;2 ;0 ;9 ;
132 ;0 ;1 ;3 ;0 ;16 ;
132 ;0 ;1 ;4 ;0 ;7 ;
132 ;0 ;1 ;5 ;0 ;20 ;
132 ;0 ;1 ;6 ;0 ;426 ;
201 ;0 ;0 ;1 ;0 ;35 ;
201 ;0 ;0 ;2 ;0 ;59 ;
201 ;0 ;0 ;3 ;0 ;186 ;
201 ;0 ;0 ;4 ;0 ;369 ;
201 ;0 ;0 ;5 ;0 ;362 ;
201 ;0 ;0 ;6 ;0 ;127 ;
201 ;0 ;0 ;7 ;0 ;200 ;
201 ;0 ;1 ;1 ;0 ;32 ;
201 ;0 ;1 ;2 ;0 ;248 ;
201 ;0 ;1 ;3 ;0 ;250 ;
201 ;0 ;1 ;4 ;0 ;258 ;
201 ;0 ;1 ;5 ;0 ;40 ;
201 ;0 ;1 ;6 ;0 ;285 ;
201 ;0 ;1 ;7 ;0 ;49 ;
201 ;0 ;1 ;8 ;0 ;53 ;
201 ;0 ;2 ;1 ;0 ;410 ;
201 ;0 ;2 ;2 ;0 ;302 ;
201 ;0 ;2 ;3 ;0 ;249 ;
201 ;0 ;2 ;4 ;0 ;113 ;
201 ;0 ;2 ;5 ;0 ;126 ;
201 ;0 ;2 ;6 ;0 ;334 ;
201 ;0 ;2 ;7 ;0 ;158 ;
201 ;0 ;2 ;8 ;0 ;268 ;
201 ;0 ;3 ;1 ;0 ;106 ;
201 ;0 ;3 ;2 ;0 ;270 ;
201 ;0 ;3 ;3 ;0 ;255 ;
201 ;0 ;3 ;4 ;0 ;144 ;
201 ;0 ;3 ;5 ;0 ;259 ;
201 ;0 ;3 ;6 ;0 ;371 ;
201 ;0 ;3 ;7 ;0 ;372 ;
201 ;0 ;3 ;8 ;0 ;269 ;
202 ;0 ;0 ;1 ;0 ;266 ;
202 ;0 ;0 ;2 ;0 ;405 ;
202 ;0 ;0 ;3 ;0 ;226 ;
202 ;0 ;0 ;4 ;0 ;197 ;
202 ;0 ;0 ;5 ;0 ;100 ;
202 ;0 ;0 ;6 ;0 ;310 ;
202 ;0 ;0 ;7 ;0 ;141 ;
202 ;0 ;1 ;1 ;0 ;354 ;
202 ;0 ;1 ;2 ;0 ;307 ;
202 ;0 ;1 ;3 ;0 ;72 ;
202 ;0 ;1 ;4 ;0 ;80 ;
202 ;0 ;1 ;5 ;0 ;304 ;
202 ;0 ;1 ;6 ;0 ;166 ;
202 ;0 ;1 ;7 ;0 ;123 ;
202 ;0 ;1 ;8 ;0 ;397 ;
202 ;0 ;2 ;1 ;0 ;119 ;
202 ;0 ;2 ;2 ;0 ;87 ;
202 ;0 ;2 ;3 ;0 ;79 ;
202 ;0 ;2 ;4 ;0 ;231 ;
202 ;0 ;2 ;5 ;0 ;37 ;
202 ;0 ;2 ;6 ;0 ;60 ;
202 ;0 ;2 ;7 ;0 ;58 ;
202 ;0 ;2 ;8 ;0 ;352 ;
202 ;0 ;3 ;1 ;0 ;308 ;
202 ;0 ;3 ;2 ;0 ;81 ;
202 ;0 ;3 ;3 ;0 ;355 ;
202 ;0 ;3 ;4 ;0 ;85 ;
202 ;0 ;3 ;5 ;0 ;398 ;
202 ;0 ;3 ;6 ;0 ;88 ;
202 ;0 ;3 ;7 ;0 ;309 ;
202 ;0 ;3 ;8 ;0 ;162 ;
204 ;0 ;0 ;1 ;0 ;353 ;
204 ;0 ;0 ;2 ;0 ;287 ;
204 ;0 ;0 ;3 ;0 ;216 ;
204 ;0 ;0 ;4 ;0 ;77 ;
204 ;0 ;0 ;5 ;0 ;302 ;
204 ;0 ;0 ;6 ;0 ;331 ;
204 ;0 ;0 ;7 ;0 ;237 ;
204 ;0 ;1 ;1 ;0 ;402 ;
204 ;0 ;1 ;2 ;0 ;316 ;
204 ;0 ;1 ;3 ;0 ;126 ;
204 ;0 ;1 ;4 ;0 ;62 ;
204 ;0 ;1 ;5 ;0 ;250 ;
204 ;0 ;1 ;6 ;0 ;149 ;
204 ;0 ;1 ;7 ;0 ;403 ;
204 ;0 ;2 ;1 ;0 ;69 ;
204 ;0 ;2 ;2 ;0 ;334 ;
204 ;0 ;2 ;3 ;0 ;217 ;
204 ;0 ;2 ;4 ;0 ;264 ;
204 ;0 ;2 ;5 ;0 ;386 ;
204 ;0 ;2 ;6 ;0 ;247 ;
204 ;0 ;2 ;7 ;0 ;282 ;
204 ;0 ;2 ;8 ;0 ;152 ;
204 ;0 ;3 ;1 ;0 ;125 ;
204 ;0 ;3 ;2 ;0 ;45 ;
204 ;0 ;3 ;3 ;0 ;232 ;
204 ;0 ;3 ;4 ;0 ;404 ;
204 ;0 ;3 ;5 ;0 ;236 ;
204 ;0 ;3 ;6 ;0 ;280 ;
204 ;0 ;3 ;7 ;0 ;182 ;
204 ;0 ;3 ;8 ;0 ;157 ;
205 ;0 ;0 ;2 ;0 ;310 ;
205 ;0 ;0 ;3 ;0 ;155 ;
205 ;0 ;0 ;4 ;0 ;73 ;
205 ;0 ;0 ;5 ;0 ;358 ;
205 ;0 ;0 ;6 ;0 ;137 ;
205 ;0 ;0 ;7 ;0 ;325 ;
205 ;0 ;1 ;1 ;0 ;241 ;
205 ;0 ;1 ;2 ;0 ;266 ;
205 ;0 ;1 ;3 ;0 ;276 ;
205 ;0 ;1 ;4 ;0 ;163 ;
205 ;0 ;1 ;5 ;0 ;165 ;
205 ;0 ;1 ;6 ;0 ;135 ;
205 ;0 ;1 ;7 ;0 ;208 ;
205 ;0 ;2 ;1 ;0 ;212 ;
205 ;0 ;2 ;2 ;0 ;235 ;
205 ;0 ;2 ;3 ;0 ;226 ;
205 ;0 ;2 ;4 ;0 ;309 ;
205 ;0 ;2 ;5 ;0 ;168 ;
205 ;0 ;2 ;6 ;0 ;199 ;
205 ;0 ;2 ;7 ;0 ;70 ;
205 ;0 ;2 ;8 ;0 ;115 ;
205 ;0 ;3 ;1 ;0 ;343 ;
205 ;0 ;3 ;2 ;0 ;133 ;
205 ;0 ;3 ;3 ;0 ;257 ;
205 ;0 ;3 ;4 ;0 ;308 ;
205 ;0 ;3 ;5 ;0 ;180 ;
205 ;0 ;3 ;6 ;0 ;376 ;
205 ;0 ;3 ;7 ;0 ;312 ;
205 ;0 ;3 ;8 ;0 ;373 ;
205 ;0 ;4 ;1 ;0 ;162 ;
205 ;0 ;4 ;2 ;0 ;54 ;
205 ;0 ;4 ;3 ;0 ;355 ;
205 ;0 ;4 ;4 ;0 ;85 ;
205 ;0 ;4 ;5 ;0 ;134 ;
205 ;0 ;4 ;6 ;0 ;153 ;
205 ;0 ;4 ;7 ;0 ;400 ;
205 ;0 ;4 ;8 ;0 ;298 ;
205 ;0 ;5 ;1 ;0 ;123 ;
205 ;0 ;5 ;2 ;0 ;352 ;
205 ;0 ;5 ;3 ;0 ;214 ;
205 ;0 ;5 ;4 ;0 ;357 ;
205 ;0 ;5 ;5 ;0 ;354 ;
205 ;0 ;5 ;6 ;0 ;60 ;
205 ;0 ;5 ;7 ;0 ;84 ;
205 ;0 ;5 ;8 ;0 ;58 ;
205 ;0 ;6 ;1 ;0 ;392 ;
205 ;0 ;6 ;2 ;0 ;139 ;
205 ;0 ;6 ;3 ;0 ;231 ;
205 ;0 ;6 ;4 ;0 ;99 ;
205 ;0 ;6 ;5 ;0 ;166 ;
205 ;0 ;6 ;6 ;0 ;218 ;
205 ;0 ;6 ;7 ;0 ;339 ;
205 ;0 ;6 ;8 ;0 ;243 ;
206 ;0 ;0 ;1 ;0 ;200 ;
206 ;0 ;0 ;2 ;0 ;331 ;
206 ;0 ;0 ;3 ;0 ;131 ;
206 ;0 ;0 ;4 ;0 ;249 ;
206 ;0 ;0 ;5 ;0 ;291 ;
206 ;0 ;0 ;6 ;0 ;48 ;
206 ;0 ;0 ;7 ;0 ;36 ;
206 ;0 ;0 ;8 ;0 ;272 ;
206 ;0 ;1 ;1 ;0 ;337 ;
206 ;0 ;1 ;2 ;0 ;264 ;
206 ;0 ;1 ;3 ;0 ;281 ;
206 ;0 ;1 ;4 ;0 ;297 ;
206 ;0 ;1 ;5 ;0 ;132 ;
206 ;0 ;1 ;6 ;0 ;76 ;
206 ;0 ;1 ;7 ;0 ;411 ;
206 ;0 ;1 ;8 ;0 ;271 ;
206 ;0 ;2 ;1 ;0 ;177 ;
206 ;0 ;2 ;2 ;0 ;207 ;
206 ;0 ;2 ;3 ;0 ;74 ;
206 ;0 ;2 ;5 ;0 ;256 ;
206 ;0 ;2 ;6 ;0 ;105 ;
206 ;0 ;2 ;7 ;0 ;303 ;
206 ;0 ;2 ;8 ;0 ;204 ;
206 ;0 ;3 ;1 ;0 ;114 ;
206 ;0 ;3 ;2 ;0 ;396 ;
206 ;0 ;3 ;3 ;0 ;147 ;
206 ;0 ;3 ;4 ;0 ;106 ;
206 ;0 ;3 ;5 ;0 ;406 ;
206 ;0 ;3 ;6 ;0 ;293 ;
206 ;0 ;3 ;7 ;0 ;265 ;
206 ;0 ;3 ;8 ;0 ;248 ;
206 ;0 ;4 ;1 ;0 ;283 ;
206 ;0 ;4 ;2 ;0 ;334 ;
206 ;0 ;4 ;3 ;0 ;150 ;
206 ;0 ;4 ;4 ;0 ;296 ;
206 ;0 ;4 ;5 ;0 ;121 ;
206 ;0 ;4 ;6 ;0 ;247 ;
206 ;0 ;4 ;7 ;0 ;43 ;
206 ;0 ;4 ;8 ;0 ;365 ;
206 ;0 ;5 ;4 ;0 ;124 ;
207 ;0 ;0 ;3 ;0 ;375 ;
207 ;0 ;0 ;4 ;0 ;254 ;
207 ;0 ;0 ;5 ;0 ;119 ;
207 ;0 ;0 ;6 ;0 ;120 ;
207 ;0 ;0 ;7 ;0 ;252 ;
207 ;0 ;1 ;3 ;0 ;202 ;
207 ;0 ;1 ;4 ;0 ;117 ;
207 ;0 ;1 ;5 ;0 ;84 ;
207 ;0 ;1 ;6 ;0 ;260 ;
207 ;0 ;1 ;7 ;0 ;412 ;
207 ;0 ;2 ;1 ;0 ;187 ;
207 ;0 ;2 ;2 ;0 ;162 ;
207 ;0 ;2 ;3 ;0 ;195 ;
207 ;0 ;2 ;4 ;0 ;234 ;
207 ;0 ;2 ;5 ;0 ;197 ;
207 ;0 ;2 ;6 ;0 ;79 ;
207 ;0 ;2 ;7 ;0 ;398 ;
207 ;0 ;2 ;8 ;0 ;58 ;
208 ;0 ;0 ;1 ;0 ;145 ;
208 ;0 ;0 ;2 ;0 ;302 ;
208 ;0 ;0 ;3 ;0 ;372 ;
208 ;0 ;0 ;4 ;0 ;287 ;
208 ;0 ;0 ;5 ;0 ;219 ;
208 ;0 ;0 ;6 ;0 ;186 ;
208 ;0 ;0 ;7 ;0 ;324 ;
208 ;0 ;1 ;1 ;0 ;152 ;
208 ;0 ;1 ;2 ;0 ;46 ;
208 ;0 ;1 ;3 ;0 ;290 ;
208 ;0 ;1 ;4 ;0 ;296 ;
208 ;0 ;1 ;5 ;0 ;286 ;
208 ;0 ;1 ;6 ;0 ;253 ;
208 ;0 ;1 ;7 ;0 ;348 ;
208 ;0 ;1 ;8 ;0 ;336 ;
208 ;0 ;2 ;1 ;0 ;124 ;
208 ;0 ;2 ;2 ;0 ;128 ;
208 ;0 ;2 ;3 ;0 ;31 ;
208 ;0 ;2 ;4 ;0 ;233 ;
208 ;0 ;2 ;5 ;0 ;340 ;
208 ;0 ;2 ;6 ;0 ;40 ;
208 ;0 ;2 ;7 ;0 ;217 ;
208 ;0 ;2 ;8 ;0 ;384 ;
208 ;0 ;3 ;1 ;0 ;188 ;
208 ;0 ;3 ;2 ;0 ;371 ;
208 ;0 ;3 ;3 ;0 ;270 ;
208 ;0 ;3 ;4 ;0 ;236 ;
208 ;0 ;3 ;5 ;0 ;255 ;
208 ;0 ;3 ;6 ;0 ;126 ;
208 ;0 ;3 ;7 ;0 ;258 ;
208 ;0 ;3 ;8 ;0 ;210 ;
209 ;0 ;0 ;1 ;0 ;257 ;
209 ;0 ;0 ;2 ;0 ;295 ;
209 ;0 ;0 ;3 ;0 ;63 ;
209 ;0 ;0 ;4 ;0 ;360 ;
209 ;0 ;0 ;5 ;0 ;66 ;
209 ;0 ;0 ;6 ;0 ;208 ;
209 ;0 ;0 ;7 ;0 ;137 ;
209 ;0 ;1 ;1 ;0 ;122 ;
209 ;0 ;1 ;2 ;0 ;82 ;
209 ;0 ;1 ;3 ;0 ;98 ;
209 ;0 ;1 ;4 ;0 ;85 ;
209 ;0 ;1 ;5 ;0 ;309 ;
209 ;0 ;1 ;6 ;0 ;100 ;
209 ;0 ;1 ;7 ;0 ;93 ;
209 ;0 ;1 ;8 ;0 ;317 ;
209 ;0 ;2 ;1 ;0 ;61 ;
209 ;0 ;2 ;2 ;0 ;89 ;
209 ;0 ;2 ;3 ;0 ;37 ;
209 ;0 ;2 ;4 ;0 ;315 ;
209 ;0 ;2 ;5 ;0 ;197 ;
209 ;0 ;2 ;6 ;0 ;57 ;
209 ;0 ;2 ;7 ;0 ;64 ;
209 ;0 ;2 ;8 ;0 ;168 ;
209 ;0 ;3 ;1 ;0 ;195 ;
209 ;0 ;3 ;2 ;0 ;352 ;
209 ;0 ;3 ;3 ;0 ;91 ;
209 ;0 ;3 ;4 ;0 ;234 ;
209 ;0 ;3 ;5 ;0 ;304 ;
209 ;0 ;3 ;6 ;0 ;73 ;
209 ;0 ;3 ;7 ;0 ;87 ;
209 ;0 ;3 ;8 ;0 ;151 ;
221 ;0 ;0 ;1 ;0 ;255 ;
221 ;0 ;0 ;2 ;0 ;371 ;
221 ;0 ;0 ;3 ;0 ;258 ;
221 ;0 ;0 ;4 ;0 ;113 ;
221 ;0 ;0 ;5 ;0 ;40 ;
221 ;0 ;0 ;6 ;0 ;126 ;
221 ;0 ;0 ;7 ;0 ;250 ;
221 ;0 ;0 ;8 ;0 ;334 ;
222 ;0 ;0 ;1 ;0 ;58 ;
222 ;0 ;0 ;2 ;0 ;405 ;
222 ;0 ;0 ;3 ;0 ;79 ;
222 ;0 ;0 ;4 ;0 ;85 ;
222 ;0 ;0 ;5 ;0 ;80 ;
222 ;0 ;0 ;6 ;0 ;88 ;
222 ;0 ;0 ;7 ;0 ;266 ;
223 ;0 ;0 ;1 ;0 ;258 ;
223 ;0 ;0 ;2 ;0 ;255 ;
223 ;0 ;0 ;3 ;0 ;340 ;
223 ;0 ;0 ;4 ;0 ;233 ;
223 ;0 ;0 ;5 ;0 ;236 ;
223 ;0 ;0 ;6 ;0 ;40 ;
223 ;0 ;0 ;7 ;0 ;31 ;
223 ;0 ;0 ;8 ;0 ;290 ;
224 ;0 ;0 ;1 ;0 ;153 ;
224 ;0 ;0 ;2 ;0 ;214 ;
224 ;0 ;0 ;3 ;0 ;354 ;
224 ;0 ;0 ;4 ;0 ;357 ;
224 ;0 ;0 ;5 ;0 ;99 ;
224 ;0 ;0 ;6 ;0 ;355 ;
224 ;0 ;0 ;7 ;0 ;373 ;
224 ;0 ;0 ;8 ;0 ;218 ;
225 ;0 ;0 ;1 ;0 ;124 ;
225 ;0 ;0 ;2 ;0 ;406 ;
225 ;0 ;0 ;3 ;0 ;150 ;
225 ;0 ;0 ;4 ;0 ;296 ;
225 ;0 ;0 ;5 ;0 ;147 ;
225 ;0 ;0 ;6 ;0 ;106 ;
225 ;0 ;0 ;7 ;0 ;121 ;
225 ;0 ;0 ;8 ;0 ;105 ;
226 ;0 ;0 ;1 ;0 ;98 ;
226 ;0 ;0 ;2 ;0 ;82 ;
226 ;0 ;0 ;3 ;0 ;315 ;
226 ;0 ;0 ;4 ;0 ;234 ;
226 ;0 ;0 ;5 ;0 ;304 ;
226 ;0 ;0 ;6 ;0 ;93 ;
226 ;0 ;0 ;7 ;0 ;309 ;
226 ;0 ;0 ;8 ;0 ;73 ;
