event; round;heat;lane;relais;idBib;
601 ;0 ;0 ;2 ;0 ;63 ;
601 ;0 ;0 ;3 ;0 ;105 ;
601 ;0 ;0 ;4 ;0 ;64 ;
603 ;0 ;0 ;1 ;0 ;35 ;
603 ;0 ;0 ;2 ;0 ;37 ;
603 ;0 ;0 ;3 ;0 ;126 ;
603 ;0 ;0 ;4 ;0 ;10 ;
603 ;0 ;0 ;5 ;0 ;134 ;
603 ;0 ;1 ;1 ;0 ;112 ;
603 ;0 ;1 ;2 ;0 ;9 ;
603 ;0 ;1 ;3 ;0 ;47 ;
603 ;0 ;1 ;4 ;0 ;59 ;
603 ;0 ;1 ;5 ;0 ;2 ;
603 ;0 ;1 ;6 ;0 ;97 ;
603 ;0 ;2 ;1 ;0 ;133 ;
603 ;0 ;2 ;2 ;0 ;121 ;
603 ;0 ;2 ;3 ;0 ;54 ;
603 ;0 ;2 ;4 ;0 ;12 ;
603 ;0 ;2 ;5 ;0 ;30 ;
603 ;0 ;2 ;6 ;0 ;93 ;
603 ;0 ;3 ;1 ;0 ;75 ;
603 ;0 ;3 ;2 ;0 ;4 ;
603 ;0 ;3 ;3 ;0 ;131 ;
603 ;0 ;3 ;4 ;0 ;85 ;
603 ;0 ;3 ;5 ;0 ;99 ;
603 ;0 ;3 ;6 ;0 ;66 ;
603 ;0 ;4 ;1 ;0 ;32 ;
603 ;0 ;4 ;2 ;0 ;51 ;
603 ;0 ;4 ;3 ;0 ;74 ;
603 ;0 ;4 ;4 ;0 ;91 ;
603 ;0 ;4 ;5 ;0 ;26 ;
603 ;0 ;4 ;6 ;0 ;34 ;
604 ;0 ;0 ;1 ;0 ;15 ;
604 ;0 ;0 ;2 ;0 ;106 ;
604 ;0 ;0 ;3 ;0 ;11 ;
604 ;0 ;0 ;4 ;0 ;77 ;
604 ;0 ;0 ;5 ;0 ;103 ;
604 ;0 ;0 ;6 ;0 ;8 ;
604 ;0 ;1 ;1 ;0 ;95 ;
604 ;0 ;1 ;2 ;0 ;53 ;
604 ;0 ;1 ;3 ;0 ;3 ;
604 ;0 ;1 ;4 ;0 ;36 ;
604 ;0 ;1 ;5 ;0 ;87 ;
604 ;0 ;1 ;6 ;0 ;94 ;
604 ;0 ;2 ;1 ;0 ;61 ;
604 ;0 ;2 ;2 ;0 ;132 ;
604 ;0 ;2 ;3 ;0 ;65 ;
604 ;0 ;2 ;4 ;0 ;69 ;
604 ;0 ;2 ;5 ;0 ;6 ;
604 ;0 ;2 ;6 ;0 ;48 ;
604 ;0 ;3 ;1 ;0 ;40 ;
604 ;0 ;3 ;2 ;0 ;24 ;
604 ;0 ;3 ;3 ;0 ;50 ;
604 ;0 ;3 ;4 ;0 ;25 ;
604 ;0 ;3 ;5 ;0 ;18 ;
604 ;0 ;3 ;6 ;0 ;58 ;
605 ;0 ;0 ;1 ;0 ;29 ;
605 ;0 ;0 ;2 ;0 ;21 ;
605 ;0 ;0 ;3 ;0 ;118 ;
605 ;0 ;0 ;4 ;0 ;67 ;
605 ;0 ;0 ;5 ;0 ;33 ;
605 ;0 ;1 ;1 ;0 ;89 ;
605 ;0 ;1 ;2 ;0 ;98 ;
605 ;0 ;1 ;3 ;0 ;52 ;
605 ;0 ;1 ;4 ;0 ;31 ;
605 ;0 ;1 ;5 ;0 ;43 ;
605 ;0 ;1 ;6 ;0 ;83 ;
606 ;0 ;0 ;1 ;0 ;96 ;
606 ;0 ;0 ;2 ;0 ;70 ;
606 ;0 ;0 ;3 ;0 ;72 ;
606 ;0 ;0 ;4 ;0 ;45 ;
606 ;0 ;0 ;5 ;0 ;90 ;
606 ;0 ;0 ;6 ;0 ;84 ;
606 ;0 ;1 ;1 ;0 ;86 ;
606 ;0 ;1 ;2 ;0 ;56 ;
606 ;0 ;1 ;3 ;0 ;5 ;
606 ;0 ;1 ;4 ;0 ;17 ;
606 ;0 ;1 ;5 ;0 ;139 ;
606 ;0 ;1 ;6 ;0 ;57 ;
701 ;0 ;0 ;1 ;0 ;13 ;
701 ;0 ;0 ;2 ;0 ;28 ;
701 ;0 ;0 ;3 ;0 ;113 ;
701 ;0 ;0 ;4 ;0 ;68 ;
701 ;0 ;0 ;5 ;0 ;60 ;
701 ;0 ;1 ;1 ;0 ;104 ;
701 ;0 ;1 ;2 ;0 ;63 ;
701 ;0 ;1 ;3 ;0 ;105 ;
701 ;0 ;1 ;4 ;0 ;64 ;
701 ;0 ;1 ;5 ;0 ;125 ;
703 ;0 ;0 ;2 ;0 ;54 ;
703 ;0 ;0 ;3 ;0 ;30 ;
703 ;0 ;0 ;4 ;0 ;97 ;
703 ;0 ;1 ;2 ;0 ;12 ;
703 ;0 ;1 ;3 ;0 ;85 ;
703 ;0 ;1 ;4 ;0 ;93 ;
703 ;0 ;1 ;5 ;0 ;133 ;
703 ;0 ;2 ;1 ;0 ;4 ;
703 ;0 ;2 ;2 ;0 ;99 ;
703 ;0 ;2 ;3 ;0 ;75 ;
703 ;0 ;2 ;4 ;0 ;9 ;
703 ;0 ;2 ;5 ;0 ;131 ;
703 ;0 ;2 ;6 ;0 ;26 ;
703 ;0 ;3 ;1 ;0 ;66 ;
703 ;0 ;3 ;2 ;0 ;91 ;
703 ;0 ;3 ;3 ;0 ;74 ;
703 ;0 ;3 ;4 ;0 ;51 ;
703 ;0 ;3 ;5 ;0 ;32 ;
703 ;0 ;3 ;6 ;0 ;34 ;
704 ;0 ;0 ;1 ;0 ;55 ;
704 ;0 ;0 ;2 ;0 ;61 ;
704 ;0 ;0 ;3 ;0 ;94 ;
704 ;0 ;0 ;4 ;0 ;11 ;
704 ;0 ;0 ;5 ;0 ;6 ;
704 ;0 ;0 ;6 ;0 ;58 ;
704 ;0 ;1 ;1 ;0 ;40 ;
704 ;0 ;1 ;2 ;0 ;24 ;
704 ;0 ;1 ;3 ;0 ;50 ;
704 ;0 ;1 ;4 ;0 ;25 ;
704 ;0 ;1 ;5 ;0 ;48 ;
704 ;0 ;1 ;6 ;0 ;18 ;
705 ;0 ;0 ;1 ;0 ;118 ;
705 ;0 ;0 ;2 ;0 ;46 ;
705 ;0 ;0 ;3 ;0 ;89 ;
705 ;0 ;0 ;4 ;0 ;29 ;
705 ;0 ;0 ;5 ;0 ;83 ;
705 ;0 ;1 ;1 ;0 ;33 ;
705 ;0 ;1 ;2 ;0 ;31 ;
705 ;0 ;1 ;3 ;0 ;52 ;
705 ;0 ;1 ;4 ;0 ;43 ;
705 ;0 ;1 ;5 ;0 ;98 ;
706 ;0 ;0 ;2 ;0 ;122 ;
706 ;0 ;0 ;3 ;0 ;70 ;
706 ;0 ;0 ;4 ;0 ;72 ;
706 ;0 ;1 ;2 ;0 ;90 ;
706 ;0 ;1 ;3 ;0 ;139 ;
706 ;0 ;1 ;4 ;0 ;84 ;
706 ;0 ;1 ;5 ;0 ;45 ;
706 ;0 ;2 ;1 ;0 ;57 ;
706 ;0 ;2 ;2 ;0 ;5 ;
706 ;0 ;2 ;3 ;0 ;56 ;
706 ;0 ;2 ;4 ;0 ;17 ;
706 ;0 ;2 ;5 ;0 ;86 ;
706 ;0 ;2 ;6 ;0 ;107 ;
707 ;0 ;0 ;1 ;0 ;39 ;
707 ;0 ;0 ;2 ;0 ;81 ;
707 ;0 ;0 ;3 ;0 ;126 ;
707 ;0 ;0 ;4 ;0 ;134 ;
707 ;0 ;0 ;5 ;0 ;130 ;
707 ;0 ;0 ;6 ;0 ;115 ;
707 ;0 ;1 ;1 ;0 ;27 ;
707 ;0 ;1 ;2 ;0 ;37 ;
707 ;0 ;1 ;3 ;0 ;49 ;
707 ;0 ;1 ;4 ;0 ;35 ;
707 ;0 ;1 ;5 ;0 ;59 ;
707 ;0 ;1 ;6 ;0 ;10 ;
707 ;0 ;2 ;1 ;0 ;111 ;
707 ;0 ;2 ;2 ;0 ;112 ;
707 ;0 ;2 ;3 ;0 ;54 ;
707 ;0 ;2 ;4 ;0 ;2 ;
707 ;0 ;2 ;5 ;0 ;121 ;
707 ;0 ;2 ;6 ;0 ;133 ;
707 ;0 ;3 ;1 ;0 ;47 ;
707 ;0 ;3 ;2 ;0 ;30 ;
707 ;0 ;3 ;3 ;0 ;85 ;
707 ;0 ;3 ;4 ;0 ;97 ;
707 ;0 ;3 ;5 ;0 ;4 ;
707 ;0 ;3 ;6 ;0 ;75 ;
707 ;0 ;4 ;1 ;0 ;93 ;
707 ;0 ;4 ;2 ;0 ;12 ;
707 ;0 ;4 ;3 ;0 ;99 ;
707 ;0 ;4 ;4 ;0 ;131 ;
707 ;0 ;4 ;5 ;0 ;34 ;
707 ;0 ;4 ;6 ;0 ;51 ;
707 ;0 ;5 ;1 ;0 ;9 ;
707 ;0 ;5 ;2 ;0 ;26 ;
707 ;0 ;5 ;3 ;0 ;74 ;
707 ;0 ;5 ;4 ;0 ;91 ;
707 ;0 ;5 ;5 ;0 ;32 ;
707 ;0 ;5 ;6 ;0 ;66 ;
708 ;0 ;0 ;2 ;0 ;16 ;
708 ;0 ;0 ;3 ;0 ;44 ;
708 ;0 ;0 ;4 ;0 ;15 ;
708 ;0 ;0 ;5 ;0 ;38 ;
708 ;0 ;1 ;2 ;0 ;11 ;
708 ;0 ;1 ;3 ;0 ;8 ;
708 ;0 ;1 ;4 ;0 ;95 ;
708 ;0 ;1 ;5 ;0 ;87 ;
708 ;0 ;2 ;1 ;0 ;53 ;
708 ;0 ;2 ;2 ;0 ;103 ;
708 ;0 ;2 ;3 ;0 ;55 ;
708 ;0 ;2 ;4 ;0 ;3 ;
708 ;0 ;2 ;5 ;0 ;94 ;
708 ;0 ;2 ;6 ;0 ;79 ;
708 ;0 ;3 ;1 ;0 ;65 ;
708 ;0 ;3 ;2 ;0 ;36 ;
708 ;0 ;3 ;3 ;0 ;61 ;
708 ;0 ;3 ;4 ;0 ;58 ;
708 ;0 ;3 ;5 ;0 ;69 ;
708 ;0 ;3 ;6 ;0 ;48 ;
708 ;0 ;4 ;1 ;0 ;40 ;
708 ;0 ;4 ;2 ;0 ;24 ;
708 ;0 ;4 ;3 ;0 ;50 ;
708 ;0 ;4 ;4 ;0 ;25 ;
708 ;0 ;4 ;5 ;0 ;18 ;
708 ;0 ;4 ;6 ;0 ;6 ;
709 ;0 ;0 ;1 ;0 ;78 ;
709 ;0 ;0 ;2 ;0 ;46 ;
709 ;0 ;0 ;3 ;0 ;33 ;
709 ;0 ;0 ;4 ;0 ;98 ;
709 ;0 ;0 ;5 ;0 ;118 ;
709 ;0 ;1 ;1 ;0 ;89 ;
709 ;0 ;1 ;2 ;0 ;31 ;
709 ;0 ;1 ;3 ;0 ;43 ;
709 ;0 ;1 ;4 ;0 ;52 ;
709 ;0 ;1 ;5 ;0 ;21 ;
710 ;0 ;0 ;2 ;0 ;122 ;
710 ;0 ;0 ;3 ;0 ;70 ;
710 ;0 ;0 ;4 ;0 ;101 ;
710 ;0 ;1 ;2 ;0 ;57 ;
710 ;0 ;1 ;3 ;0 ;45 ;
710 ;0 ;1 ;4 ;0 ;119 ;
710 ;0 ;1 ;5 ;0 ;86 ;
710 ;0 ;2 ;1 ;0 ;90 ;
710 ;0 ;2 ;2 ;0 ;84 ;
710 ;0 ;2 ;3 ;0 ;139 ;
710 ;0 ;2 ;4 ;0 ;5 ;
710 ;0 ;2 ;5 ;0 ;17 ;
710 ;0 ;2 ;6 ;0 ;72 ;
713 ;0 ;0 ;1 ;0 ;10 ;
713 ;0 ;0 ;2 ;0 ;30 ;
713 ;0 ;0 ;3 ;0 ;112 ;
713 ;0 ;0 ;4 ;0 ;9 ;
713 ;0 ;0 ;5 ;0 ;59 ;
713 ;0 ;1 ;1 ;0 ;93 ;
713 ;0 ;1 ;2 ;0 ;35 ;
713 ;0 ;1 ;3 ;0 ;128 ;
713 ;0 ;1 ;4 ;0 ;12 ;
713 ;0 ;1 ;5 ;0 ;54 ;
713 ;0 ;2 ;1 ;0 ;75 ;
713 ;0 ;2 ;2 ;0 ;97 ;
713 ;0 ;2 ;3 ;0 ;121 ;
713 ;0 ;2 ;4 ;0 ;99 ;
713 ;0 ;2 ;5 ;0 ;85 ;
713 ;0 ;2 ;6 ;0 ;26 ;
713 ;0 ;3 ;1 ;0 ;131 ;
713 ;0 ;3 ;2 ;0 ;66 ;
713 ;0 ;3 ;3 ;0 ;91 ;
713 ;0 ;3 ;4 ;0 ;34 ;
713 ;0 ;3 ;5 ;0 ;51 ;
713 ;0 ;3 ;6 ;0 ;4 ;
714 ;0 ;0 ;1 ;0 ;44 ;
714 ;0 ;0 ;2 ;0 ;38 ;
714 ;0 ;0 ;3 ;0 ;55 ;
714 ;0 ;0 ;4 ;0 ;94 ;
714 ;0 ;0 ;5 ;0 ;48 ;
714 ;0 ;0 ;6 ;0 ;11 ;
714 ;0 ;1 ;1 ;0 ;36 ;
714 ;0 ;1 ;2 ;0 ;3 ;
714 ;0 ;1 ;3 ;0 ;53 ;
714 ;0 ;1 ;4 ;0 ;65 ;
714 ;0 ;1 ;5 ;0 ;61 ;
714 ;0 ;1 ;6 ;0 ;6 ;
714 ;0 ;2 ;1 ;0 ;24 ;
714 ;0 ;2 ;2 ;0 ;18 ;
714 ;0 ;2 ;3 ;0 ;25 ;
714 ;0 ;2 ;4 ;0 ;40 ;
714 ;0 ;2 ;5 ;0 ;50 ;
714 ;0 ;2 ;6 ;0 ;58 ;
715 ;0 ;0 ;2 ;0 ;118 ;
715 ;0 ;0 ;3 ;0 ;89 ;
715 ;0 ;0 ;4 ;0 ;29 ;
715 ;0 ;0 ;5 ;0 ;21 ;
715 ;0 ;1 ;2 ;0 ;98 ;
715 ;0 ;1 ;3 ;0 ;31 ;
715 ;0 ;1 ;4 ;0 ;83 ;
715 ;0 ;1 ;5 ;0 ;33 ;
716 ;0 ;0 ;1 ;0 ;57 ;
716 ;0 ;0 ;2 ;0 ;45 ;
716 ;0 ;0 ;3 ;0 ;84 ;
716 ;0 ;0 ;4 ;0 ;90 ;
716 ;0 ;0 ;5 ;0 ;86 ;
716 ;0 ;1 ;1 ;0 ;139 ;
716 ;0 ;1 ;2 ;0 ;56 ;
716 ;0 ;1 ;3 ;0 ;82 ;
716 ;0 ;1 ;4 ;0 ;5 ;
716 ;0 ;1 ;5 ;0 ;17 ;
801 ;0 ;0 ;2 ;0 ;13 ;
801 ;0 ;0 ;3 ;0 ;28 ;
801 ;0 ;0 ;4 ;0 ;113 ;
801 ;0 ;1 ;2 ;0 ;68 ;
801 ;0 ;1 ;3 ;0 ;60 ;
801 ;0 ;1 ;4 ;0 ;62 ;
801 ;0 ;1 ;5 ;0 ;124 ;
801 ;0 ;2 ;1 ;0 ;125 ;
801 ;0 ;2 ;2 ;0 ;63 ;
801 ;0 ;2 ;3 ;0 ;64 ;
801 ;0 ;2 ;4 ;0 ;105 ;
801 ;0 ;2 ;5 ;0 ;137 ;
801 ;0 ;2 ;6 ;0 ;104 ;
803 ;0 ;0 ;2 ;0 ;35 ;
803 ;0 ;0 ;3 ;0 ;47 ;
803 ;0 ;0 ;4 ;0 ;54 ;
803 ;0 ;0 ;5 ;0 ;126 ;
803 ;0 ;1 ;1 ;0 ;10 ;
803 ;0 ;1 ;2 ;0 ;134 ;
803 ;0 ;1 ;3 ;0 ;121 ;
803 ;0 ;1 ;4 ;0 ;133 ;
803 ;0 ;1 ;5 ;0 ;97 ;
803 ;0 ;2 ;1 ;0 ;59 ;
803 ;0 ;2 ;2 ;0 ;93 ;
803 ;0 ;2 ;3 ;0 ;112 ;
803 ;0 ;2 ;4 ;0 ;12 ;
803 ;0 ;2 ;5 ;0 ;131 ;
803 ;0 ;2 ;6 ;0 ;75 ;
803 ;0 ;3 ;1 ;0 ;30 ;
803 ;0 ;3 ;2 ;0 ;4 ;
803 ;0 ;3 ;3 ;0 ;85 ;
803 ;0 ;3 ;4 ;0 ;34 ;
803 ;0 ;3 ;5 ;0 ;9 ;
803 ;0 ;3 ;6 ;0 ;91 ;
803 ;0 ;4 ;1 ;0 ;32 ;
803 ;0 ;4 ;2 ;0 ;51 ;
803 ;0 ;4 ;3 ;0 ;74 ;
803 ;0 ;4 ;4 ;0 ;26 ;
803 ;0 ;4 ;5 ;0 ;66 ;
803 ;0 ;4 ;6 ;0 ;99 ;
804 ;0 ;0 ;1 ;0 ;106 ;
804 ;0 ;0 ;2 ;0 ;55 ;
804 ;0 ;0 ;3 ;0 ;110 ;
804 ;0 ;0 ;4 ;0 ;11 ;
804 ;0 ;0 ;5 ;0 ;95 ;
804 ;0 ;0 ;6 ;0 ;36 ;
804 ;0 ;1 ;1 ;0 ;53 ;
804 ;0 ;1 ;2 ;0 ;94 ;
804 ;0 ;1 ;3 ;0 ;87 ;
804 ;0 ;1 ;4 ;0 ;61 ;
804 ;0 ;1 ;5 ;0 ;40 ;
804 ;0 ;1 ;6 ;0 ;58 ;
804 ;0 ;2 ;1 ;0 ;6 ;
804 ;0 ;2 ;2 ;0 ;24 ;
804 ;0 ;2 ;3 ;0 ;50 ;
804 ;0 ;2 ;4 ;0 ;18 ;
804 ;0 ;2 ;5 ;0 ;25 ;
804 ;0 ;2 ;6 ;0 ;48 ;
805 ;0 ;0 ;1 ;0 ;118 ;
805 ;0 ;0 ;2 ;0 ;46 ;
805 ;0 ;0 ;3 ;0 ;89 ;
805 ;0 ;0 ;4 ;0 ;21 ;
805 ;0 ;0 ;5 ;0 ;43 ;
805 ;0 ;1 ;1 ;0 ;33 ;
805 ;0 ;1 ;2 ;0 ;98 ;
805 ;0 ;1 ;3 ;0 ;31 ;
805 ;0 ;1 ;4 ;0 ;83 ;
805 ;0 ;1 ;5 ;0 ;29 ;
806 ;0 ;0 ;2 ;0 ;72 ;
806 ;0 ;0 ;3 ;0 ;122 ;
806 ;0 ;0 ;4 ;0 ;70 ;
806 ;0 ;0 ;5 ;0 ;45 ;
806 ;0 ;1 ;2 ;0 ;86 ;
806 ;0 ;1 ;3 ;0 ;57 ;
806 ;0 ;1 ;4 ;0 ;90 ;
806 ;0 ;1 ;5 ;0 ;71 ;
806 ;0 ;2 ;1 ;0 ;139 ;
806 ;0 ;2 ;2 ;0 ;56 ;
806 ;0 ;2 ;3 ;0 ;82 ;
806 ;0 ;2 ;4 ;0 ;5 ;
806 ;0 ;2 ;5 ;0 ;17 ;
806 ;0 ;2 ;6 ;0 ;42 ;
807 ;0 ;0 ;1 ;0 ;39 ;
807 ;0 ;0 ;2 ;0 ;126 ;
807 ;0 ;0 ;3 ;0 ;10 ;
807 ;0 ;0 ;4 ;0 ;134 ;
807 ;0 ;0 ;5 ;0 ;111 ;
807 ;0 ;1 ;1 ;0 ;27 ;
807 ;0 ;1 ;2 ;0 ;123 ;
807 ;0 ;1 ;3 ;0 ;37 ;
807 ;0 ;1 ;4 ;0 ;59 ;
807 ;0 ;1 ;5 ;0 ;47 ;
807 ;0 ;2 ;1 ;0 ;128 ;
807 ;0 ;2 ;2 ;0 ;35 ;
807 ;0 ;2 ;3 ;0 ;133 ;
807 ;0 ;2 ;4 ;0 ;112 ;
807 ;0 ;2 ;5 ;0 ;54 ;
807 ;0 ;2 ;6 ;0 ;93 ;
807 ;0 ;3 ;1 ;0 ;30 ;
807 ;0 ;3 ;2 ;0 ;12 ;
807 ;0 ;3 ;3 ;0 ;32 ;
807 ;0 ;3 ;4 ;0 ;121 ;
807 ;0 ;3 ;5 ;0 ;4 ;
807 ;0 ;3 ;6 ;0 ;97 ;
807 ;0 ;4 ;1 ;0 ;75 ;
807 ;0 ;4 ;2 ;0 ;99 ;
807 ;0 ;4 ;3 ;0 ;85 ;
807 ;0 ;4 ;4 ;0 ;2 ;
807 ;0 ;4 ;5 ;0 ;51 ;
807 ;0 ;4 ;6 ;0 ;66 ;
807 ;0 ;5 ;1 ;0 ;9 ;
807 ;0 ;5 ;2 ;0 ;91 ;
807 ;0 ;5 ;3 ;0 ;74 ;
807 ;0 ;5 ;4 ;0 ;34 ;
807 ;0 ;5 ;5 ;0 ;131 ;
807 ;0 ;5 ;6 ;0 ;26 ;
808 ;0 ;0 ;2 ;0 ;110 ;
808 ;0 ;0 ;3 ;0 ;79 ;
808 ;0 ;0 ;4 ;0 ;44 ;
808 ;0 ;0 ;5 ;0 ;55 ;
808 ;0 ;1 ;2 ;0 ;15 ;
808 ;0 ;1 ;3 ;0 ;11 ;
808 ;0 ;1 ;4 ;0 ;38 ;
808 ;0 ;1 ;5 ;0 ;8 ;
808 ;0 ;2 ;1 ;0 ;3 ;
808 ;0 ;2 ;2 ;0 ;95 ;
808 ;0 ;2 ;3 ;0 ;103 ;
808 ;0 ;2 ;4 ;0 ;87 ;
808 ;0 ;2 ;5 ;0 ;65 ;
808 ;0 ;2 ;6 ;0 ;77 ;
808 ;0 ;3 ;1 ;0 ;94 ;
808 ;0 ;3 ;2 ;0 ;36 ;
808 ;0 ;3 ;3 ;0 ;58 ;
808 ;0 ;3 ;4 ;0 ;69 ;
808 ;0 ;3 ;5 ;0 ;48 ;
808 ;0 ;3 ;6 ;0 ;61 ;
808 ;0 ;4 ;1 ;0 ;24 ;
808 ;0 ;4 ;2 ;0 ;18 ;
808 ;0 ;4 ;3 ;0 ;25 ;
808 ;0 ;4 ;4 ;0 ;40 ;
808 ;0 ;4 ;5 ;0 ;50 ;
808 ;0 ;4 ;6 ;0 ;6 ;
809 ;0 ;0 ;1 ;0 ;78 ;
809 ;0 ;0 ;2 ;0 ;46 ;
809 ;0 ;0 ;3 ;0 ;33 ;
809 ;0 ;0 ;4 ;0 ;118 ;
809 ;0 ;0 ;5 ;0 ;29 ;
809 ;0 ;0 ;6 ;0 ;89 ;
809 ;0 ;1 ;1 ;0 ;98 ;
809 ;0 ;1 ;2 ;0 ;52 ;
809 ;0 ;1 ;3 ;0 ;31 ;
809 ;0 ;1 ;4 ;0 ;43 ;
809 ;0 ;1 ;5 ;0 ;83 ;
809 ;0 ;1 ;6 ;0 ;21 ;
810 ;0 ;0 ;1 ;0 ;122 ;
810 ;0 ;0 ;3 ;0 ;90 ;
810 ;0 ;0 ;4 ;0 ;70 ;
810 ;0 ;0 ;5 ;0 ;84 ;
810 ;0 ;0 ;6 ;0 ;45 ;
810 ;0 ;1 ;1 ;0 ;86 ;
810 ;0 ;1 ;2 ;0 ;72 ;
810 ;0 ;1 ;4 ;0 ;139 ;
810 ;0 ;1 ;5 ;0 ;57 ;
810 ;0 ;2 ;2 ;0 ;5 ;
810 ;0 ;2 ;3 ;0 ;82 ;
810 ;0 ;2 ;5 ;0 ;17 ;
810 ;0 ;2 ;6 ;0 ;56 ;
810 ;0 ;3 ;2 ;0 ;71 ;
810 ;0 ;3 ;3 ;0 ;88 ;
810 ;0 ;3 ;4 ;0 ;107 ;
810 ;0 ;3 ;5 ;0 ;119 ;
811 ;0 ;0 ;2 ;0 ;105 ;
811 ;0 ;0 ;3 ;0 ;63 ;
811 ;0 ;0 ;4 ;0 ;137 ;
811 ;0 ;0 ;5 ;0 ;64 ;
813 ;0 ;0 ;2 ;0 ;54 ;
813 ;0 ;0 ;3 ;0 ;30 ;
813 ;0 ;0 ;4 ;0 ;75 ;
813 ;0 ;0 ;5 ;0 ;97 ;
813 ;0 ;1 ;1 ;0 ;26 ;
813 ;0 ;1 ;2 ;0 ;85 ;
813 ;0 ;1 ;3 ;0 ;91 ;
813 ;0 ;1 ;4 ;0 ;34 ;
813 ;0 ;1 ;5 ;0 ;99 ;
813 ;0 ;2 ;1 ;0 ;4 ;
813 ;0 ;2 ;2 ;0 ;131 ;
813 ;0 ;2 ;3 ;0 ;74 ;
813 ;0 ;2 ;4 ;0 ;51 ;
813 ;0 ;2 ;5 ;0 ;66 ;
813 ;0 ;2 ;6 ;0 ;32 ;
814 ;0 ;0 ;1 ;0 ;65 ;
814 ;0 ;0 ;2 ;0 ;3 ;
814 ;0 ;0 ;3 ;0 ;61 ;
814 ;0 ;0 ;4 ;0 ;94 ;
814 ;0 ;0 ;5 ;0 ;48 ;
814 ;0 ;0 ;6 ;0 ;40 ;
814 ;0 ;1 ;1 ;0 ;24 ;
814 ;0 ;1 ;2 ;0 ;58 ;
814 ;0 ;1 ;3 ;0 ;50 ;
814 ;0 ;1 ;4 ;0 ;25 ;
814 ;0 ;1 ;5 ;0 ;18 ;
814 ;0 ;1 ;6 ;0 ;6 ;
815 ;0 ;0 ;1 ;0 ;118 ;
815 ;0 ;0 ;2 ;0 ;46 ;
815 ;0 ;0 ;3 ;0 ;33 ;
815 ;0 ;0 ;4 ;0 ;29 ;
815 ;0 ;0 ;5 ;0 ;89 ;
815 ;0 ;1 ;1 ;0 ;83 ;
815 ;0 ;1 ;2 ;0 ;98 ;
815 ;0 ;1 ;3 ;0 ;52 ;
815 ;0 ;1 ;4 ;0 ;31 ;
815 ;0 ;1 ;5 ;0 ;43 ;
816 ;0 ;0 ;1 ;0 ;72 ;
816 ;0 ;0 ;2 ;0 ;70 ;
816 ;0 ;0 ;3 ;0 ;122 ;
816 ;0 ;0 ;4 ;0 ;90 ;
816 ;0 ;0 ;5 ;0 ;139 ;
816 ;0 ;0 ;6 ;0 ;45 ;
816 ;0 ;1 ;1 ;0 ;84 ;
816 ;0 ;1 ;2 ;0 ;86 ;
816 ;0 ;1 ;3 ;0 ;56 ;
816 ;0 ;1 ;4 ;0 ;17 ;
816 ;0 ;1 ;5 ;0 ;5 ;
816 ;0 ;1 ;6 ;0 ;57 ;
901 ;0 ;0 ;1 ;0 ;10 ;
901 ;0 ;0 ;2 ;0 ;4 ;
901 ;0 ;0 ;3 ;0 ;30 ;
901 ;0 ;0 ;4 ;0 ;75 ;
901 ;0 ;0 ;5 ;0 ;97 ;
901 ;0 ;1 ;1 ;0 ;131 ;
901 ;0 ;1 ;2 ;0 ;85 ;
901 ;0 ;1 ;3 ;0 ;93 ;
901 ;0 ;1 ;4 ;0 ;9 ;
901 ;0 ;1 ;5 ;0 ;34 ;
901 ;0 ;1 ;6 ;0 ;99 ;
901 ;0 ;2 ;1 ;0 ;66 ;
901 ;0 ;2 ;2 ;0 ;51 ;
901 ;0 ;2 ;3 ;0 ;74 ;
901 ;0 ;2 ;4 ;0 ;91 ;
901 ;0 ;2 ;5 ;0 ;32 ;
901 ;0 ;2 ;6 ;0 ;26 ;
902 ;0 ;0 ;1 ;0 ;65 ;
902 ;0 ;0 ;2 ;0 ;61 ;
902 ;0 ;0 ;3 ;0 ;94 ;
902 ;0 ;0 ;4 ;0 ;48 ;
902 ;0 ;0 ;5 ;0 ;40 ;
902 ;0 ;1 ;1 ;0 ;6 ;
902 ;0 ;1 ;2 ;0 ;24 ;
902 ;0 ;1 ;3 ;0 ;25 ;
902 ;0 ;1 ;4 ;0 ;50 ;
902 ;0 ;1 ;5 ;0 ;18 ;
903 ;0 ;0 ;2 ;0 ;118 ;
903 ;0 ;0 ;3 ;0 ;89 ;
903 ;0 ;0 ;4 ;0 ;29 ;
903 ;0 ;0 ;5 ;0 ;33 ;
903 ;0 ;1 ;2 ;0 ;31 ;
903 ;0 ;1 ;3 ;0 ;52 ;
903 ;0 ;1 ;4 ;0 ;98 ;
903 ;0 ;1 ;5 ;0 ;43 ;
904 ;0 ;0 ;2 ;0 ;72 ;
904 ;0 ;0 ;3 ;0 ;45 ;
904 ;0 ;0 ;4 ;0 ;90 ;
904 ;0 ;0 ;5 ;0 ;86 ;
904 ;0 ;1 ;2 ;0 ;82 ;
904 ;0 ;1 ;3 ;0 ;5 ;
904 ;0 ;1 ;4 ;0 ;17 ;
904 ;0 ;1 ;5 ;0 ;139 ;
