event; round;heat;lane;relais;idBib;
1 ;0 ;0 ;1 ;0 ;1 ;
1 ;0 ;0 ;2 ;0 ;20 ;
1 ;0 ;0 ;3 ;0 ;32 ;
1 ;0 ;0 ;4 ;0 ;43 ;
1 ;0 ;0 ;5 ;0 ;21 ;
1 ;0 ;0 ;6 ;0 ;65 ;
1 ;0 ;0 ;7 ;0 ;33 ;
1 ;0 ;0 ;8 ;0 ;2 ;
1 ;0 ;1 ;1 ;0 ;66 ;
1 ;0 ;1 ;2 ;0 ;3 ;
1 ;0 ;1 ;3 ;0 ;81 ;
1 ;0 ;1 ;4 ;0 ;87 ;
1 ;0 ;1 ;5 ;0 ;88 ;
1 ;0 ;1 ;6 ;0 ;67 ;
1 ;0 ;1 ;7 ;0 ;34 ;
1 ;0 ;1 ;8 ;0 ;68 ;
1 ;0 ;2 ;1 ;0 ;22 ;
1 ;0 ;2 ;2 ;0 ;46 ;
1 ;0 ;2 ;3 ;0 ;23 ;
1 ;0 ;2 ;4 ;0 ;4 ;
1 ;0 ;2 ;5 ;0 ;47 ;
1 ;0 ;2 ;6 ;0 ;48 ;
1 ;0 ;2 ;7 ;0 ;82 ;
1 ;0 ;2 ;8 ;0 ;35 ;
2 ;0 ;0 ;1 ;0 ;5 ;
2 ;0 ;0 ;2 ;0 ;69 ;
2 ;0 ;0 ;3 ;0 ;49 ;
2 ;0 ;0 ;4 ;0 ;83 ;
2 ;0 ;0 ;5 ;0 ;24 ;
2 ;0 ;0 ;6 ;0 ;25 ;
2 ;0 ;0 ;7 ;0 ;50 ;
2 ;0 ;0 ;8 ;0 ;70 ;
2 ;0 ;1 ;1 ;0 ;51 ;
2 ;0 ;1 ;2 ;0 ;6 ;
2 ;0 ;1 ;3 ;0 ;36 ;
2 ;0 ;1 ;4 ;0 ;52 ;
2 ;0 ;1 ;5 ;0 ;53 ;
2 ;0 ;1 ;6 ;0 ;7 ;
2 ;0 ;1 ;7 ;0 ;54 ;
2 ;0 ;1 ;8 ;0 ;37 ;
2 ;0 ;2 ;1 ;0 ;26 ;
2 ;0 ;2 ;2 ;0 ;27 ;
2 ;0 ;2 ;3 ;0 ;55 ;
2 ;0 ;2 ;4 ;0 ;84 ;
2 ;0 ;2 ;5 ;0 ;56 ;
2 ;0 ;2 ;6 ;0 ;57 ;
2 ;0 ;2 ;7 ;0 ;8 ;
2 ;0 ;2 ;8 ;0 ;58 ;
3 ;0 ;0 ;2 ;0 ;9 ;
3 ;0 ;0 ;3 ;0 ;28 ;
3 ;0 ;0 ;4 ;0 ;38 ;
3 ;0 ;0 ;5 ;0 ;39 ;
3 ;0 ;0 ;6 ;0 ;40 ;
3 ;0 ;0 ;7 ;0 ;17 ;
3 ;0 ;1 ;1 ;0 ;10 ;
3 ;0 ;1 ;2 ;0 ;11 ;
3 ;0 ;1 ;3 ;0 ;30 ;
3 ;0 ;1 ;4 ;0 ;71 ;
3 ;0 ;1 ;5 ;0 ;61 ;
3 ;0 ;1 ;6 ;0 ;41 ;
3 ;0 ;1 ;7 ;0 ;62 ;
3 ;0 ;2 ;1 ;0 ;75 ;
3 ;0 ;2 ;2 ;0 ;42 ;
3 ;0 ;2 ;3 ;0 ;72 ;
3 ;0 ;2 ;4 ;0 ;85 ;
3 ;0 ;2 ;5 ;0 ;59 ;
3 ;0 ;2 ;6 ;0 ;29 ;
3 ;0 ;2 ;7 ;0 ;60 ;
7 ;0 ;0 ;1 ;0 ;20 ;
7 ;0 ;0 ;2 ;0 ;34 ;
7 ;0 ;0 ;3 ;0 ;81 ;
7 ;0 ;0 ;4 ;0 ;43 ;
7 ;0 ;0 ;5 ;0 ;88 ;
7 ;0 ;0 ;6 ;0 ;23 ;
7 ;0 ;0 ;7 ;0 ;67 ;
7 ;0 ;0 ;8 ;0 ;76 ;
7 ;0 ;1 ;1 ;0 ;73 ;
7 ;0 ;1 ;2 ;0 ;3 ;
7 ;0 ;1 ;3 ;0 ;32 ;
7 ;0 ;1 ;4 ;0 ;47 ;
7 ;0 ;1 ;5 ;0 ;12 ;
7 ;0 ;1 ;6 ;0 ;77 ;
7 ;0 ;1 ;7 ;0 ;65 ;
7 ;0 ;1 ;8 ;0 ;13 ;
7 ;0 ;2 ;1 ;0 ;68 ;
7 ;0 ;2 ;2 ;0 ;46 ;
7 ;0 ;2 ;3 ;0 ;21 ;
7 ;0 ;2 ;4 ;0 ;87 ;
7 ;0 ;2 ;5 ;0 ;4 ;
7 ;0 ;2 ;6 ;0 ;86 ;
7 ;0 ;2 ;7 ;0 ;82 ;
7 ;0 ;2 ;8 ;0 ;1 ;
8 ;0 ;0 ;1 ;0 ;70 ;
8 ;0 ;0 ;2 ;0 ;27 ;
8 ;0 ;0 ;3 ;0 ;50 ;
8 ;0 ;0 ;4 ;0 ;83 ;
8 ;0 ;0 ;5 ;0 ;55 ;
8 ;0 ;0 ;6 ;0 ;7 ;
8 ;0 ;0 ;7 ;0 ;25 ;
8 ;0 ;0 ;8 ;0 ;54 ;
8 ;0 ;1 ;1 ;0 ;36 ;
8 ;0 ;1 ;2 ;0 ;69 ;
8 ;0 ;1 ;3 ;0 ;6 ;
8 ;0 ;1 ;4 ;0 ;56 ;
8 ;0 ;1 ;5 ;0 ;49 ;
8 ;0 ;1 ;6 ;0 ;24 ;
8 ;0 ;1 ;7 ;0 ;57 ;
8 ;0 ;1 ;8 ;0 ;37 ;
8 ;0 ;2 ;1 ;0 ;79 ;
8 ;0 ;2 ;2 ;0 ;80 ;
8 ;0 ;2 ;3 ;0 ;14 ;
8 ;0 ;2 ;4 ;0 ;84 ;
8 ;0 ;2 ;5 ;0 ;58 ;
8 ;0 ;2 ;6 ;0 ;74 ;
8 ;0 ;2 ;7 ;0 ;15 ;
8 ;0 ;2 ;8 ;0 ;16 ;
9 ;0 ;0 ;1 ;0 ;17 ;
9 ;0 ;0 ;2 ;0 ;62 ;
9 ;0 ;0 ;3 ;0 ;28 ;
9 ;0 ;0 ;4 ;0 ;30 ;
9 ;0 ;0 ;5 ;0 ;72 ;
9 ;0 ;0 ;6 ;0 ;60 ;
9 ;0 ;0 ;7 ;0 ;10 ;
9 ;0 ;1 ;1 ;0 ;18 ;
9 ;0 ;1 ;2 ;0 ;41 ;
9 ;0 ;1 ;3 ;0 ;39 ;
9 ;0 ;1 ;4 ;0 ;38 ;
9 ;0 ;1 ;5 ;0 ;59 ;
9 ;0 ;1 ;6 ;0 ;63 ;
9 ;0 ;1 ;7 ;0 ;42 ;
9 ;0 ;2 ;1 ;0 ;75 ;
9 ;0 ;2 ;2 ;0 ;11 ;
9 ;0 ;2 ;3 ;0 ;29 ;
9 ;0 ;2 ;4 ;0 ;71 ;
9 ;0 ;2 ;5 ;0 ;85 ;
9 ;0 ;2 ;6 ;0 ;19 ;
9 ;0 ;2 ;7 ;0 ;40 ;
9 ;0 ;2 ;8 ;0 ;31 ;
