event; round;heat;lane;relais;idBib;
301 ;0 ;0 ;1 ;0 ;436 ;
301 ;0 ;0 ;2 ;0 ;369 ;
301 ;0 ;0 ;3 ;0 ;129 ;
301 ;0 ;0 ;4 ;0 ;184 ;
301 ;0 ;0 ;5 ;0 ;288 ;
301 ;0 ;0 ;6 ;0 ;408 ;
301 ;0 ;1 ;1 ;0 ;161 ;
301 ;0 ;1 ;2 ;0 ;282 ;
301 ;0 ;1 ;3 ;0 ;342 ;
301 ;0 ;1 ;4 ;0 ;338 ;
301 ;0 ;1 ;5 ;0 ;366 ;
301 ;0 ;1 ;6 ;0 ;84 ;
301 ;0 ;2 ;1 ;0 ;273 ;
301 ;0 ;2 ;2 ;0 ;182 ;
301 ;0 ;2 ;3 ;0 ;20 ;
301 ;0 ;2 ;4 ;0 ;383 ;
301 ;0 ;2 ;5 ;0 ;435 ;
301 ;0 ;2 ;6 ;0 ;254 ;
301 ;0 ;3 ;1 ;0 ;93 ;
301 ;0 ;3 ;2 ;0 ;221 ;
301 ;0 ;3 ;3 ;0 ;259 ;
301 ;0 ;3 ;4 ;0 ;261 ;
301 ;0 ;3 ;5 ;0 ;214 ;
301 ;0 ;3 ;6 ;0 ;290 ;
301 ;0 ;4 ;1 ;0 ;87 ;
301 ;0 ;4 ;2 ;0 ;86 ;
301 ;0 ;4 ;3 ;0 ;35 ;
301 ;0 ;4 ;4 ;0 ;157 ;
301 ;0 ;4 ;5 ;0 ;401 ;
301 ;0 ;4 ;6 ;0 ;407 ;
301 ;0 ;5 ;1 ;0 ;373 ;
301 ;0 ;5 ;2 ;0 ;233 ;
301 ;0 ;5 ;3 ;0 ;174 ;
301 ;0 ;5 ;4 ;0 ;181 ;
301 ;0 ;5 ;5 ;0 ;313 ;
301 ;0 ;5 ;6 ;0 ;316 ;
301 ;0 ;6 ;1 ;0 ;356 ;
301 ;0 ;6 ;2 ;0 ;232 ;
301 ;0 ;6 ;3 ;0 ;409 ;
301 ;0 ;6 ;4 ;0 ;355 ;
301 ;0 ;6 ;5 ;0 ;235 ;
301 ;0 ;6 ;6 ;0 ;85 ;
301 ;0 ;7 ;1 ;0 ;209 ;
301 ;0 ;7 ;2 ;0 ;283 ;
301 ;0 ;7 ;3 ;0 ;41 ;
301 ;0 ;7 ;4 ;0 ;2 ;
301 ;0 ;7 ;5 ;0 ;115 ;
301 ;0 ;7 ;6 ;0 ;47 ;
301 ;0 ;8 ;1 ;0 ;382 ;
301 ;0 ;8 ;2 ;0 ;400 ;
301 ;0 ;8 ;3 ;0 ;365 ;
301 ;0 ;8 ;4 ;0 ;77 ;
301 ;0 ;8 ;5 ;0 ;368 ;
301 ;0 ;8 ;6 ;0 ;24 ;
301 ;0 ;9 ;1 ;0 ;286 ;
301 ;0 ;9 ;2 ;0 ;152 ;
301 ;0 ;9 ;3 ;0 ;79 ;
301 ;0 ;9 ;4 ;0 ;70 ;
301 ;0 ;9 ;5 ;0 ;317 ;
301 ;0 ;9 ;6 ;0 ;199 ;
301 ;0 ;10 ;1 ;0 ;80 ;
301 ;0 ;10 ;2 ;0 ;225 ;
301 ;0 ;10 ;3 ;0 ;229 ;
301 ;0 ;10 ;4 ;0 ;78 ;
301 ;0 ;10 ;5 ;0 ;136 ;
301 ;0 ;10 ;6 ;0 ;3 ;
301 ;0 ;11 ;1 ;0 ;5 ;
301 ;0 ;11 ;2 ;0 ;212 ;
301 ;0 ;11 ;3 ;0 ;73 ;
301 ;0 ;11 ;4 ;0 ;201 ;
301 ;0 ;11 ;5 ;0 ;276 ;
301 ;0 ;11 ;6 ;0 ;172 ;
301 ;0 ;12 ;1 ;0 ;387 ;
301 ;0 ;12 ;2 ;0 ;396 ;
301 ;0 ;12 ;3 ;0 ;155 ;
301 ;0 ;12 ;4 ;0 ;377 ;
301 ;0 ;12 ;5 ;0 ;117 ;
301 ;0 ;12 ;6 ;0 ;195 ;
301 ;0 ;13 ;1 ;0 ;148 ;
301 ;0 ;13 ;2 ;0 ;100 ;
301 ;0 ;13 ;3 ;0 ;153 ;
301 ;0 ;13 ;4 ;0 ;327 ;
301 ;0 ;13 ;5 ;0 ;364 ;
301 ;0 ;13 ;6 ;0 ;376 ;
301 ;0 ;14 ;1 ;0 ;137 ;
301 ;0 ;14 ;2 ;0 ;217 ;
301 ;0 ;14 ;3 ;0 ;63 ;
301 ;0 ;14 ;4 ;0 ;250 ;
301 ;0 ;14 ;5 ;0 ;287 ;
301 ;0 ;14 ;6 ;0 ;438 ;
301 ;0 ;15 ;1 ;0 ;413 ;
301 ;0 ;15 ;2 ;0 ;222 ;
301 ;0 ;15 ;3 ;0 ;130 ;
301 ;0 ;15 ;4 ;0 ;367 ;
301 ;0 ;15 ;5 ;0 ;447 ;
301 ;0 ;15 ;6 ;0 ;26 ;
301 ;0 ;16 ;1 ;0 ;17 ;
301 ;0 ;16 ;2 ;0 ;326 ;
301 ;0 ;16 ;3 ;0 ;139 ;
301 ;0 ;16 ;4 ;0 ;324 ;
301 ;0 ;16 ;5 ;0 ;27 ;
301 ;0 ;16 ;6 ;0 ;274 ;
301 ;0 ;17 ;1 ;0 ;337 ;
301 ;0 ;17 ;2 ;0 ;223 ;
301 ;0 ;17 ;3 ;0 ;360 ;
301 ;0 ;17 ;4 ;0 ;289 ;
301 ;0 ;17 ;5 ;0 ;441 ;
301 ;0 ;17 ;6 ;0 ;257 ;
301 ;0 ;18 ;1 ;0 ;25 ;
301 ;0 ;18 ;2 ;0 ;200 ;
301 ;0 ;18 ;3 ;0 ;281 ;
301 ;0 ;18 ;4 ;0 ;260 ;
301 ;0 ;18 ;5 ;0 ;422 ;
301 ;0 ;18 ;6 ;0 ;13 ;
302 ;0 ;0 ;1 ;0 ;72 ;
302 ;0 ;0 ;2 ;0 ;226 ;
302 ;0 ;0 ;3 ;0 ;104 ;
302 ;0 ;0 ;4 ;0 ;177 ;
302 ;0 ;0 ;5 ;0 ;312 ;
302 ;0 ;1 ;1 ;0 ;71 ;
302 ;0 ;1 ;2 ;0 ;371 ;
302 ;0 ;1 ;3 ;0 ;427 ;
302 ;0 ;1 ;4 ;0 ;412 ;
302 ;0 ;1 ;5 ;0 ;105 ;
303 ;0 ;0 ;2 ;0 ;284 ;
303 ;0 ;0 ;3 ;0 ;292 ;
303 ;0 ;0 ;4 ;0 ;87 ;
303 ;0 ;0 ;5 ;0 ;277 ;
303 ;0 ;1 ;2 ;0 ;67 ;
303 ;0 ;1 ;3 ;0 ;294 ;
303 ;0 ;1 ;4 ;0 ;74 ;
303 ;0 ;1 ;5 ;0 ;448 ;
303 ;0 ;2 ;1 ;0 ;204 ;
303 ;0 ;2 ;2 ;0 ;417 ;
303 ;0 ;2 ;3 ;0 ;129 ;
303 ;0 ;2 ;4 ;0 ;293 ;
303 ;0 ;2 ;5 ;0 ;152 ;
303 ;0 ;2 ;6 ;0 ;282 ;
303 ;0 ;3 ;1 ;0 ;369 ;
303 ;0 ;3 ;2 ;0 ;181 ;
303 ;0 ;3 ;3 ;0 ;440 ;
303 ;0 ;3 ;4 ;0 ;451 ;
303 ;0 ;3 ;5 ;0 ;233 ;
303 ;0 ;3 ;6 ;0 ;259 ;
303 ;0 ;4 ;1 ;0 ;366 ;
303 ;0 ;4 ;2 ;0 ;338 ;
303 ;0 ;4 ;3 ;0 ;243 ;
303 ;0 ;4 ;4 ;0 ;35 ;
303 ;0 ;4 ;5 ;0 ;100 ;
303 ;0 ;4 ;6 ;0 ;232 ;
303 ;0 ;5 ;1 ;0 ;112 ;
303 ;0 ;5 ;2 ;0 ;435 ;
303 ;0 ;5 ;3 ;0 ;221 ;
303 ;0 ;5 ;4 ;0 ;165 ;
303 ;0 ;5 ;5 ;0 ;69 ;
303 ;0 ;5 ;6 ;0 ;298 ;
303 ;0 ;6 ;1 ;0 ;383 ;
303 ;0 ;6 ;2 ;0 ;373 ;
303 ;0 ;6 ;3 ;0 ;405 ;
303 ;0 ;6 ;4 ;0 ;343 ;
303 ;0 ;6 ;5 ;0 ;77 ;
303 ;0 ;6 ;6 ;0 ;163 ;
303 ;0 ;7 ;1 ;0 ;237 ;
303 ;0 ;7 ;2 ;0 ;342 ;
303 ;0 ;7 ;3 ;0 ;60 ;
303 ;0 ;7 ;4 ;0 ;330 ;
303 ;0 ;7 ;5 ;0 ;214 ;
303 ;0 ;7 ;6 ;0 ;70 ;
303 ;0 ;8 ;1 ;0 ;132 ;
303 ;0 ;8 ;2 ;0 ;278 ;
303 ;0 ;8 ;3 ;0 ;408 ;
303 ;0 ;8 ;4 ;0 ;73 ;
303 ;0 ;8 ;5 ;0 ;182 ;
303 ;0 ;8 ;6 ;0 ;78 ;
303 ;0 ;9 ;1 ;0 ;47 ;
303 ;0 ;9 ;2 ;0 ;93 ;
303 ;0 ;9 ;3 ;0 ;288 ;
303 ;0 ;9 ;4 ;0 ;199 ;
303 ;0 ;9 ;5 ;0 ;273 ;
303 ;0 ;9 ;6 ;0 ;86 ;
303 ;0 ;10 ;1 ;0 ;264 ;
303 ;0 ;10 ;2 ;0 ;355 ;
303 ;0 ;10 ;3 ;0 ;336 ;
303 ;0 ;10 ;4 ;0 ;409 ;
303 ;0 ;10 ;5 ;0 ;261 ;
303 ;0 ;10 ;6 ;0 ;48 ;
303 ;0 ;11 ;1 ;0 ;167 ;
303 ;0 ;11 ;2 ;0 ;397 ;
303 ;0 ;11 ;3 ;0 ;24 ;
303 ;0 ;11 ;4 ;0 ;224 ;
303 ;0 ;11 ;5 ;0 ;407 ;
303 ;0 ;11 ;6 ;0 ;316 ;
303 ;0 ;12 ;1 ;0 ;382 ;
303 ;0 ;12 ;2 ;0 ;327 ;
303 ;0 ;12 ;3 ;0 ;377 ;
303 ;0 ;12 ;4 ;0 ;79 ;
303 ;0 ;12 ;5 ;0 ;130 ;
303 ;0 ;12 ;6 ;0 ;157 ;
303 ;0 ;13 ;1 ;0 ;392 ;
303 ;0 ;13 ;2 ;0 ;3 ;
303 ;0 ;13 ;3 ;0 ;387 ;
303 ;0 ;13 ;4 ;0 ;142 ;
303 ;0 ;13 ;5 ;0 ;413 ;
303 ;0 ;13 ;6 ;0 ;107 ;
303 ;0 ;14 ;1 ;0 ;229 ;
303 ;0 ;14 ;2 ;0 ;364 ;
303 ;0 ;14 ;3 ;0 ;201 ;
303 ;0 ;14 ;4 ;0 ;235 ;
303 ;0 ;14 ;5 ;0 ;81 ;
303 ;0 ;14 ;6 ;0 ;106 ;
303 ;0 ;15 ;1 ;0 ;85 ;
303 ;0 ;15 ;2 ;0 ;2 ;
303 ;0 ;15 ;3 ;0 ;286 ;
303 ;0 ;15 ;4 ;0 ;376 ;
303 ;0 ;15 ;5 ;0 ;368 ;
303 ;0 ;15 ;6 ;0 ;41 ;
303 ;0 ;16 ;1 ;0 ;391 ;
303 ;0 ;16 ;2 ;0 ;379 ;
303 ;0 ;16 ;3 ;0 ;117 ;
303 ;0 ;16 ;4 ;0 ;155 ;
303 ;0 ;16 ;5 ;0 ;230 ;
303 ;0 ;16 ;6 ;0 ;276 ;
303 ;0 ;17 ;1 ;0 ;209 ;
303 ;0 ;17 ;2 ;0 ;222 ;
303 ;0 ;17 ;3 ;0 ;80 ;
303 ;0 ;17 ;4 ;0 ;64 ;
303 ;0 ;17 ;5 ;0 ;447 ;
303 ;0 ;17 ;6 ;0 ;370 ;
303 ;0 ;18 ;1 ;0 ;194 ;
303 ;0 ;18 ;2 ;0 ;122 ;
303 ;0 ;18 ;3 ;0 ;23 ;
303 ;0 ;18 ;4 ;0 ;143 ;
303 ;0 ;18 ;5 ;0 ;220 ;
303 ;0 ;18 ;6 ;0 ;367 ;
303 ;0 ;19 ;1 ;0 ;27 ;
303 ;0 ;19 ;2 ;0 ;365 ;
303 ;0 ;19 ;3 ;0 ;257 ;
303 ;0 ;19 ;4 ;0 ;422 ;
303 ;0 ;19 ;5 ;0 ;326 ;
303 ;0 ;19 ;6 ;0 ;227 ;
303 ;0 ;20 ;1 ;0 ;151 ;
303 ;0 ;20 ;2 ;0 ;149 ;
303 ;0 ;20 ;3 ;0 ;128 ;
303 ;0 ;20 ;4 ;0 ;115 ;
303 ;0 ;20 ;5 ;0 ;61 ;
303 ;0 ;20 ;6 ;0 ;287 ;
303 ;0 ;21 ;1 ;0 ;68 ;
303 ;0 ;21 ;2 ;0 ;291 ;
303 ;0 ;21 ;3 ;0 ;337 ;
303 ;0 ;21 ;4 ;0 ;360 ;
303 ;0 ;21 ;5 ;0 ;147 ;
303 ;0 ;21 ;6 ;0 ;25 ;
303 ;0 ;22 ;1 ;0 ;101 ;
303 ;0 ;22 ;2 ;0 ;144 ;
303 ;0 ;22 ;3 ;0 ;324 ;
303 ;0 ;22 ;4 ;0 ;393 ;
303 ;0 ;22 ;5 ;0 ;13 ;
303 ;0 ;22 ;6 ;0 ;200 ;
304 ;0 ;0 ;1 ;0 ;301 ;
304 ;0 ;0 ;2 ;0 ;240 ;
304 ;0 ;0 ;3 ;0 ;304 ;
304 ;0 ;0 ;4 ;0 ;110 ;
304 ;0 ;0 ;5 ;0 ;303 ;
304 ;0 ;1 ;1 ;0 ;335 ;
304 ;0 ;1 ;2 ;0 ;444 ;
304 ;0 ;1 ;3 ;0 ;307 ;
304 ;0 ;1 ;4 ;0 ;29 ;
304 ;0 ;1 ;5 ;0 ;205 ;
304 ;0 ;1 ;6 ;0 ;353 ;
304 ;0 ;2 ;1 ;0 ;302 ;
304 ;0 ;2 ;2 ;0 ;319 ;
304 ;0 ;2 ;3 ;0 ;386 ;
304 ;0 ;2 ;4 ;0 ;193 ;
304 ;0 ;2 ;5 ;0 ;75 ;
304 ;0 ;2 ;6 ;0 ;145 ;
304 ;0 ;3 ;1 ;0 ;98 ;
304 ;0 ;3 ;2 ;0 ;9 ;
304 ;0 ;3 ;3 ;0 ;308 ;
304 ;0 ;3 ;4 ;0 ;244 ;
304 ;0 ;3 ;5 ;0 ;416 ;
304 ;0 ;3 ;6 ;0 ;42 ;
304 ;0 ;4 ;1 ;0 ;323 ;
304 ;0 ;4 ;2 ;0 ;109 ;
304 ;0 ;4 ;3 ;0 ;389 ;
304 ;0 ;4 ;4 ;0 ;131 ;
304 ;0 ;4 ;5 ;0 ;189 ;
304 ;0 ;4 ;6 ;0 ;133 ;
304 ;0 ;5 ;1 ;0 ;253 ;
304 ;0 ;5 ;2 ;0 ;91 ;
304 ;0 ;5 ;3 ;0 ;310 ;
304 ;0 ;5 ;4 ;0 ;332 ;
304 ;0 ;5 ;5 ;0 ;97 ;
304 ;0 ;5 ;6 ;0 ;28 ;
304 ;0 ;6 ;1 ;0 ;380 ;
304 ;0 ;6 ;2 ;0 ;169 ;
304 ;0 ;6 ;3 ;0 ;102 ;
304 ;0 ;6 ;4 ;0 ;140 ;
304 ;0 ;6 ;5 ;0 ;180 ;
304 ;0 ;6 ;6 ;0 ;138 ;
304 ;0 ;7 ;1 ;0 ;179 ;
304 ;0 ;7 ;2 ;0 ;207 ;
304 ;0 ;7 ;3 ;0 ;231 ;
304 ;0 ;7 ;4 ;0 ;49 ;
304 ;0 ;7 ;5 ;0 ;72 ;
304 ;0 ;7 ;6 ;0 ;125 ;
304 ;0 ;8 ;1 ;0 ;350 ;
304 ;0 ;8 ;2 ;0 ;398 ;
304 ;0 ;8 ;3 ;0 ;173 ;
304 ;0 ;8 ;4 ;0 ;320 ;
304 ;0 ;8 ;5 ;0 ;258 ;
304 ;0 ;8 ;6 ;0 ;44 ;
304 ;0 ;9 ;1 ;0 ;168 ;
304 ;0 ;9 ;2 ;0 ;315 ;
304 ;0 ;9 ;3 ;0 ;99 ;
304 ;0 ;9 ;4 ;0 ;348 ;
304 ;0 ;9 ;5 ;0 ;208 ;
304 ;0 ;9 ;6 ;0 ;160 ;
304 ;0 ;10 ;1 ;0 ;318 ;
304 ;0 ;10 ;2 ;0 ;334 ;
304 ;0 ;10 ;3 ;0 ;108 ;
304 ;0 ;10 ;4 ;0 ;192 ;
304 ;0 ;10 ;5 ;0 ;96 ;
304 ;0 ;10 ;6 ;0 ;265 ;
305 ;0 ;0 ;2 ;0 ;409 ;
305 ;0 ;0 ;3 ;0 ;355 ;
305 ;0 ;0 ;4 ;0 ;182 ;
305 ;0 ;0 ;5 ;0 ;273 ;
305 ;0 ;1 ;1 ;0 ;388 ;
305 ;0 ;1 ;2 ;0 ;85 ;
305 ;0 ;1 ;3 ;0 ;316 ;
305 ;0 ;1 ;4 ;0 ;172 ;
305 ;0 ;1 ;5 ;0 ;365 ;
305 ;0 ;2 ;1 ;0 ;2 ;
305 ;0 ;2 ;2 ;0 ;80 ;
305 ;0 ;2 ;3 ;0 ;136 ;
305 ;0 ;2 ;4 ;0 ;86 ;
305 ;0 ;2 ;5 ;0 ;391 ;
305 ;0 ;2 ;6 ;0 ;250 ;
305 ;0 ;3 ;1 ;0 ;376 ;
305 ;0 ;3 ;2 ;0 ;377 ;
305 ;0 ;3 ;3 ;0 ;313 ;
305 ;0 ;3 ;4 ;0 ;48 ;
305 ;0 ;3 ;5 ;0 ;100 ;
305 ;0 ;3 ;6 ;0 ;117 ;
305 ;0 ;4 ;1 ;0 ;382 ;
305 ;0 ;4 ;2 ;0 ;276 ;
305 ;0 ;4 ;3 ;0 ;141 ;
305 ;0 ;4 ;4 ;0 ;137 ;
305 ;0 ;4 ;5 ;0 ;195 ;
305 ;0 ;4 ;6 ;0 ;151 ;
305 ;0 ;5 ;1 ;0 ;368 ;
305 ;0 ;5 ;2 ;0 ;438 ;
305 ;0 ;5 ;3 ;0 ;447 ;
305 ;0 ;5 ;4 ;0 ;327 ;
305 ;0 ;5 ;5 ;0 ;79 ;
305 ;0 ;5 ;6 ;0 ;287 ;
305 ;0 ;6 ;1 ;0 ;220 ;
305 ;0 ;6 ;2 ;0 ;130 ;
305 ;0 ;6 ;3 ;0 ;413 ;
305 ;0 ;6 ;4 ;0 ;64 ;
305 ;0 ;6 ;5 ;0 ;441 ;
305 ;0 ;6 ;6 ;0 ;326 ;
305 ;0 ;7 ;1 ;0 ;274 ;
305 ;0 ;7 ;2 ;0 ;61 ;
305 ;0 ;7 ;3 ;0 ;422 ;
305 ;0 ;7 ;4 ;0 ;17 ;
305 ;0 ;7 ;5 ;0 ;143 ;
305 ;0 ;7 ;6 ;0 ;95 ;
305 ;0 ;8 ;1 ;0 ;367 ;
305 ;0 ;8 ;2 ;0 ;399 ;
305 ;0 ;8 ;3 ;0 ;139 ;
305 ;0 ;8 ;4 ;0 ;27 ;
305 ;0 ;8 ;5 ;0 ;314 ;
305 ;0 ;8 ;6 ;0 ;289 ;
305 ;0 ;9 ;1 ;0 ;223 ;
305 ;0 ;9 ;2 ;0 ;228 ;
305 ;0 ;9 ;3 ;0 ;281 ;
305 ;0 ;9 ;4 ;0 ;257 ;
305 ;0 ;9 ;5 ;0 ;324 ;
305 ;0 ;9 ;6 ;0 ;158 ;
306 ;0 ;0 ;1 ;0 ;177 ;
306 ;0 ;0 ;2 ;0 ;398 ;
306 ;0 ;0 ;3 ;0 ;49 ;
306 ;0 ;0 ;4 ;0 ;133 ;
306 ;0 ;0 ;5 ;0 ;265 ;
306 ;0 ;1 ;1 ;0 ;350 ;
306 ;0 ;1 ;2 ;0 ;348 ;
306 ;0 ;1 ;3 ;0 ;96 ;
306 ;0 ;1 ;4 ;0 ;208 ;
306 ;0 ;1 ;5 ;0 ;108 ;
306 ;0 ;2 ;1 ;0 ;354 ;
306 ;0 ;2 ;2 ;0 ;412 ;
306 ;0 ;2 ;3 ;0 ;352 ;
306 ;0 ;2 ;4 ;0 ;427 ;
306 ;0 ;2 ;5 ;0 ;334 ;
306 ;0 ;2 ;6 ;0 ;371 ;
307 ;0 ;0 ;1 ;0 ;74 ;
307 ;0 ;0 ;2 ;0 ;187 ;
307 ;0 ;0 ;3 ;0 ;67 ;
307 ;0 ;0 ;4 ;0 ;182 ;
307 ;0 ;0 ;5 ;0 ;451 ;
307 ;0 ;1 ;1 ;0 ;278 ;
307 ;0 ;1 ;2 ;0 ;298 ;
307 ;0 ;1 ;3 ;0 ;366 ;
307 ;0 ;1 ;4 ;0 ;181 ;
307 ;0 ;1 ;5 ;0 ;282 ;
307 ;0 ;1 ;6 ;0 ;440 ;
307 ;0 ;2 ;1 ;0 ;369 ;
307 ;0 ;2 ;2 ;0 ;254 ;
307 ;0 ;2 ;3 ;0 ;436 ;
307 ;0 ;2 ;4 ;0 ;264 ;
307 ;0 ;2 ;5 ;0 ;163 ;
307 ;0 ;2 ;6 ;0 ;112 ;
307 ;0 ;3 ;1 ;0 ;161 ;
307 ;0 ;3 ;2 ;0 ;184 ;
307 ;0 ;3 ;3 ;0 ;152 ;
307 ;0 ;3 ;4 ;0 ;333 ;
307 ;0 ;3 ;5 ;0 ;342 ;
307 ;0 ;3 ;6 ;0 ;435 ;
307 ;0 ;4 ;1 ;0 ;259 ;
307 ;0 ;4 ;2 ;0 ;392 ;
307 ;0 ;4 ;3 ;0 ;35 ;
307 ;0 ;4 ;4 ;0 ;69 ;
307 ;0 ;4 ;5 ;0 ;261 ;
307 ;0 ;4 ;6 ;0 ;87 ;
307 ;0 ;5 ;1 ;0 ;214 ;
307 ;0 ;5 ;2 ;0 ;237 ;
307 ;0 ;5 ;3 ;0 ;81 ;
307 ;0 ;5 ;4 ;0 ;316 ;
307 ;0 ;5 ;5 ;0 ;379 ;
307 ;0 ;5 ;6 ;0 ;355 ;
307 ;0 ;6 ;1 ;0 ;232 ;
307 ;0 ;6 ;2 ;0 ;313 ;
307 ;0 ;6 ;3 ;0 ;373 ;
307 ;0 ;6 ;4 ;0 ;409 ;
307 ;0 ;6 ;5 ;0 ;157 ;
307 ;0 ;6 ;6 ;0 ;407 ;
307 ;0 ;7 ;1 ;0 ;77 ;
307 ;0 ;7 ;2 ;0 ;273 ;
307 ;0 ;7 ;3 ;0 ;106 ;
307 ;0 ;7 ;4 ;0 ;343 ;
307 ;0 ;7 ;5 ;0 ;142 ;
307 ;0 ;7 ;6 ;0 ;387 ;
307 ;0 ;8 ;1 ;0 ;382 ;
307 ;0 ;8 ;2 ;0 ;388 ;
307 ;0 ;8 ;3 ;0 ;283 ;
307 ;0 ;8 ;4 ;0 ;233 ;
307 ;0 ;8 ;5 ;0 ;330 ;
307 ;0 ;8 ;6 ;0 ;225 ;
307 ;0 ;9 ;1 ;0 ;5 ;
307 ;0 ;9 ;2 ;0 ;290 ;
307 ;0 ;9 ;3 ;0 ;365 ;
307 ;0 ;9 ;4 ;0 ;107 ;
307 ;0 ;9 ;5 ;0 ;212 ;
307 ;0 ;9 ;6 ;0 ;70 ;
307 ;0 ;10 ;1 ;0 ;400 ;
307 ;0 ;10 ;2 ;0 ;235 ;
307 ;0 ;10 ;3 ;0 ;41 ;
307 ;0 ;10 ;4 ;0 ;100 ;
307 ;0 ;10 ;5 ;0 ;73 ;
307 ;0 ;10 ;6 ;0 ;86 ;
307 ;0 ;11 ;1 ;0 ;3 ;
307 ;0 ;11 ;2 ;0 ;391 ;
307 ;0 ;11 ;3 ;0 ;2 ;
307 ;0 ;11 ;4 ;0 ;78 ;
307 ;0 ;11 ;5 ;0 ;286 ;
307 ;0 ;11 ;6 ;0 ;229 ;
307 ;0 ;12 ;1 ;0 ;85 ;
307 ;0 ;12 ;2 ;0 ;130 ;
307 ;0 ;12 ;3 ;0 ;364 ;
307 ;0 ;12 ;4 ;0 ;377 ;
307 ;0 ;12 ;5 ;0 ;155 ;
307 ;0 ;12 ;6 ;0 ;401 ;
307 ;0 ;13 ;1 ;0 ;396 ;
307 ;0 ;13 ;2 ;0 ;79 ;
307 ;0 ;13 ;3 ;0 ;122 ;
307 ;0 ;13 ;4 ;0 ;209 ;
307 ;0 ;13 ;5 ;0 ;224 ;
307 ;0 ;13 ;6 ;0 ;141 ;
307 ;0 ;14 ;1 ;0 ;438 ;
307 ;0 ;14 ;2 ;0 ;172 ;
307 ;0 ;14 ;3 ;0 ;117 ;
307 ;0 ;14 ;4 ;0 ;80 ;
307 ;0 ;14 ;5 ;0 ;167 ;
307 ;0 ;14 ;6 ;0 ;183 ;
307 ;0 ;15 ;1 ;0 ;368 ;
307 ;0 ;15 ;2 ;0 ;327 ;
307 ;0 ;15 ;3 ;0 ;230 ;
307 ;0 ;15 ;4 ;0 ;222 ;
307 ;0 ;15 ;5 ;0 ;413 ;
307 ;0 ;15 ;6 ;0 ;217 ;
307 ;0 ;16 ;1 ;0 ;115 ;
307 ;0 ;16 ;2 ;0 ;250 ;
307 ;0 ;16 ;3 ;0 ;367 ;
307 ;0 ;16 ;4 ;0 ;143 ;
307 ;0 ;16 ;5 ;0 ;17 ;
307 ;0 ;16 ;6 ;0 ;227 ;
307 ;0 ;17 ;1 ;0 ;149 ;
307 ;0 ;17 ;2 ;0 ;447 ;
307 ;0 ;17 ;3 ;0 ;287 ;
307 ;0 ;17 ;4 ;0 ;326 ;
307 ;0 ;17 ;5 ;0 ;151 ;
307 ;0 ;17 ;6 ;0 ;26 ;
307 ;0 ;18 ;1 ;0 ;291 ;
307 ;0 ;18 ;2 ;0 ;139 ;
307 ;0 ;18 ;3 ;0 ;61 ;
307 ;0 ;18 ;4 ;0 ;289 ;
307 ;0 ;18 ;5 ;0 ;257 ;
307 ;0 ;18 ;6 ;0 ;68 ;
307 ;0 ;19 ;1 ;0 ;144 ;
307 ;0 ;19 ;2 ;0 ;200 ;
307 ;0 ;19 ;3 ;0 ;210 ;
307 ;0 ;19 ;4 ;0 ;260 ;
307 ;0 ;19 ;5 ;0 ;281 ;
307 ;0 ;19 ;6 ;0 ;422 ;
401 ;0 ;0 ;1 ;0 ;69 ;
401 ;0 ;0 ;2 ;0 ;273 ;
401 ;0 ;0 ;3 ;0 ;338 ;
401 ;0 ;0 ;4 ;0 ;342 ;
401 ;0 ;0 ;5 ;0 ;261 ;
401 ;0 ;1 ;1 ;0 ;369 ;
401 ;0 ;1 ;2 ;0 ;184 ;
401 ;0 ;1 ;3 ;0 ;87 ;
401 ;0 ;1 ;4 ;0 ;93 ;
401 ;0 ;1 ;5 ;0 ;235 ;
401 ;0 ;2 ;1 ;0 ;106 ;
401 ;0 ;2 ;2 ;0 ;86 ;
401 ;0 ;2 ;3 ;0 ;400 ;
401 ;0 ;2 ;4 ;0 ;356 ;
401 ;0 ;2 ;5 ;0 ;35 ;
401 ;0 ;2 ;6 ;0 ;77 ;
401 ;0 ;3 ;1 ;0 ;233 ;
401 ;0 ;3 ;2 ;0 ;3 ;
401 ;0 ;3 ;3 ;0 ;199 ;
401 ;0 ;3 ;4 ;0 ;232 ;
401 ;0 ;3 ;5 ;0 ;100 ;
401 ;0 ;3 ;6 ;0 ;136 ;
401 ;0 ;4 ;1 ;0 ;117 ;
401 ;0 ;4 ;2 ;0 ;225 ;
401 ;0 ;4 ;3 ;0 ;368 ;
401 ;0 ;4 ;4 ;0 ;387 ;
401 ;0 ;4 ;5 ;0 ;401 ;
401 ;0 ;4 ;6 ;0 ;195 ;
401 ;0 ;5 ;1 ;0 ;396 ;
401 ;0 ;5 ;2 ;0 ;83 ;
401 ;0 ;5 ;3 ;0 ;79 ;
401 ;0 ;5 ;4 ;0 ;276 ;
401 ;0 ;5 ;5 ;0 ;155 ;
401 ;0 ;5 ;6 ;0 ;377 ;
401 ;0 ;6 ;1 ;0 ;344 ;
401 ;0 ;6 ;2 ;0 ;438 ;
401 ;0 ;6 ;3 ;0 ;413 ;
401 ;0 ;6 ;4 ;0 ;137 ;
401 ;0 ;6 ;5 ;0 ;222 ;
401 ;0 ;6 ;6 ;0 ;274 ;
401 ;0 ;7 ;1 ;0 ;130 ;
401 ;0 ;7 ;2 ;0 ;287 ;
401 ;0 ;7 ;3 ;0 ;194 ;
401 ;0 ;7 ;4 ;0 ;326 ;
401 ;0 ;7 ;5 ;0 ;422 ;
401 ;0 ;7 ;6 ;0 ;17 ;
401 ;0 ;8 ;1 ;0 ;26 ;
401 ;0 ;8 ;2 ;0 ;367 ;
401 ;0 ;8 ;3 ;0 ;441 ;
401 ;0 ;8 ;4 ;0 ;242 ;
401 ;0 ;8 ;5 ;0 ;143 ;
401 ;0 ;8 ;6 ;0 ;223 ;
401 ;0 ;9 ;1 ;0 ;289 ;
401 ;0 ;9 ;2 ;0 ;257 ;
401 ;0 ;9 ;3 ;0 ;228 ;
401 ;0 ;9 ;4 ;0 ;324 ;
401 ;0 ;9 ;5 ;0 ;158 ;
401 ;0 ;9 ;6 ;0 ;399 ;
402 ;0 ;0 ;2 ;0 ;308 ;
402 ;0 ;0 ;3 ;0 ;307 ;
402 ;0 ;0 ;4 ;0 ;82 ;
402 ;0 ;0 ;5 ;0 ;98 ;
402 ;0 ;1 ;2 ;0 ;6 ;
402 ;0 ;1 ;3 ;0 ;91 ;
402 ;0 ;1 ;4 ;0 ;207 ;
402 ;0 ;1 ;5 ;0 ;125 ;
402 ;0 ;2 ;1 ;0 ;231 ;
402 ;0 ;2 ;2 ;0 ;15 ;
402 ;0 ;2 ;3 ;0 ;332 ;
402 ;0 ;2 ;4 ;0 ;49 ;
402 ;0 ;2 ;5 ;0 ;133 ;
402 ;0 ;2 ;6 ;0 ;96 ;
402 ;0 ;3 ;1 ;0 ;177 ;
402 ;0 ;3 ;2 ;0 ;350 ;
402 ;0 ;3 ;3 ;0 ;312 ;
402 ;0 ;3 ;4 ;0 ;265 ;
402 ;0 ;3 ;5 ;0 ;348 ;
402 ;0 ;3 ;6 ;0 ;208 ;
402 ;0 ;4 ;1 ;0 ;334 ;
402 ;0 ;4 ;2 ;0 ;427 ;
402 ;0 ;4 ;3 ;0 ;352 ;
402 ;0 ;4 ;4 ;0 ;192 ;
402 ;0 ;4 ;5 ;0 ;354 ;
402 ;0 ;4 ;6 ;0 ;371 ;
403 ;0 ;0 ;1 ;0 ;284 ;
403 ;0 ;0 ;2 ;0 ;417 ;
403 ;0 ;0 ;3 ;0 ;366 ;
403 ;0 ;0 ;4 ;0 ;278 ;
403 ;0 ;0 ;5 ;0 ;392 ;
403 ;0 ;1 ;1 ;0 ;435 ;
403 ;0 ;1 ;2 ;0 ;369 ;
403 ;0 ;1 ;3 ;0 ;93 ;
403 ;0 ;1 ;4 ;0 ;67 ;
403 ;0 ;1 ;5 ;0 ;235 ;
403 ;0 ;2 ;1 ;0 ;214 ;
403 ;0 ;2 ;2 ;0 ;338 ;
403 ;0 ;2 ;3 ;0 ;204 ;
403 ;0 ;2 ;4 ;0 ;259 ;
403 ;0 ;2 ;5 ;0 ;69 ;
403 ;0 ;2 ;6 ;0 ;264 ;
403 ;0 ;3 ;1 ;0 ;333 ;
403 ;0 ;3 ;2 ;0 ;282 ;
403 ;0 ;3 ;3 ;0 ;161 ;
403 ;0 ;3 ;4 ;0 ;87 ;
403 ;0 ;3 ;5 ;0 ;165 ;
403 ;0 ;3 ;6 ;0 ;20 ;
403 ;0 ;4 ;1 ;0 ;142 ;
403 ;0 ;4 ;2 ;0 ;451 ;
403 ;0 ;4 ;3 ;0 ;2 ;
403 ;0 ;4 ;4 ;0 ;152 ;
403 ;0 ;4 ;5 ;0 ;407 ;
403 ;0 ;4 ;6 ;0 ;356 ;
403 ;0 ;5 ;1 ;0 ;397 ;
403 ;0 ;5 ;2 ;0 ;440 ;
403 ;0 ;5 ;3 ;0 ;77 ;
403 ;0 ;5 ;4 ;0 ;343 ;
403 ;0 ;5 ;5 ;0 ;221 ;
403 ;0 ;5 ;6 ;0 ;288 ;
403 ;0 ;6 ;1 ;0 ;400 ;
403 ;0 ;6 ;2 ;0 ;85 ;
403 ;0 ;6 ;3 ;0 ;70 ;
403 ;0 ;6 ;4 ;0 ;86 ;
403 ;0 ;6 ;5 ;0 ;48 ;
403 ;0 ;6 ;6 ;0 ;283 ;
403 ;0 ;7 ;1 ;0 ;377 ;
403 ;0 ;7 ;2 ;0 ;291 ;
403 ;0 ;7 ;3 ;0 ;330 ;
403 ;0 ;7 ;4 ;0 ;383 ;
403 ;0 ;7 ;5 ;0 ;73 ;
403 ;0 ;7 ;6 ;0 ;100 ;
403 ;0 ;8 ;1 ;0 ;382 ;
403 ;0 ;8 ;2 ;0 ;367 ;
403 ;0 ;8 ;3 ;0 ;209 ;
403 ;0 ;8 ;4 ;0 ;199 ;
403 ;0 ;8 ;5 ;0 ;195 ;
403 ;0 ;8 ;6 ;0 ;439 ;
403 ;0 ;9 ;1 ;0 ;388 ;
403 ;0 ;9 ;2 ;0 ;408 ;
403 ;0 ;9 ;3 ;0 ;230 ;
403 ;0 ;9 ;4 ;0 ;368 ;
403 ;0 ;9 ;5 ;0 ;217 ;
403 ;0 ;9 ;6 ;0 ;229 ;
403 ;0 ;10 ;1 ;0 ;148 ;
403 ;0 ;10 ;2 ;0 ;396 ;
403 ;0 ;10 ;3 ;0 ;83 ;
403 ;0 ;10 ;4 ;0 ;130 ;
403 ;0 ;10 ;5 ;0 ;225 ;
403 ;0 ;10 ;6 ;0 ;3 ;
403 ;0 ;11 ;1 ;0 ;336 ;
403 ;0 ;11 ;2 ;0 ;79 ;
403 ;0 ;11 ;3 ;0 ;202 ;
403 ;0 ;11 ;4 ;0 ;224 ;
403 ;0 ;11 ;5 ;0 ;117 ;
403 ;0 ;11 ;6 ;0 ;365 ;
403 ;0 ;12 ;1 ;0 ;227 ;
403 ;0 ;12 ;2 ;0 ;327 ;
403 ;0 ;12 ;3 ;0 ;287 ;
403 ;0 ;12 ;4 ;0 ;153 ;
403 ;0 ;12 ;5 ;0 ;220 ;
403 ;0 ;12 ;6 ;0 ;92 ;
403 ;0 ;13 ;1 ;0 ;222 ;
403 ;0 ;13 ;2 ;0 ;413 ;
403 ;0 ;13 ;3 ;0 ;257 ;
403 ;0 ;13 ;4 ;0 ;274 ;
403 ;0 ;13 ;5 ;0 ;344 ;
403 ;0 ;13 ;6 ;0 ;422 ;
403 ;0 ;14 ;1 ;0 ;68 ;
403 ;0 ;14 ;2 ;0 ;128 ;
403 ;0 ;14 ;3 ;0 ;95 ;
403 ;0 ;14 ;4 ;0 ;360 ;
403 ;0 ;14 ;5 ;0 ;13 ;
403 ;0 ;14 ;6 ;0 ;447 ;
403 ;0 ;15 ;1 ;0 ;25 ;
403 ;0 ;15 ;2 ;0 ;324 ;
403 ;0 ;15 ;3 ;0 ;260 ;
403 ;0 ;15 ;4 ;0 ;228 ;
403 ;0 ;15 ;5 ;0 ;289 ;
403 ;0 ;15 ;6 ;0 ;147 ;
404 ;0 ;0 ;2 ;0 ;240 ;
404 ;0 ;0 ;3 ;0 ;301 ;
404 ;0 ;0 ;4 ;0 ;300 ;
404 ;0 ;0 ;5 ;0 ;304 ;
404 ;0 ;1 ;1 ;0 ;303 ;
404 ;0 ;1 ;2 ;0 ;110 ;
404 ;0 ;1 ;3 ;0 ;444 ;
404 ;0 ;1 ;4 ;0 ;193 ;
404 ;0 ;1 ;5 ;0 ;353 ;
404 ;0 ;2 ;1 ;0 ;98 ;
404 ;0 ;2 ;2 ;0 ;29 ;
404 ;0 ;2 ;3 ;0 ;109 ;
404 ;0 ;2 ;4 ;0 ;307 ;
404 ;0 ;2 ;5 ;0 ;145 ;
404 ;0 ;2 ;6 ;0 ;189 ;
404 ;0 ;3 ;1 ;0 ;319 ;
404 ;0 ;3 ;2 ;0 ;131 ;
404 ;0 ;3 ;3 ;0 ;416 ;
404 ;0 ;3 ;4 ;0 ;244 ;
404 ;0 ;3 ;5 ;0 ;253 ;
404 ;0 ;3 ;6 ;0 ;350 ;
404 ;0 ;4 ;1 ;0 ;82 ;
404 ;0 ;4 ;2 ;0 ;91 ;
404 ;0 ;4 ;3 ;0 ;6 ;
404 ;0 ;4 ;4 ;0 ;15 ;
404 ;0 ;4 ;5 ;0 ;323 ;
404 ;0 ;4 ;6 ;0 ;332 ;
404 ;0 ;5 ;1 ;0 ;310 ;
404 ;0 ;5 ;2 ;0 ;169 ;
404 ;0 ;5 ;3 ;0 ;231 ;
404 ;0 ;5 ;4 ;0 ;28 ;
404 ;0 ;5 ;5 ;0 ;138 ;
404 ;0 ;5 ;6 ;0 ;49 ;
404 ;0 ;6 ;1 ;0 ;265 ;
404 ;0 ;6 ;2 ;0 ;102 ;
404 ;0 ;6 ;3 ;0 ;173 ;
404 ;0 ;6 ;4 ;0 ;125 ;
404 ;0 ;6 ;5 ;0 ;72 ;
404 ;0 ;6 ;6 ;0 ;99 ;
404 ;0 ;7 ;1 ;0 ;96 ;
404 ;0 ;7 ;2 ;0 ;315 ;
404 ;0 ;7 ;3 ;0 ;258 ;
404 ;0 ;7 ;4 ;0 ;44 ;
404 ;0 ;7 ;5 ;0 ;105 ;
404 ;0 ;7 ;6 ;0 ;312 ;
404 ;0 ;8 ;1 ;0 ;50 ;
404 ;0 ;8 ;2 ;0 ;168 ;
404 ;0 ;8 ;3 ;0 ;318 ;
404 ;0 ;8 ;4 ;0 ;354 ;
404 ;0 ;8 ;5 ;0 ;320 ;
404 ;0 ;8 ;6 ;0 ;208 ;
405 ;0 ;0 ;1 ;0 ;187 ;
405 ;0 ;0 ;2 ;0 ;232 ;
405 ;0 ;0 ;3 ;0 ;366 ;
405 ;0 ;0 ;4 ;0 ;209 ;
405 ;0 ;0 ;5 ;0 ;157 ;
405 ;0 ;0 ;6 ;0 ;405 ;
405 ;0 ;1 ;1 ;0 ;264 ;
405 ;0 ;1 ;2 ;0 ;115 ;
405 ;0 ;1 ;3 ;0 ;48 ;
405 ;0 ;1 ;4 ;0 ;136 ;
405 ;0 ;1 ;5 ;0 ;86 ;
405 ;0 ;1 ;6 ;0 ;2 ;
405 ;0 ;2 ;1 ;0 ;87 ;
405 ;0 ;2 ;2 ;0 ;388 ;
405 ;0 ;2 ;3 ;0 ;382 ;
405 ;0 ;2 ;4 ;0 ;365 ;
405 ;0 ;2 ;5 ;0 ;392 ;
405 ;0 ;2 ;6 ;0 ;283 ;
405 ;0 ;3 ;1 ;0 ;407 ;
405 ;0 ;3 ;2 ;0 ;290 ;
405 ;0 ;3 ;3 ;0 ;377 ;
405 ;0 ;3 ;4 ;0 ;141 ;
405 ;0 ;3 ;5 ;0 ;85 ;
405 ;0 ;3 ;6 ;0 ;397 ;
405 ;0 ;4 ;1 ;0 ;70 ;
405 ;0 ;4 ;2 ;0 ;167 ;
405 ;0 ;4 ;3 ;0 ;172 ;
405 ;0 ;4 ;4 ;0 ;155 ;
405 ;0 ;4 ;5 ;0 ;230 ;
405 ;0 ;4 ;6 ;0 ;122 ;
405 ;0 ;5 ;1 ;0 ;276 ;
405 ;0 ;5 ;2 ;0 ;83 ;
405 ;0 ;5 ;3 ;0 ;79 ;
405 ;0 ;5 ;4 ;0 ;372 ;
405 ;0 ;5 ;5 ;0 ;250 ;
405 ;0 ;5 ;6 ;0 ;220 ;
405 ;0 ;6 ;1 ;0 ;438 ;
405 ;0 ;6 ;2 ;0 ;100 ;
405 ;0 ;6 ;3 ;0 ;396 ;
405 ;0 ;6 ;4 ;0 ;63 ;
405 ;0 ;6 ;5 ;0 ;153 ;
405 ;0 ;6 ;6 ;0 ;217 ;
405 ;0 ;7 ;1 ;0 ;327 ;
405 ;0 ;7 ;2 ;0 ;368 ;
405 ;0 ;7 ;3 ;0 ;227 ;
405 ;0 ;7 ;4 ;0 ;130 ;
405 ;0 ;7 ;5 ;0 ;202 ;
405 ;0 ;7 ;6 ;0 ;224 ;
405 ;0 ;8 ;1 ;0 ;183 ;
405 ;0 ;8 ;2 ;0 ;447 ;
405 ;0 ;8 ;3 ;0 ;439 ;
405 ;0 ;8 ;4 ;0 ;357 ;
405 ;0 ;8 ;5 ;0 ;326 ;
405 ;0 ;8 ;6 ;0 ;287 ;
405 ;0 ;9 ;1 ;0 ;26 ;
405 ;0 ;9 ;2 ;0 ;17 ;
405 ;0 ;9 ;3 ;0 ;68 ;
405 ;0 ;9 ;4 ;0 ;367 ;
405 ;0 ;9 ;5 ;0 ;117 ;
405 ;0 ;9 ;6 ;0 ;274 ;
405 ;0 ;10 ;1 ;0 ;195 ;
405 ;0 ;10 ;2 ;0 ;95 ;
405 ;0 ;10 ;3 ;0 ;257 ;
405 ;0 ;10 ;4 ;0 ;289 ;
405 ;0 ;10 ;5 ;0 ;441 ;
405 ;0 ;10 ;6 ;0 ;337 ;
405 ;0 ;11 ;1 ;0 ;422 ;
405 ;0 ;11 ;2 ;0 ;324 ;
405 ;0 ;11 ;3 ;0 ;281 ;
405 ;0 ;11 ;4 ;0 ;228 ;
405 ;0 ;11 ;5 ;0 ;260 ;
405 ;0 ;11 ;6 ;0 ;223 ;
406 ;0 ;0 ;2 ;0 ;318 ;
406 ;0 ;0 ;3 ;0 ;133 ;
406 ;0 ;0 ;4 ;0 ;208 ;
406 ;0 ;0 ;5 ;0 ;312 ;
406 ;0 ;1 ;1 ;0 ;315 ;
406 ;0 ;1 ;2 ;0 ;71 ;
406 ;0 ;1 ;3 ;0 ;371 ;
406 ;0 ;1 ;4 ;0 ;320 ;
406 ;0 ;1 ;5 ;0 ;104 ;
407 ;0 ;0 ;2 ;0 ;20 ;
407 ;0 ;0 ;3 ;0 ;87 ;
407 ;0 ;0 ;4 ;0 ;214 ;
407 ;0 ;0 ;5 ;0 ;86 ;
407 ;0 ;1 ;1 ;0 ;81 ;
407 ;0 ;1 ;2 ;0 ;77 ;
407 ;0 ;1 ;3 ;0 ;70 ;
407 ;0 ;1 ;4 ;0 ;290 ;
407 ;0 ;1 ;5 ;0 ;377 ;
407 ;0 ;2 ;1 ;0 ;199 ;
407 ;0 ;2 ;2 ;0 ;100 ;
407 ;0 ;2 ;3 ;0 ;212 ;
407 ;0 ;2 ;4 ;0 ;3 ;
407 ;0 ;2 ;5 ;0 ;5 ;
407 ;0 ;2 ;6 ;0 ;276 ;
407 ;0 ;3 ;1 ;0 ;336 ;
407 ;0 ;3 ;2 ;0 ;229 ;
407 ;0 ;3 ;3 ;0 ;387 ;
407 ;0 ;3 ;4 ;0 ;224 ;
407 ;0 ;3 ;5 ;0 ;117 ;
407 ;0 ;3 ;6 ;0 ;413 ;
407 ;0 ;4 ;1 ;0 ;83 ;
407 ;0 ;4 ;2 ;0 ;153 ;
407 ;0 ;4 ;3 ;0 ;357 ;
407 ;0 ;4 ;4 ;0 ;191 ;
407 ;0 ;4 ;5 ;0 ;367 ;
407 ;0 ;4 ;6 ;0 ;17 ;
407 ;0 ;5 ;1 ;0 ;202 ;
407 ;0 ;5 ;2 ;0 ;447 ;
407 ;0 ;5 ;3 ;0 ;274 ;
407 ;0 ;5 ;4 ;0 ;27 ;
407 ;0 ;5 ;5 ;0 ;242 ;
407 ;0 ;5 ;6 ;0 ;26 ;
407 ;0 ;6 ;1 ;0 ;422 ;
407 ;0 ;6 ;2 ;0 ;289 ;
407 ;0 ;6 ;3 ;0 ;281 ;
407 ;0 ;6 ;4 ;0 ;337 ;
407 ;0 ;6 ;5 ;0 ;441 ;
407 ;0 ;6 ;6 ;0 ;13 ;
