event; round;heat;lane;relais;idBib;
101 ;0 ;0 ;1 ;0 ;283 ;
101 ;0 ;0 ;2 ;0 ;181 ;
101 ;0 ;0 ;3 ;0 ;129 ;
101 ;0 ;0 ;4 ;0 ;134 ;
101 ;0 ;0 ;5 ;0 ;51 ;
101 ;0 ;0 ;6 ;0 ;252 ;
101 ;0 ;0 ;7 ;0 ;123 ;
101 ;0 ;0 ;8 ;0 ;186 ;
101 ;0 ;1 ;1 ;0 ;142 ;
101 ;0 ;1 ;2 ;0 ;98 ;
101 ;0 ;1 ;3 ;0 ;69 ;
101 ;0 ;1 ;4 ;0 ;126 ;
101 ;0 ;1 ;5 ;0 ;88 ;
101 ;0 ;1 ;6 ;0 ;143 ;
101 ;0 ;1 ;7 ;0 ;224 ;
101 ;0 ;1 ;8 ;0 ;260 ;
101 ;0 ;2 ;1 ;0 ;73 ;
101 ;0 ;2 ;2 ;0 ;280 ;
101 ;0 ;2 ;3 ;0 ;21 ;
101 ;0 ;2 ;4 ;0 ;138 ;
101 ;0 ;2 ;5 ;0 ;80 ;
101 ;0 ;2 ;6 ;0 ;220 ;
101 ;0 ;2 ;7 ;0 ;63 ;
101 ;0 ;2 ;8 ;0 ;203 ;
101 ;0 ;3 ;1 ;0 ;188 ;
101 ;0 ;3 ;2 ;0 ;17 ;
101 ;0 ;3 ;3 ;0 ;37 ;
101 ;0 ;3 ;4 ;0 ;8 ;
101 ;0 ;3 ;5 ;0 ;210 ;
101 ;0 ;3 ;6 ;0 ;176 ;
101 ;0 ;3 ;7 ;0 ;1 ;
101 ;0 ;3 ;8 ;0 ;268 ;
101 ;0 ;4 ;1 ;0 ;122 ;
101 ;0 ;4 ;2 ;0 ;212 ;
101 ;0 ;4 ;3 ;0 ;204 ;
101 ;0 ;4 ;4 ;0 ;56 ;
101 ;0 ;4 ;5 ;0 ;255 ;
101 ;0 ;4 ;6 ;0 ;87 ;
101 ;0 ;4 ;7 ;0 ;78 ;
101 ;0 ;4 ;8 ;0 ;184 ;
101 ;0 ;5 ;1 ;0 ;24 ;
101 ;0 ;5 ;2 ;0 ;68 ;
101 ;0 ;5 ;3 ;0 ;147 ;
101 ;0 ;5 ;4 ;0 ;155 ;
101 ;0 ;5 ;5 ;0 ;159 ;
101 ;0 ;5 ;6 ;0 ;221 ;
101 ;0 ;5 ;7 ;0 ;282 ;
101 ;0 ;5 ;8 ;0 ;168 ;
102 ;0 ;0 ;1 ;0 ;264 ;
102 ;0 ;0 ;2 ;0 ;137 ;
102 ;0 ;0 ;3 ;0 ;152 ;
102 ;0 ;0 ;4 ;0 ;55 ;
102 ;0 ;0 ;5 ;0 ;41 ;
102 ;0 ;0 ;6 ;0 ;263 ;
102 ;0 ;0 ;7 ;0 ;170 ;
102 ;0 ;0 ;8 ;0 ;15 ;
102 ;0 ;1 ;1 ;0 ;124 ;
102 ;0 ;1 ;2 ;0 ;223 ;
102 ;0 ;1 ;3 ;0 ;70 ;
102 ;0 ;1 ;4 ;0 ;244 ;
102 ;0 ;1 ;5 ;0 ;86 ;
102 ;0 ;1 ;6 ;0 ;235 ;
102 ;0 ;1 ;7 ;0 ;12 ;
102 ;0 ;1 ;8 ;0 ;99 ;
103 ;0 ;0 ;1 ;0 ;156 ;
103 ;0 ;0 ;2 ;0 ;134 ;
103 ;0 ;0 ;3 ;0 ;258 ;
103 ;0 ;0 ;4 ;0 ;202 ;
103 ;0 ;0 ;5 ;0 ;181 ;
103 ;0 ;0 ;6 ;0 ;275 ;
103 ;0 ;0 ;7 ;0 ;120 ;
103 ;0 ;1 ;1 ;0 ;130 ;
103 ;0 ;1 ;2 ;0 ;51 ;
103 ;0 ;1 ;3 ;0 ;249 ;
103 ;0 ;1 ;4 ;0 ;213 ;
103 ;0 ;1 ;5 ;0 ;126 ;
103 ;0 ;1 ;6 ;0 ;73 ;
103 ;0 ;1 ;7 ;0 ;90 ;
103 ;0 ;2 ;1 ;0 ;129 ;
103 ;0 ;2 ;2 ;0 ;65 ;
103 ;0 ;2 ;3 ;0 ;248 ;
103 ;0 ;2 ;4 ;0 ;224 ;
103 ;0 ;2 ;5 ;0 ;280 ;
103 ;0 ;2 ;6 ;0 ;88 ;
103 ;0 ;2 ;7 ;0 ;127 ;
103 ;0 ;2 ;8 ;0 ;111 ;
103 ;0 ;3 ;1 ;0 ;260 ;
103 ;0 ;3 ;2 ;0 ;246 ;
103 ;0 ;3 ;3 ;0 ;138 ;
103 ;0 ;3 ;4 ;0 ;21 ;
103 ;0 ;3 ;5 ;0 ;136 ;
103 ;0 ;3 ;6 ;0 ;194 ;
103 ;0 ;3 ;7 ;0 ;113 ;
103 ;0 ;3 ;8 ;0 ;36 ;
103 ;0 ;4 ;1 ;0 ;81 ;
103 ;0 ;4 ;2 ;0 ;262 ;
103 ;0 ;4 ;3 ;0 ;240 ;
103 ;0 ;4 ;4 ;0 ;63 ;
103 ;0 ;4 ;5 ;0 ;268 ;
103 ;0 ;4 ;6 ;0 ;8 ;
103 ;0 ;4 ;7 ;0 ;256 ;
103 ;0 ;4 ;8 ;0 ;188 ;
103 ;0 ;5 ;1 ;0 ;17 ;
103 ;0 ;5 ;2 ;0 ;252 ;
103 ;0 ;5 ;3 ;0 ;40 ;
103 ;0 ;5 ;4 ;0 ;229 ;
103 ;0 ;5 ;5 ;0 ;80 ;
103 ;0 ;5 ;6 ;0 ;109 ;
103 ;0 ;5 ;7 ;0 ;35 ;
103 ;0 ;5 ;8 ;0 ;212 ;
103 ;0 ;6 ;1 ;0 ;37 ;
103 ;0 ;6 ;2 ;0 ;220 ;
103 ;0 ;6 ;3 ;0 ;204 ;
103 ;0 ;6 ;4 ;0 ;162 ;
103 ;0 ;6 ;5 ;0 ;203 ;
103 ;0 ;6 ;6 ;0 ;177 ;
103 ;0 ;6 ;7 ;0 ;87 ;
103 ;0 ;6 ;8 ;0 ;265 ;
103 ;0 ;7 ;1 ;0 ;75 ;
103 ;0 ;7 ;2 ;0 ;24 ;
103 ;0 ;7 ;3 ;0 ;122 ;
103 ;0 ;7 ;4 ;0 ;214 ;
103 ;0 ;7 ;5 ;0 ;91 ;
103 ;0 ;7 ;6 ;0 ;176 ;
103 ;0 ;7 ;7 ;0 ;78 ;
103 ;0 ;7 ;8 ;0 ;217 ;
103 ;0 ;8 ;1 ;0 ;68 ;
103 ;0 ;8 ;2 ;0 ;238 ;
103 ;0 ;8 ;3 ;0 ;3 ;
103 ;0 ;8 ;4 ;0 ;148 ;
103 ;0 ;8 ;5 ;0 ;20 ;
103 ;0 ;8 ;6 ;0 ;10 ;
103 ;0 ;8 ;7 ;0 ;135 ;
103 ;0 ;8 ;8 ;0 ;23 ;
103 ;0 ;9 ;1 ;0 ;89 ;
103 ;0 ;9 ;2 ;0 ;49 ;
103 ;0 ;9 ;3 ;0 ;64 ;
103 ;0 ;9 ;4 ;0 ;112 ;
103 ;0 ;9 ;5 ;0 ;6 ;
103 ;0 ;9 ;6 ;0 ;221 ;
103 ;0 ;9 ;7 ;0 ;261 ;
103 ;0 ;9 ;8 ;0 ;53 ;
104 ;0 ;0 ;2 ;0 ;27 ;
104 ;0 ;0 ;3 ;0 ;174 ;
104 ;0 ;0 ;4 ;0 ;7 ;
104 ;0 ;0 ;5 ;0 ;96 ;
104 ;0 ;0 ;6 ;0 ;77 ;
104 ;0 ;0 ;7 ;0 ;154 ;
104 ;0 ;1 ;1 ;0 ;151 ;
104 ;0 ;1 ;2 ;0 ;175 ;
104 ;0 ;1 ;3 ;0 ;195 ;
104 ;0 ;1 ;4 ;0 ;178 ;
104 ;0 ;1 ;5 ;0 ;99 ;
104 ;0 ;1 ;6 ;0 ;107 ;
104 ;0 ;1 ;7 ;0 ;277 ;
104 ;0 ;2 ;1 ;0 ;115 ;
104 ;0 ;2 ;2 ;0 ;103 ;
104 ;0 ;2 ;3 ;0 ;172 ;
104 ;0 ;2 ;4 ;0 ;149 ;
104 ;0 ;2 ;5 ;0 ;44 ;
104 ;0 ;2 ;6 ;0 ;105 ;
104 ;0 ;2 ;7 ;0 ;42 ;
104 ;0 ;2 ;8 ;0 ;215 ;
104 ;0 ;3 ;1 ;0 ;187 ;
104 ;0 ;3 ;2 ;0 ;108 ;
104 ;0 ;3 ;3 ;0 ;76 ;
104 ;0 ;3 ;4 ;0 ;74 ;
104 ;0 ;3 ;5 ;0 ;25 ;
104 ;0 ;3 ;6 ;0 ;132 ;
104 ;0 ;3 ;7 ;0 ;54 ;
104 ;0 ;3 ;8 ;0 ;95 ;
104 ;0 ;4 ;1 ;0 ;32 ;
104 ;0 ;4 ;2 ;0 ;243 ;
104 ;0 ;4 ;3 ;0 ;94 ;
104 ;0 ;4 ;4 ;0 ;16 ;
104 ;0 ;4 ;5 ;0 ;48 ;
104 ;0 ;4 ;6 ;0 ;161 ;
104 ;0 ;4 ;7 ;0 ;281 ;
104 ;0 ;4 ;8 ;0 ;30 ;
105 ;0 ;0 ;1 ;0 ;275 ;
105 ;0 ;0 ;2 ;0 ;186 ;
105 ;0 ;0 ;3 ;0 ;85 ;
105 ;0 ;0 ;4 ;0 ;120 ;
105 ;0 ;0 ;5 ;0 ;65 ;
105 ;0 ;0 ;6 ;0 ;283 ;
105 ;0 ;0 ;7 ;0 ;98 ;
105 ;0 ;0 ;8 ;0 ;36 ;
105 ;0 ;1 ;1 ;0 ;123 ;
105 ;0 ;1 ;2 ;0 ;246 ;
105 ;0 ;1 ;3 ;0 ;280 ;
105 ;0 ;1 ;4 ;0 ;138 ;
105 ;0 ;1 ;5 ;0 ;252 ;
105 ;0 ;1 ;6 ;0 ;127 ;
105 ;0 ;1 ;7 ;0 ;194 ;
105 ;0 ;1 ;8 ;0 ;1 ;
105 ;0 ;2 ;1 ;0 ;198 ;
105 ;0 ;2 ;2 ;0 ;184 ;
105 ;0 ;2 ;3 ;0 ;217 ;
105 ;0 ;2 ;4 ;0 ;159 ;
105 ;0 ;2 ;5 ;0 ;64 ;
105 ;0 ;2 ;6 ;0 ;23 ;
105 ;0 ;2 ;7 ;0 ;91 ;
105 ;0 ;2 ;8 ;0 ;162 ;
106 ;0 ;0 ;1 ;0 ;128 ;
106 ;0 ;0 ;2 ;0 ;77 ;
106 ;0 ;0 ;3 ;0 ;192 ;
106 ;0 ;0 ;4 ;0 ;144 ;
106 ;0 ;0 ;5 ;0 ;216 ;
106 ;0 ;0 ;6 ;0 ;250 ;
106 ;0 ;0 ;7 ;0 ;153 ;
106 ;0 ;0 ;8 ;0 ;245 ;
106 ;0 ;1 ;1 ;0 ;266 ;
106 ;0 ;1 ;2 ;0 ;79 ;
106 ;0 ;1 ;3 ;0 ;165 ;
106 ;0 ;1 ;4 ;0 ;22 ;
106 ;0 ;1 ;5 ;0 ;97 ;
106 ;0 ;1 ;6 ;0 ;131 ;
106 ;0 ;1 ;7 ;0 ;215 ;
106 ;0 ;1 ;8 ;0 ;196 ;
106 ;0 ;2 ;1 ;0 ;30 ;
106 ;0 ;2 ;2 ;0 ;28 ;
106 ;0 ;2 ;3 ;0 ;83 ;
106 ;0 ;2 ;4 ;0 ;161 ;
106 ;0 ;2 ;5 ;0 ;71 ;
106 ;0 ;2 ;6 ;0 ;244 ;
106 ;0 ;2 ;7 ;0 ;19 ;
106 ;0 ;2 ;8 ;0 ;223 ;
107 ;0 ;0 ;1 ;0 ;156 ;
107 ;0 ;0 ;2 ;0 ;134 ;
107 ;0 ;0 ;3 ;0 ;169 ;
107 ;0 ;0 ;4 ;0 ;113 ;
107 ;0 ;0 ;5 ;0 ;13 ;
107 ;0 ;0 ;6 ;0 ;111 ;
107 ;0 ;0 ;7 ;0 ;46 ;
107 ;0 ;0 ;8 ;0 ;185 ;
107 ;0 ;1 ;1 ;0 ;202 ;
107 ;0 ;1 ;2 ;0 ;143 ;
107 ;0 ;1 ;3 ;0 ;249 ;
107 ;0 ;1 ;4 ;0 ;126 ;
107 ;0 ;1 ;5 ;0 ;85 ;
107 ;0 ;1 ;6 ;0 ;51 ;
107 ;0 ;1 ;7 ;0 ;136 ;
107 ;0 ;1 ;8 ;0 ;36 ;
107 ;0 ;2 ;1 ;0 ;142 ;
107 ;0 ;2 ;2 ;0 ;57 ;
107 ;0 ;2 ;3 ;0 ;186 ;
107 ;0 ;2 ;4 ;0 ;40 ;
107 ;0 ;2 ;5 ;0 ;81 ;
107 ;0 ;2 ;6 ;0 ;260 ;
107 ;0 ;2 ;7 ;0 ;256 ;
107 ;0 ;2 ;8 ;0 ;268 ;
107 ;0 ;3 ;1 ;0 ;69 ;
107 ;0 ;3 ;2 ;0 ;18 ;
107 ;0 ;3 ;3 ;0 ;220 ;
107 ;0 ;3 ;4 ;0 ;248 ;
107 ;0 ;3 ;5 ;0 ;17 ;
107 ;0 ;3 ;6 ;0 ;35 ;
107 ;0 ;3 ;7 ;0 ;1 ;
107 ;0 ;3 ;8 ;0 ;203 ;
107 ;0 ;4 ;1 ;0 ;210 ;
107 ;0 ;4 ;2 ;0 ;122 ;
107 ;0 ;4 ;3 ;0 ;109 ;
107 ;0 ;4 ;4 ;0 ;87 ;
107 ;0 ;4 ;5 ;0 ;68 ;
107 ;0 ;4 ;6 ;0 ;184 ;
107 ;0 ;4 ;7 ;0 ;212 ;
107 ;0 ;4 ;8 ;0 ;238 ;
107 ;0 ;5 ;1 ;0 ;282 ;
107 ;0 ;5 ;2 ;0 ;24 ;
107 ;0 ;5 ;3 ;0 ;155 ;
107 ;0 ;5 ;4 ;0 ;227 ;
107 ;0 ;5 ;5 ;0 ;147 ;
107 ;0 ;5 ;6 ;0 ;20 ;
107 ;0 ;5 ;7 ;0 ;168 ;
107 ;0 ;5 ;8 ;0 ;56 ;
108 ;0 ;0 ;2 ;0 ;67 ;
108 ;0 ;0 ;3 ;0 ;128 ;
108 ;0 ;0 ;4 ;0 ;7 ;
108 ;0 ;0 ;5 ;0 ;14 ;
108 ;0 ;0 ;6 ;0 ;225 ;
108 ;0 ;0 ;7 ;0 ;97 ;
108 ;0 ;1 ;2 ;0 ;250 ;
108 ;0 ;1 ;3 ;0 ;38 ;
108 ;0 ;1 ;4 ;0 ;77 ;
108 ;0 ;1 ;5 ;0 ;31 ;
108 ;0 ;1 ;6 ;0 ;58 ;
108 ;0 ;1 ;7 ;0 ;154 ;
108 ;0 ;2 ;1 ;0 ;206 ;
108 ;0 ;2 ;2 ;0 ;254 ;
108 ;0 ;2 ;3 ;0 ;205 ;
108 ;0 ;2 ;4 ;0 ;93 ;
108 ;0 ;2 ;5 ;0 ;160 ;
108 ;0 ;2 ;6 ;0 ;195 ;
108 ;0 ;2 ;7 ;0 ;190 ;
108 ;0 ;2 ;8 ;0 ;166 ;
108 ;0 ;3 ;1 ;0 ;145 ;
108 ;0 ;3 ;2 ;0 ;39 ;
108 ;0 ;3 ;3 ;0 ;178 ;
108 ;0 ;3 ;4 ;0 ;266 ;
108 ;0 ;3 ;5 ;0 ;107 ;
108 ;0 ;3 ;6 ;0 ;137 ;
108 ;0 ;3 ;7 ;0 ;41 ;
108 ;0 ;3 ;8 ;0 ;253 ;
108 ;0 ;4 ;1 ;0 ;193 ;
108 ;0 ;4 ;2 ;0 ;199 ;
108 ;0 ;4 ;3 ;0 ;50 ;
108 ;0 ;4 ;4 ;0 ;141 ;
108 ;0 ;4 ;5 ;0 ;259 ;
108 ;0 ;4 ;6 ;0 ;239 ;
108 ;0 ;4 ;7 ;0 ;15 ;
108 ;0 ;4 ;8 ;0 ;25 ;
108 ;0 ;5 ;1 ;0 ;26 ;
108 ;0 ;5 ;2 ;0 ;105 ;
108 ;0 ;5 ;3 ;0 ;277 ;
108 ;0 ;5 ;4 ;0 ;263 ;
108 ;0 ;5 ;5 ;0 ;133 ;
108 ;0 ;5 ;6 ;0 ;55 ;
108 ;0 ;5 ;7 ;0 ;100 ;
108 ;0 ;5 ;8 ;0 ;54 ;
108 ;0 ;6 ;1 ;0 ;158 ;
108 ;0 ;6 ;2 ;0 ;170 ;
108 ;0 ;6 ;3 ;0 ;103 ;
108 ;0 ;6 ;4 ;0 ;163 ;
108 ;0 ;6 ;5 ;0 ;101 ;
108 ;0 ;6 ;6 ;0 ;28 ;
108 ;0 ;6 ;7 ;0 ;108 ;
108 ;0 ;6 ;8 ;0 ;9 ;
108 ;0 ;7 ;1 ;0 ;82 ;
108 ;0 ;7 ;2 ;0 ;95 ;
108 ;0 ;7 ;3 ;0 ;70 ;
108 ;0 ;7 ;4 ;0 ;45 ;
108 ;0 ;7 ;5 ;0 ;86 ;
108 ;0 ;7 ;6 ;0 ;42 ;
108 ;0 ;7 ;7 ;0 ;92 ;
108 ;0 ;7 ;8 ;0 ;150 ;
108 ;0 ;8 ;1 ;0 ;191 ;
108 ;0 ;8 ;2 ;0 ;207 ;
108 ;0 ;8 ;3 ;0 ;94 ;
108 ;0 ;8 ;4 ;0 ;2 ;
108 ;0 ;8 ;5 ;0 ;32 ;
108 ;0 ;8 ;6 ;0 ;161 ;
108 ;0 ;8 ;7 ;0 ;84 ;
108 ;0 ;8 ;8 ;0 ;47 ;
109 ;0 ;0 ;1 ;0 ;90 ;
109 ;0 ;0 ;2 ;0 ;40 ;
109 ;0 ;0 ;3 ;0 ;56 ;
109 ;0 ;0 ;4 ;0 ;159 ;
109 ;0 ;0 ;5 ;0 ;135 ;
109 ;0 ;0 ;6 ;0 ;210 ;
109 ;0 ;0 ;7 ;0 ;21 ;
110 ;0 ;0 ;2 ;0 ;157 ;
110 ;0 ;0 ;3 ;0 ;67 ;
110 ;0 ;0 ;4 ;0 ;190 ;
110 ;0 ;0 ;5 ;0 ;34 ;
110 ;0 ;0 ;6 ;0 ;151 ;
110 ;0 ;0 ;7 ;0 ;174 ;
110 ;0 ;1 ;1 ;0 ;195 ;
110 ;0 ;1 ;2 ;0 ;216 ;
110 ;0 ;1 ;3 ;0 ;96 ;
110 ;0 ;1 ;4 ;0 ;165 ;
110 ;0 ;1 ;5 ;0 ;38 ;
110 ;0 ;1 ;6 ;0 ;154 ;
110 ;0 ;1 ;7 ;0 ;254 ;
110 ;0 ;2 ;1 ;0 ;31 ;
110 ;0 ;2 ;2 ;0 ;245 ;
110 ;0 ;2 ;3 ;0 ;39 ;
110 ;0 ;2 ;4 ;0 ;141 ;
110 ;0 ;2 ;5 ;0 ;26 ;
110 ;0 ;2 ;6 ;0 ;205 ;
110 ;0 ;2 ;7 ;0 ;93 ;
110 ;0 ;2 ;8 ;0 ;166 ;
110 ;0 ;3 ;1 ;0 ;175 ;
110 ;0 ;3 ;2 ;0 ;133 ;
110 ;0 ;3 ;3 ;0 ;79 ;
110 ;0 ;3 ;4 ;0 ;50 ;
110 ;0 ;3 ;5 ;0 ;158 ;
110 ;0 ;3 ;6 ;0 ;199 ;
110 ;0 ;3 ;7 ;0 ;137 ;
110 ;0 ;3 ;8 ;0 ;145 ;
110 ;0 ;4 ;1 ;0 ;22 ;
110 ;0 ;4 ;2 ;0 ;201 ;
110 ;0 ;4 ;3 ;0 ;241 ;
110 ;0 ;4 ;4 ;0 ;160 ;
110 ;0 ;4 ;5 ;0 ;105 ;
110 ;0 ;4 ;6 ;0 ;193 ;
110 ;0 ;4 ;7 ;0 ;257 ;
110 ;0 ;4 ;8 ;0 ;82 ;
110 ;0 ;5 ;1 ;0 ;196 ;
110 ;0 ;5 ;2 ;0 ;5 ;
110 ;0 ;5 ;3 ;0 ;41 ;
110 ;0 ;5 ;4 ;0 ;253 ;
110 ;0 ;5 ;5 ;0 ;170 ;
110 ;0 ;5 ;6 ;0 ;187 ;
110 ;0 ;5 ;7 ;0 ;99 ;
110 ;0 ;5 ;8 ;0 ;259 ;
110 ;0 ;6 ;1 ;0 ;101 ;
110 ;0 ;6 ;2 ;0 ;15 ;
110 ;0 ;6 ;3 ;0 ;124 ;
110 ;0 ;6 ;4 ;0 ;172 ;
110 ;0 ;6 ;5 ;0 ;12 ;
110 ;0 ;6 ;6 ;0 ;45 ;
110 ;0 ;6 ;7 ;0 ;9 ;
110 ;0 ;6 ;8 ;0 ;149 ;
110 ;0 ;7 ;1 ;0 ;76 ;
110 ;0 ;7 ;2 ;0 ;279 ;
110 ;0 ;7 ;3 ;0 ;235 ;
110 ;0 ;7 ;4 ;0 ;30 ;
110 ;0 ;7 ;5 ;0 ;86 ;
110 ;0 ;7 ;6 ;0 ;32 ;
110 ;0 ;7 ;7 ;0 ;47 ;
110 ;0 ;7 ;8 ;0 ;71 ;
110 ;0 ;8 ;1 ;0 ;83 ;
110 ;0 ;8 ;2 ;0 ;197 ;
110 ;0 ;8 ;3 ;0 ;19 ;
110 ;0 ;8 ;4 ;0 ;244 ;
110 ;0 ;8 ;5 ;0 ;95 ;
110 ;0 ;8 ;6 ;0 ;100 ;
110 ;0 ;8 ;7 ;0 ;233 ;
110 ;0 ;8 ;8 ;0 ;48 ;
111 ;0 ;0 ;2 ;0 ;228 ;
111 ;0 ;0 ;3 ;0 ;276 ;
111 ;0 ;0 ;4 ;0 ;171 ;
111 ;0 ;0 ;5 ;0 ;46 ;
111 ;0 ;0 ;6 ;0 ;222 ;
111 ;0 ;0 ;7 ;0 ;110 ;
111 ;0 ;1 ;2 ;0 ;283 ;
111 ;0 ;1 ;3 ;0 ;156 ;
111 ;0 ;1 ;4 ;0 ;13 ;
111 ;0 ;1 ;5 ;0 ;202 ;
111 ;0 ;1 ;6 ;0 ;85 ;
111 ;0 ;1 ;7 ;0 ;117 ;
111 ;0 ;2 ;1 ;0 ;169 ;
111 ;0 ;2 ;2 ;0 ;69 ;
111 ;0 ;2 ;3 ;0 ;249 ;
111 ;0 ;2 ;4 ;0 ;275 ;
111 ;0 ;2 ;5 ;0 ;51 ;
111 ;0 ;2 ;6 ;0 ;120 ;
111 ;0 ;2 ;7 ;0 ;258 ;
111 ;0 ;2 ;8 ;0 ;181 ;
111 ;0 ;3 ;1 ;0 ;106 ;
111 ;0 ;3 ;2 ;0 ;98 ;
111 ;0 ;3 ;3 ;0 ;129 ;
111 ;0 ;3 ;4 ;0 ;134 ;
111 ;0 ;3 ;5 ;0 ;143 ;
111 ;0 ;3 ;6 ;0 ;57 ;
111 ;0 ;3 ;7 ;0 ;123 ;
111 ;0 ;3 ;8 ;0 ;185 ;
111 ;0 ;4 ;1 ;0 ;21 ;
111 ;0 ;4 ;2 ;0 ;224 ;
111 ;0 ;4 ;3 ;0 ;213 ;
111 ;0 ;4 ;4 ;0 ;138 ;
111 ;0 ;4 ;5 ;0 ;88 ;
111 ;0 ;4 ;6 ;0 ;73 ;
111 ;0 ;4 ;7 ;0 ;142 ;
111 ;0 ;4 ;8 ;0 ;280 ;
111 ;0 ;5 ;1 ;0 ;65 ;
111 ;0 ;5 ;2 ;0 ;113 ;
111 ;0 ;5 ;3 ;0 ;210 ;
111 ;0 ;5 ;4 ;0 ;248 ;
111 ;0 ;5 ;5 ;0 ;130 ;
111 ;0 ;5 ;6 ;0 ;127 ;
111 ;0 ;5 ;7 ;0 ;1 ;
111 ;0 ;5 ;8 ;0 ;260 ;
111 ;0 ;6 ;1 ;0 ;37 ;
111 ;0 ;6 ;2 ;0 ;18 ;
111 ;0 ;6 ;3 ;0 ;246 ;
111 ;0 ;6 ;4 ;0 ;194 ;
111 ;0 ;6 ;5 ;0 ;229 ;
111 ;0 ;6 ;6 ;0 ;8 ;
111 ;0 ;6 ;7 ;0 ;40 ;
111 ;0 ;6 ;8 ;0 ;268 ;
111 ;0 ;7 ;1 ;0 ;262 ;
111 ;0 ;7 ;2 ;0 ;220 ;
111 ;0 ;7 ;3 ;0 ;252 ;
111 ;0 ;7 ;4 ;0 ;136 ;
111 ;0 ;7 ;5 ;0 ;111 ;
111 ;0 ;7 ;6 ;0 ;17 ;
111 ;0 ;7 ;7 ;0 ;126 ;
111 ;0 ;7 ;8 ;0 ;36 ;
111 ;0 ;8 ;1 ;0 ;81 ;
111 ;0 ;8 ;2 ;0 ;204 ;
111 ;0 ;8 ;3 ;0 ;63 ;
111 ;0 ;8 ;4 ;0 ;212 ;
111 ;0 ;8 ;5 ;0 ;80 ;
111 ;0 ;8 ;6 ;0 ;256 ;
111 ;0 ;8 ;7 ;0 ;240 ;
111 ;0 ;8 ;8 ;0 ;109 ;
111 ;0 ;9 ;1 ;0 ;189 ;
111 ;0 ;9 ;2 ;0 ;35 ;
111 ;0 ;9 ;3 ;0 ;87 ;
111 ;0 ;9 ;4 ;0 ;162 ;
111 ;0 ;9 ;5 ;0 ;177 ;
111 ;0 ;9 ;6 ;0 ;24 ;
111 ;0 ;9 ;7 ;0 ;217 ;
111 ;0 ;9 ;8 ;0 ;203 ;
111 ;0 ;10 ;1 ;0 ;168 ;
111 ;0 ;10 ;2 ;0 ;184 ;
111 ;0 ;10 ;3 ;0 ;265 ;
111 ;0 ;10 ;4 ;0 ;188 ;
111 ;0 ;10 ;5 ;0 ;78 ;
111 ;0 ;10 ;6 ;0 ;75 ;
111 ;0 ;10 ;7 ;0 ;214 ;
111 ;0 ;10 ;8 ;0 ;159 ;
111 ;0 ;11 ;1 ;0 ;198 ;
111 ;0 ;11 ;2 ;0 ;176 ;
111 ;0 ;11 ;3 ;0 ;68 ;
111 ;0 ;11 ;4 ;0 ;23 ;
111 ;0 ;11 ;5 ;0 ;148 ;
111 ;0 ;11 ;6 ;0 ;56 ;
111 ;0 ;11 ;7 ;0 ;122 ;
111 ;0 ;11 ;8 ;0 ;238 ;
111 ;0 ;12 ;1 ;0 ;20 ;
111 ;0 ;12 ;2 ;0 ;135 ;
111 ;0 ;12 ;3 ;0 ;155 ;
111 ;0 ;12 ;4 ;0 ;3 ;
111 ;0 ;12 ;5 ;0 ;227 ;
111 ;0 ;12 ;6 ;0 ;53 ;
111 ;0 ;12 ;7 ;0 ;261 ;
111 ;0 ;12 ;8 ;0 ;49 ;
111 ;0 ;13 ;1 ;0 ;255 ;
111 ;0 ;13 ;2 ;0 ;10 ;
111 ;0 ;13 ;3 ;0 ;6 ;
111 ;0 ;13 ;4 ;0 ;112 ;
111 ;0 ;13 ;5 ;0 ;64 ;
111 ;0 ;13 ;6 ;0 ;89 ;
111 ;0 ;13 ;7 ;0 ;221 ;
111 ;0 ;13 ;8 ;0 ;282 ;
112 ;0 ;0 ;1 ;0 ;216 ;
112 ;0 ;0 ;2 ;0 ;96 ;
112 ;0 ;0 ;3 ;0 ;107 ;
112 ;0 ;0 ;4 ;0 ;187 ;
112 ;0 ;0 ;5 ;0 ;270 ;
112 ;0 ;0 ;6 ;0 ;152 ;
112 ;0 ;0 ;7 ;0 ;44 ;
112 ;0 ;0 ;8 ;0 ;215 ;
112 ;0 ;1 ;1 ;0 ;74 ;
112 ;0 ;1 ;2 ;0 ;54 ;
112 ;0 ;1 ;3 ;0 ;94 ;
112 ;0 ;1 ;4 ;0 ;16 ;
112 ;0 ;1 ;5 ;0 ;281 ;
112 ;0 ;1 ;6 ;0 ;243 ;
112 ;0 ;1 ;7 ;0 ;25 ;
112 ;0 ;1 ;8 ;0 ;108 ;
201 ;0 ;0 ;1 ;0 ;190 ;
201 ;0 ;0 ;2 ;0 ;166 ;
201 ;0 ;0 ;3 ;0 ;77 ;
201 ;0 ;0 ;4 ;0 ;178 ;
201 ;0 ;0 ;5 ;0 ;266 ;
201 ;0 ;0 ;6 ;0 ;31 ;
201 ;0 ;0 ;7 ;0 ;160 ;
201 ;0 ;0 ;8 ;0 ;263 ;
201 ;0 ;1 ;1 ;0 ;133 ;
201 ;0 ;1 ;2 ;0 ;245 ;
201 ;0 ;1 ;3 ;0 ;107 ;
201 ;0 ;1 ;4 ;0 ;115 ;
201 ;0 ;1 ;5 ;0 ;93 ;
201 ;0 ;1 ;6 ;0 ;131 ;
201 ;0 ;1 ;7 ;0 ;241 ;
201 ;0 ;1 ;8 ;0 ;79 ;
201 ;0 ;2 ;1 ;0 ;172 ;
201 ;0 ;2 ;2 ;0 ;22 ;
201 ;0 ;2 ;3 ;0 ;7 ;
201 ;0 ;2 ;4 ;0 ;201 ;
201 ;0 ;2 ;5 ;0 ;187 ;
201 ;0 ;2 ;6 ;0 ;25 ;
201 ;0 ;2 ;7 ;0 ;193 ;
201 ;0 ;2 ;8 ;0 ;101 ;
201 ;0 ;3 ;1 ;0 ;253 ;
201 ;0 ;3 ;2 ;0 ;15 ;
201 ;0 ;3 ;3 ;0 ;152 ;
201 ;0 ;3 ;4 ;0 ;55 ;
201 ;0 ;3 ;5 ;0 ;149 ;
201 ;0 ;3 ;6 ;0 ;170 ;
201 ;0 ;3 ;7 ;0 ;124 ;
201 ;0 ;3 ;8 ;0 ;215 ;
201 ;0 ;4 ;1 ;0 ;74 ;
201 ;0 ;4 ;2 ;0 ;105 ;
201 ;0 ;4 ;3 ;0 ;223 ;
201 ;0 ;4 ;4 ;0 ;196 ;
201 ;0 ;4 ;5 ;0 ;9 ;
201 ;0 ;4 ;6 ;0 ;270 ;
201 ;0 ;4 ;7 ;0 ;45 ;
201 ;0 ;4 ;8 ;0 ;108 ;
201 ;0 ;5 ;1 ;0 ;30 ;
201 ;0 ;5 ;2 ;0 ;76 ;
201 ;0 ;5 ;3 ;0 ;92 ;
201 ;0 ;5 ;4 ;0 ;70 ;
201 ;0 ;5 ;5 ;0 ;100 ;
201 ;0 ;5 ;6 ;0 ;19 ;
201 ;0 ;5 ;7 ;0 ;95 ;
201 ;0 ;5 ;8 ;0 ;207 ;
201 ;0 ;6 ;1 ;0 ;32 ;
201 ;0 ;6 ;2 ;0 ;281 ;
201 ;0 ;6 ;3 ;0 ;94 ;
201 ;0 ;6 ;4 ;0 ;16 ;
201 ;0 ;6 ;5 ;0 ;161 ;
201 ;0 ;6 ;6 ;0 ;84 ;
201 ;0 ;6 ;7 ;0 ;243 ;
201 ;0 ;6 ;8 ;0 ;28 ;
202 ;0 ;0 ;1 ;0 ;113 ;
202 ;0 ;0 ;2 ;0 ;40 ;
202 ;0 ;0 ;3 ;0 ;8 ;
202 ;0 ;0 ;4 ;0 ;262 ;
202 ;0 ;0 ;5 ;0 ;75 ;
202 ;0 ;0 ;6 ;0 ;204 ;
202 ;0 ;0 ;7 ;0 ;148 ;
202 ;0 ;0 ;8 ;0 ;60 ;
202 ;0 ;1 ;1 ;0 ;214 ;
202 ;0 ;1 ;2 ;0 ;23 ;
202 ;0 ;1 ;3 ;0 ;135 ;
202 ;0 ;1 ;4 ;0 ;155 ;
202 ;0 ;1 ;5 ;0 ;221 ;
202 ;0 ;1 ;6 ;0 ;6 ;
202 ;0 ;1 ;7 ;0 ;56 ;
202 ;0 ;1 ;8 ;0 ;217 ;
203 ;0 ;0 ;2 ;0 ;96 ;
203 ;0 ;0 ;3 ;0 ;7 ;
203 ;0 ;0 ;4 ;0 ;59 ;
203 ;0 ;0 ;5 ;0 ;216 ;
203 ;0 ;0 ;6 ;0 ;174 ;
203 ;0 ;0 ;7 ;0 ;58 ;
203 ;0 ;1 ;2 ;0 ;131 ;
203 ;0 ;1 ;3 ;0 ;274 ;
203 ;0 ;1 ;4 ;0 ;27 ;
203 ;0 ;1 ;5 ;0 ;269 ;
203 ;0 ;1 ;6 ;0 ;52 ;
203 ;0 ;1 ;7 ;0 ;250 ;
203 ;0 ;2 ;1 ;0 ;178 ;
203 ;0 ;2 ;2 ;0 ;38 ;
203 ;0 ;2 ;3 ;0 ;254 ;
203 ;0 ;2 ;4 ;0 ;273 ;
203 ;0 ;2 ;5 ;0 ;107 ;
203 ;0 ;2 ;6 ;0 ;154 ;
203 ;0 ;2 ;7 ;0 ;199 ;
203 ;0 ;2 ;8 ;0 ;14 ;
203 ;0 ;3 ;1 ;0 ;31 ;
203 ;0 ;3 ;2 ;0 ;39 ;
203 ;0 ;3 ;3 ;0 ;153 ;
203 ;0 ;3 ;4 ;0 ;50 ;
203 ;0 ;3 ;5 ;0 ;245 ;
203 ;0 ;3 ;6 ;0 ;175 ;
203 ;0 ;3 ;7 ;0 ;264 ;
203 ;0 ;3 ;8 ;0 ;266 ;
203 ;0 ;4 ;1 ;0 ;141 ;
203 ;0 ;4 ;2 ;0 ;26 ;
203 ;0 ;4 ;3 ;0 ;239 ;
203 ;0 ;4 ;4 ;0 ;166 ;
203 ;0 ;4 ;5 ;0 ;93 ;
203 ;0 ;4 ;6 ;0 ;133 ;
203 ;0 ;4 ;7 ;0 ;55 ;
203 ;0 ;4 ;8 ;0 ;205 ;
203 ;0 ;5 ;1 ;0 ;145 ;
203 ;0 ;5 ;2 ;0 ;193 ;
203 ;0 ;5 ;3 ;0 ;22 ;
203 ;0 ;5 ;4 ;0 ;267 ;
203 ;0 ;5 ;5 ;0 ;137 ;
203 ;0 ;5 ;6 ;0 ;160 ;
203 ;0 ;5 ;7 ;0 ;277 ;
203 ;0 ;5 ;8 ;0 ;124 ;
203 ;0 ;6 ;1 ;0 ;79 ;
203 ;0 ;6 ;2 ;0 ;44 ;
203 ;0 ;6 ;3 ;0 ;97 ;
203 ;0 ;6 ;4 ;0 ;263 ;
203 ;0 ;6 ;5 ;0 ;108 ;
203 ;0 ;6 ;6 ;0 ;253 ;
203 ;0 ;6 ;7 ;0 ;105 ;
203 ;0 ;6 ;8 ;0 ;99 ;
203 ;0 ;7 ;1 ;0 ;187 ;
203 ;0 ;7 ;2 ;0 ;152 ;
203 ;0 ;7 ;3 ;0 ;41 ;
203 ;0 ;7 ;4 ;0 ;9 ;
203 ;0 ;7 ;5 ;0 ;15 ;
203 ;0 ;7 ;6 ;0 ;259 ;
203 ;0 ;7 ;7 ;0 ;241 ;
203 ;0 ;7 ;8 ;0 ;103 ;
203 ;0 ;8 ;1 ;0 ;5 ;
203 ;0 ;8 ;2 ;0 ;172 ;
203 ;0 ;8 ;3 ;0 ;180 ;
203 ;0 ;8 ;4 ;0 ;279 ;
203 ;0 ;8 ;5 ;0 ;149 ;
203 ;0 ;8 ;6 ;0 ;235 ;
203 ;0 ;8 ;7 ;0 ;140 ;
203 ;0 ;8 ;8 ;0 ;101 ;
203 ;0 ;9 ;1 ;0 ;86 ;
203 ;0 ;9 ;2 ;0 ;76 ;
203 ;0 ;9 ;3 ;0 ;74 ;
203 ;0 ;9 ;4 ;0 ;45 ;
203 ;0 ;9 ;5 ;0 ;42 ;
203 ;0 ;9 ;6 ;0 ;70 ;
203 ;0 ;9 ;7 ;0 ;54 ;
203 ;0 ;9 ;8 ;0 ;47 ;
203 ;0 ;10 ;1 ;0 ;163 ;
203 ;0 ;10 ;2 ;0 ;150 ;
203 ;0 ;10 ;3 ;0 ;197 ;
203 ;0 ;10 ;4 ;0 ;92 ;
203 ;0 ;10 ;5 ;0 ;233 ;
203 ;0 ;10 ;6 ;0 ;19 ;
203 ;0 ;10 ;7 ;0 ;83 ;
203 ;0 ;10 ;8 ;0 ;132 ;
203 ;0 ;11 ;1 ;0 ;100 ;
203 ;0 ;11 ;2 ;0 ;207 ;
203 ;0 ;11 ;3 ;0 ;71 ;
203 ;0 ;11 ;4 ;0 ;2 ;
203 ;0 ;11 ;5 ;0 ;82 ;
203 ;0 ;11 ;6 ;0 ;48 ;
203 ;0 ;11 ;7 ;0 ;244 ;
203 ;0 ;11 ;8 ;0 ;28 ;
204 ;0 ;0 ;2 ;0 ;134 ;
204 ;0 ;0 ;3 ;0 ;129 ;
204 ;0 ;0 ;4 ;0 ;57 ;
204 ;0 ;0 ;5 ;0 ;143 ;
204 ;0 ;0 ;6 ;0 ;51 ;
204 ;0 ;0 ;7 ;0 ;213 ;
204 ;0 ;1 ;2 ;0 ;126 ;
204 ;0 ;1 ;3 ;0 ;88 ;
204 ;0 ;1 ;4 ;0 ;63 ;
204 ;0 ;1 ;5 ;0 ;229 ;
204 ;0 ;1 ;6 ;0 ;262 ;
204 ;0 ;1 ;7 ;0 ;212 ;
204 ;0 ;2 ;1 ;0 ;176 ;
204 ;0 ;2 ;2 ;0 ;162 ;
204 ;0 ;2 ;3 ;0 ;268 ;
204 ;0 ;2 ;4 ;0 ;53 ;
204 ;0 ;2 ;5 ;0 ;204 ;
204 ;0 ;2 ;6 ;0 ;265 ;
204 ;0 ;2 ;7 ;0 ;80 ;
204 ;0 ;2 ;8 ;0 ;75 ;
204 ;0 ;3 ;1 ;0 ;122 ;
204 ;0 ;3 ;2 ;0 ;214 ;
204 ;0 ;3 ;3 ;0 ;198 ;
204 ;0 ;3 ;4 ;0 ;91 ;
204 ;0 ;3 ;5 ;0 ;148 ;
204 ;0 ;3 ;6 ;0 ;78 ;
204 ;0 ;3 ;7 ;0 ;68 ;
204 ;0 ;3 ;8 ;0 ;177 ;
204 ;0 ;4 ;1 ;0 ;6 ;
204 ;0 ;4 ;2 ;0 ;261 ;
204 ;0 ;4 ;3 ;0 ;147 ;
204 ;0 ;4 ;4 ;0 ;155 ;
204 ;0 ;4 ;5 ;0 ;159 ;
204 ;0 ;4 ;6 ;0 ;112 ;
204 ;0 ;4 ;7 ;0 ;282 ;
204 ;0 ;4 ;8 ;0 ;64 ;
205 ;0 ;0 ;1 ;0 ;137 ;
205 ;0 ;0 ;2 ;0 ;39 ;
205 ;0 ;0 ;3 ;0 ;115 ;
205 ;0 ;0 ;4 ;0 ;26 ;
205 ;0 ;0 ;5 ;0 ;141 ;
205 ;0 ;0 ;6 ;0 ;50 ;
205 ;0 ;0 ;7 ;0 ;152 ;
205 ;0 ;0 ;8 ;0 ;199 ;
205 ;0 ;1 ;1 ;0 ;253 ;
205 ;0 ;1 ;2 ;0 ;193 ;
205 ;0 ;1 ;3 ;0 ;277 ;
205 ;0 ;1 ;4 ;0 ;133 ;
205 ;0 ;1 ;5 ;0 ;263 ;
205 ;0 ;1 ;6 ;0 ;124 ;
205 ;0 ;1 ;7 ;0 ;55 ;
205 ;0 ;1 ;8 ;0 ;158 ;
205 ;0 ;2 ;1 ;0 ;54 ;
205 ;0 ;2 ;2 ;0 ;170 ;
205 ;0 ;2 ;3 ;0 ;101 ;
205 ;0 ;2 ;4 ;0 ;9 ;
205 ;0 ;2 ;5 ;0 ;95 ;
205 ;0 ;2 ;6 ;0 ;42 ;
205 ;0 ;2 ;7 ;0 ;92 ;
205 ;0 ;2 ;8 ;0 ;47 ;
205 ;0 ;3 ;1 ;0 ;70 ;
205 ;0 ;3 ;2 ;0 ;207 ;
205 ;0 ;3 ;3 ;0 ;84 ;
205 ;0 ;3 ;4 ;0 ;32 ;
205 ;0 ;3 ;5 ;0 ;94 ;
205 ;0 ;3 ;6 ;0 ;86 ;
205 ;0 ;3 ;7 ;0 ;244 ;
205 ;0 ;3 ;8 ;0 ;45 ;
206 ;0 ;0 ;1 ;0 ;57 ;
206 ;0 ;0 ;2 ;0 ;169 ;
206 ;0 ;0 ;3 ;0 ;249 ;
206 ;0 ;0 ;4 ;0 ;224 ;
206 ;0 ;0 ;5 ;0 ;90 ;
206 ;0 ;0 ;6 ;0 ;136 ;
206 ;0 ;0 ;7 ;0 ;143 ;
206 ;0 ;0 ;8 ;0 ;186 ;
206 ;0 ;1 ;1 ;0 ;73 ;
206 ;0 ;1 ;2 ;0 ;248 ;
206 ;0 ;1 ;3 ;0 ;220 ;
206 ;0 ;1 ;4 ;0 ;18 ;
206 ;0 ;1 ;5 ;0 ;69 ;
206 ;0 ;1 ;6 ;0 ;142 ;
206 ;0 ;1 ;7 ;0 ;35 ;
206 ;0 ;1 ;8 ;0 ;1 ;
206 ;0 ;2 ;1 ;0 ;210 ;
206 ;0 ;2 ;2 ;0 ;212 ;
206 ;0 ;2 ;3 ;0 ;168 ;
206 ;0 ;2 ;4 ;0 ;147 ;
206 ;0 ;2 ;5 ;0 ;24 ;
206 ;0 ;2 ;6 ;0 ;20 ;
206 ;0 ;2 ;7 ;0 ;56 ;
206 ;0 ;2 ;8 ;0 ;109 ;
207 ;0 ;0 ;1 ;0 ;7 ;
207 ;0 ;0 ;2 ;0 ;281 ;
207 ;0 ;0 ;3 ;0 ;269 ;
207 ;0 ;0 ;4 ;0 ;157 ;
207 ;0 ;0 ;5 ;0 ;59 ;
207 ;0 ;0 ;6 ;0 ;225 ;
207 ;0 ;0 ;7 ;0 ;273 ;
207 ;0 ;1 ;1 ;0 ;206 ;
207 ;0 ;1 ;2 ;0 ;72 ;
207 ;0 ;1 ;3 ;0 ;27 ;
207 ;0 ;1 ;4 ;0 ;190 ;
207 ;0 ;1 ;5 ;0 ;77 ;
207 ;0 ;1 ;6 ;0 ;175 ;
207 ;0 ;1 ;7 ;0 ;31 ;
207 ;0 ;1 ;8 ;0 ;14 ;
207 ;0 ;2 ;1 ;0 ;254 ;
207 ;0 ;2 ;2 ;0 ;192 ;
207 ;0 ;2 ;3 ;0 ;205 ;
207 ;0 ;2 ;4 ;0 ;216 ;
207 ;0 ;2 ;5 ;0 ;172 ;
207 ;0 ;2 ;6 ;0 ;165 ;
207 ;0 ;2 ;7 ;0 ;22 ;
207 ;0 ;2 ;8 ;0 ;160 ;
207 ;0 ;3 ;1 ;0 ;153 ;
207 ;0 ;3 ;2 ;0 ;259 ;
207 ;0 ;3 ;3 ;0 ;140 ;
207 ;0 ;3 ;4 ;0 ;266 ;
207 ;0 ;3 ;5 ;0 ;79 ;
207 ;0 ;3 ;6 ;0 ;97 ;
207 ;0 ;3 ;7 ;0 ;245 ;
207 ;0 ;3 ;8 ;0 ;241 ;
207 ;0 ;4 ;1 ;0 ;44 ;
207 ;0 ;4 ;2 ;0 ;250 ;
207 ;0 ;4 ;3 ;0 ;201 ;
207 ;0 ;4 ;4 ;0 ;215 ;
207 ;0 ;4 ;5 ;0 ;191 ;
207 ;0 ;4 ;6 ;0 ;279 ;
207 ;0 ;4 ;7 ;0 ;131 ;
207 ;0 ;4 ;8 ;0 ;30 ;
207 ;0 ;5 ;1 ;0 ;12 ;
207 ;0 ;5 ;2 ;0 ;83 ;
207 ;0 ;5 ;3 ;0 ;16 ;
207 ;0 ;5 ;4 ;0 ;71 ;
207 ;0 ;5 ;5 ;0 ;161 ;
207 ;0 ;5 ;6 ;0 ;19 ;
207 ;0 ;5 ;7 ;0 ;28 ;
207 ;0 ;5 ;8 ;0 ;197 ;
208 ;0 ;0 ;3 ;0 ;156 ;
208 ;0 ;0 ;4 ;0 ;46 ;
208 ;0 ;0 ;5 ;0 ;106 ;
208 ;0 ;0 ;6 ;0 ;134 ;
208 ;0 ;1 ;3 ;0 ;258 ;
208 ;0 ;1 ;4 ;0 ;111 ;
208 ;0 ;1 ;5 ;0 ;88 ;
208 ;0 ;1 ;6 ;0 ;130 ;
208 ;0 ;1 ;7 ;0 ;69 ;
208 ;0 ;2 ;1 ;0 ;51 ;
208 ;0 ;2 ;2 ;0 ;185 ;
208 ;0 ;2 ;3 ;0 ;129 ;
208 ;0 ;2 ;4 ;0 ;136 ;
208 ;0 ;2 ;5 ;0 ;85 ;
208 ;0 ;2 ;6 ;0 ;275 ;
208 ;0 ;2 ;7 ;0 ;57 ;
208 ;0 ;2 ;8 ;0 ;65 ;
208 ;0 ;3 ;1 ;0 ;246 ;
208 ;0 ;3 ;2 ;0 ;229 ;
208 ;0 ;3 ;3 ;0 ;220 ;
208 ;0 ;3 ;4 ;0 ;81 ;
208 ;0 ;3 ;5 ;0 ;109 ;
208 ;0 ;3 ;6 ;0 ;210 ;
208 ;0 ;3 ;7 ;0 ;138 ;
208 ;0 ;3 ;8 ;0 ;280 ;
208 ;0 ;4 ;1 ;0 ;260 ;
208 ;0 ;4 ;2 ;0 ;127 ;
208 ;0 ;4 ;3 ;0 ;268 ;
208 ;0 ;4 ;4 ;0 ;262 ;
208 ;0 ;4 ;5 ;0 ;189 ;
208 ;0 ;4 ;6 ;0 ;252 ;
208 ;0 ;4 ;7 ;0 ;204 ;
208 ;0 ;4 ;8 ;0 ;194 ;
208 ;0 ;5 ;1 ;0 ;1 ;
208 ;0 ;5 ;2 ;0 ;75 ;
208 ;0 ;5 ;3 ;0 ;53 ;
208 ;0 ;5 ;4 ;0 ;162 ;
208 ;0 ;5 ;5 ;0 ;91 ;
208 ;0 ;5 ;6 ;0 ;78 ;
208 ;0 ;5 ;7 ;0 ;198 ;
208 ;0 ;5 ;8 ;0 ;176 ;
208 ;0 ;6 ;1 ;0 ;184 ;
208 ;0 ;6 ;2 ;0 ;49 ;
208 ;0 ;6 ;3 ;0 ;23 ;
208 ;0 ;6 ;4 ;0 ;159 ;
208 ;0 ;6 ;5 ;0 ;64 ;
208 ;0 ;6 ;6 ;0 ;217 ;
208 ;0 ;6 ;7 ;0 ;238 ;
208 ;0 ;6 ;8 ;0 ;6 ;
209 ;0 ;0 ;1 ;0 ;41 ;
209 ;0 ;0 ;2 ;0 ;140 ;
209 ;0 ;0 ;3 ;0 ;92 ;
209 ;0 ;0 ;4 ;0 ;76 ;
209 ;0 ;0 ;5 ;0 ;100 ;
209 ;0 ;0 ;6 ;0 ;196 ;
209 ;0 ;0 ;7 ;0 ;99 ;
209 ;0 ;0 ;8 ;0 ;264 ;
210 ;0 ;0 ;1 ;0 ;171 ;
210 ;0 ;0 ;2 ;0 ;222 ;
210 ;0 ;0 ;3 ;0 ;46 ;
210 ;0 ;0 ;4 ;0 ;258 ;
210 ;0 ;0 ;5 ;0 ;110 ;
210 ;0 ;0 ;6 ;0 ;275 ;
210 ;0 ;0 ;7 ;0 ;156 ;
210 ;0 ;1 ;1 ;0 ;85 ;
210 ;0 ;1 ;2 ;0 ;169 ;
210 ;0 ;1 ;3 ;0 ;130 ;
210 ;0 ;1 ;4 ;0 ;98 ;
210 ;0 ;1 ;5 ;0 ;69 ;
210 ;0 ;1 ;6 ;0 ;186 ;
210 ;0 ;1 ;7 ;0 ;249 ;
210 ;0 ;1 ;8 ;0 ;90 ;
210 ;0 ;2 ;1 ;0 ;123 ;
210 ;0 ;2 ;2 ;0 ;73 ;
210 ;0 ;2 ;3 ;0 ;136 ;
210 ;0 ;2 ;4 ;0 ;248 ;
210 ;0 ;2 ;5 ;0 ;65 ;
210 ;0 ;2 ;6 ;0 ;127 ;
210 ;0 ;2 ;7 ;0 ;280 ;
210 ;0 ;2 ;8 ;0 ;109 ;
210 ;0 ;3 ;1 ;0 ;21 ;
210 ;0 ;3 ;2 ;0 ;138 ;
210 ;0 ;3 ;3 ;0 ;111 ;
210 ;0 ;3 ;4 ;0 ;240 ;
210 ;0 ;3 ;5 ;0 ;63 ;
210 ;0 ;3 ;6 ;0 ;35 ;
210 ;0 ;3 ;7 ;0 ;252 ;
210 ;0 ;3 ;8 ;0 ;113 ;
210 ;0 ;4 ;1 ;0 ;40 ;
210 ;0 ;4 ;2 ;0 ;8 ;
210 ;0 ;4 ;3 ;0 ;37 ;
210 ;0 ;4 ;4 ;0 ;262 ;
210 ;0 ;4 ;5 ;0 ;189 ;
210 ;0 ;4 ;6 ;0 ;229 ;
210 ;0 ;4 ;7 ;0 ;122 ;
210 ;0 ;4 ;8 ;0 ;176 ;
210 ;0 ;5 ;1 ;0 ;177 ;
210 ;0 ;5 ;2 ;0 ;75 ;
210 ;0 ;5 ;3 ;0 ;24 ;
210 ;0 ;5 ;4 ;0 ;60 ;
210 ;0 ;5 ;5 ;0 ;265 ;
210 ;0 ;5 ;6 ;0 ;148 ;
210 ;0 ;5 ;7 ;0 ;214 ;
210 ;0 ;5 ;8 ;0 ;168 ;
210 ;0 ;6 ;1 ;0 ;89 ;
210 ;0 ;6 ;2 ;0 ;49 ;
210 ;0 ;6 ;3 ;0 ;112 ;
210 ;0 ;6 ;4 ;0 ;155 ;
210 ;0 ;6 ;5 ;0 ;221 ;
210 ;0 ;6 ;6 ;0 ;135 ;
210 ;0 ;6 ;7 ;0 ;23 ;
210 ;0 ;6 ;8 ;0 ;217 ;
211 ;0 ;0 ;2 ;0 ;72 ;
211 ;0 ;0 ;3 ;0 ;269 ;
211 ;0 ;0 ;4 ;0 ;192 ;
211 ;0 ;0 ;5 ;0 ;77 ;
211 ;0 ;0 ;6 ;0 ;225 ;
211 ;0 ;0 ;7 ;0 ;58 ;
211 ;0 ;1 ;2 ;0 ;7 ;
211 ;0 ;1 ;3 ;0 ;59 ;
211 ;0 ;1 ;4 ;0 ;206 ;
211 ;0 ;1 ;5 ;0 ;157 ;
211 ;0 ;1 ;6 ;0 ;216 ;
211 ;0 ;1 ;7 ;0 ;128 ;
211 ;0 ;2 ;1 ;0 ;96 ;
211 ;0 ;2 ;2 ;0 ;178 ;
211 ;0 ;2 ;3 ;0 ;174 ;
211 ;0 ;2 ;4 ;0 ;52 ;
211 ;0 ;2 ;5 ;0 ;254 ;
211 ;0 ;2 ;6 ;0 ;151 ;
211 ;0 ;2 ;7 ;0 ;273 ;
211 ;0 ;2 ;8 ;0 ;107 ;
211 ;0 ;3 ;1 ;0 ;38 ;
211 ;0 ;3 ;2 ;0 ;50 ;
211 ;0 ;3 ;3 ;0 ;274 ;
211 ;0 ;3 ;4 ;0 ;166 ;
211 ;0 ;3 ;5 ;0 ;137 ;
211 ;0 ;3 ;6 ;0 ;131 ;
211 ;0 ;3 ;7 ;0 ;165 ;
211 ;0 ;3 ;8 ;0 ;190 ;
211 ;0 ;4 ;1 ;0 ;31 ;
211 ;0 ;4 ;2 ;0 ;266 ;
211 ;0 ;4 ;3 ;0 ;245 ;
211 ;0 ;4 ;4 ;0 ;39 ;
211 ;0 ;4 ;5 ;0 ;27 ;
211 ;0 ;4 ;6 ;0 ;141 ;
211 ;0 ;4 ;7 ;0 ;239 ;
211 ;0 ;4 ;8 ;0 ;26 ;
211 ;0 ;5 ;1 ;0 ;264 ;
211 ;0 ;5 ;2 ;0 ;124 ;
211 ;0 ;5 ;3 ;0 ;22 ;
211 ;0 ;5 ;4 ;0 ;250 ;
211 ;0 ;5 ;5 ;0 ;153 ;
211 ;0 ;5 ;6 ;0 ;201 ;
211 ;0 ;5 ;7 ;0 ;55 ;
211 ;0 ;5 ;8 ;0 ;199 ;
211 ;0 ;6 ;1 ;0 ;154 ;
211 ;0 ;6 ;2 ;0 ;158 ;
211 ;0 ;6 ;3 ;0 ;175 ;
211 ;0 ;6 ;4 ;0 ;205 ;
211 ;0 ;6 ;5 ;0 ;93 ;
211 ;0 ;6 ;6 ;0 ;277 ;
211 ;0 ;6 ;7 ;0 ;14 ;
211 ;0 ;6 ;8 ;0 ;170 ;
211 ;0 ;7 ;1 ;0 ;99 ;
211 ;0 ;7 ;2 ;0 ;97 ;
211 ;0 ;7 ;3 ;0 ;193 ;
211 ;0 ;7 ;4 ;0 ;145 ;
211 ;0 ;7 ;5 ;0 ;215 ;
211 ;0 ;7 ;6 ;0 ;160 ;
211 ;0 ;7 ;7 ;0 ;267 ;
211 ;0 ;7 ;8 ;0 ;253 ;
211 ;0 ;8 ;1 ;0 ;133 ;
211 ;0 ;8 ;2 ;0 ;79 ;
211 ;0 ;8 ;3 ;0 ;259 ;
211 ;0 ;8 ;4 ;0 ;41 ;
211 ;0 ;8 ;5 ;0 ;108 ;
211 ;0 ;8 ;6 ;0 ;44 ;
211 ;0 ;8 ;7 ;0 ;140 ;
211 ;0 ;8 ;8 ;0 ;187 ;
211 ;0 ;9 ;1 ;0 ;241 ;
211 ;0 ;9 ;2 ;0 ;105 ;
211 ;0 ;9 ;3 ;0 ;74 ;
211 ;0 ;9 ;4 ;0 ;15 ;
211 ;0 ;9 ;5 ;0 ;279 ;
211 ;0 ;9 ;6 ;0 ;12 ;
211 ;0 ;9 ;7 ;0 ;42 ;
211 ;0 ;9 ;8 ;0 ;149 ;
211 ;0 ;10 ;1 ;0 ;76 ;
211 ;0 ;10 ;2 ;0 ;172 ;
211 ;0 ;10 ;3 ;0 ;101 ;
211 ;0 ;10 ;4 ;0 ;263 ;
211 ;0 ;10 ;5 ;0 ;86 ;
211 ;0 ;10 ;6 ;0 ;45 ;
211 ;0 ;10 ;7 ;0 ;196 ;
211 ;0 ;10 ;8 ;0 ;114 ;
211 ;0 ;11 ;1 ;0 ;5 ;
211 ;0 ;11 ;2 ;0 ;103 ;
211 ;0 ;11 ;3 ;0 ;235 ;
211 ;0 ;11 ;4 ;0 ;163 ;
211 ;0 ;11 ;5 ;0 ;30 ;
211 ;0 ;11 ;6 ;0 ;92 ;
211 ;0 ;11 ;7 ;0 ;244 ;
211 ;0 ;11 ;8 ;0 ;191 ;
211 ;0 ;12 ;1 ;0 ;28 ;
211 ;0 ;12 ;2 ;0 ;95 ;
211 ;0 ;12 ;3 ;0 ;70 ;
211 ;0 ;12 ;4 ;0 ;94 ;
211 ;0 ;12 ;5 ;0 ;197 ;
211 ;0 ;12 ;6 ;0 ;32 ;
211 ;0 ;12 ;7 ;0 ;132 ;
211 ;0 ;12 ;8 ;0 ;180 ;
211 ;0 ;13 ;1 ;0 ;150 ;
211 ;0 ;13 ;2 ;0 ;100 ;
211 ;0 ;13 ;3 ;0 ;54 ;
211 ;0 ;13 ;4 ;0 ;47 ;
211 ;0 ;13 ;5 ;0 ;233 ;
211 ;0 ;13 ;6 ;0 ;281 ;
211 ;0 ;13 ;7 ;0 ;161 ;
211 ;0 ;13 ;8 ;0 ;19 ;
211 ;0 ;14 ;1 ;0 ;207 ;
211 ;0 ;14 ;2 ;0 ;83 ;
211 ;0 ;14 ;3 ;0 ;48 ;
211 ;0 ;14 ;4 ;0 ;2 ;
211 ;0 ;14 ;5 ;0 ;71 ;
211 ;0 ;14 ;6 ;0 ;82 ;
211 ;0 ;14 ;7 ;0 ;84 ;
211 ;0 ;14 ;8 ;0 ;16 ;
212 ;0 ;0 ;3 ;0 ;222 ;
212 ;0 ;0 ;4 ;0 ;143 ;
212 ;0 ;0 ;5 ;0 ;88 ;
212 ;0 ;0 ;6 ;0 ;148 ;
212 ;0 ;0 ;7 ;0 ;80 ;
212 ;0 ;1 ;2 ;0 ;91 ;
212 ;0 ;1 ;3 ;0 ;68 ;
212 ;0 ;1 ;4 ;0 ;147 ;
212 ;0 ;1 ;5 ;0 ;135 ;
212 ;0 ;1 ;6 ;0 ;78 ;
