event; round;heat;lane;relais;idBib;
101 ;0 ;0 ;2 ;0 ;208 ;
101 ;0 ;0 ;3 ;0 ;26 ;
101 ;0 ;0 ;4 ;0 ;33 ;
101 ;0 ;0 ;5 ;0 ;27 ;
101 ;0 ;0 ;6 ;0 ;74 ;
101 ;0 ;0 ;7 ;0 ;8 ;
101 ;0 ;1 ;1 ;0 ;256 ;
101 ;0 ;1 ;2 ;0 ;163 ;
101 ;0 ;1 ;3 ;0 ;124 ;
101 ;0 ;1 ;4 ;0 ;127 ;
101 ;0 ;1 ;5 ;0 ;39 ;
101 ;0 ;1 ;6 ;0 ;147 ;
101 ;0 ;1 ;7 ;0 ;110 ;
101 ;0 ;2 ;1 ;0 ;143 ;
101 ;0 ;2 ;2 ;0 ;159 ;
101 ;0 ;2 ;3 ;0 ;112 ;
101 ;0 ;2 ;4 ;0 ;213 ;
101 ;0 ;2 ;5 ;0 ;38 ;
101 ;0 ;2 ;6 ;0 ;19 ;
101 ;0 ;2 ;7 ;0 ;121 ;
101 ;0 ;2 ;8 ;0 ;41 ;
101 ;0 ;3 ;1 ;0 ;28 ;
101 ;0 ;3 ;2 ;0 ;292 ;
101 ;0 ;3 ;3 ;0 ;34 ;
101 ;0 ;3 ;4 ;0 ;224 ;
101 ;0 ;3 ;5 ;0 ;285 ;
101 ;0 ;3 ;6 ;0 ;69 ;
101 ;0 ;3 ;7 ;0 ;83 ;
101 ;0 ;3 ;8 ;0 ;171 ;
101 ;0 ;4 ;1 ;0 ;192 ;
101 ;0 ;4 ;2 ;0 ;111 ;
101 ;0 ;4 ;3 ;0 ;165 ;
101 ;0 ;4 ;4 ;0 ;67 ;
101 ;0 ;4 ;5 ;0 ;55 ;
101 ;0 ;4 ;6 ;0 ;291 ;
101 ;0 ;4 ;7 ;0 ;72 ;
101 ;0 ;4 ;8 ;0 ;182 ;
101 ;0 ;5 ;1 ;0 ;113 ;
101 ;0 ;5 ;2 ;0 ;185 ;
101 ;0 ;5 ;3 ;0 ;123 ;
101 ;0 ;5 ;4 ;0 ;231 ;
101 ;0 ;5 ;5 ;0 ;277 ;
101 ;0 ;5 ;6 ;0 ;202 ;
101 ;0 ;5 ;7 ;0 ;133 ;
101 ;0 ;5 ;8 ;0 ;25 ;
101 ;0 ;6 ;1 ;0 ;37 ;
101 ;0 ;6 ;2 ;0 ;279 ;
101 ;0 ;6 ;3 ;0 ;115 ;
101 ;0 ;6 ;4 ;0 ;219 ;
101 ;0 ;6 ;5 ;0 ;162 ;
101 ;0 ;6 ;6 ;0 ;78 ;
101 ;0 ;6 ;7 ;0 ;138 ;
101 ;0 ;6 ;8 ;0 ;36 ;
102 ;0 ;0 ;1 ;0 ;294 ;
102 ;0 ;0 ;2 ;0 ;178 ;
102 ;0 ;0 ;3 ;0 ;225 ;
102 ;0 ;0 ;4 ;0 ;228 ;
102 ;0 ;0 ;5 ;0 ;186 ;
102 ;0 ;0 ;6 ;0 ;236 ;
102 ;0 ;0 ;7 ;0 ;150 ;
102 ;0 ;1 ;1 ;0 ;82 ;
102 ;0 ;1 ;2 ;0 ;137 ;
102 ;0 ;1 ;3 ;0 ;194 ;
102 ;0 ;1 ;4 ;0 ;45 ;
102 ;0 ;1 ;5 ;0 ;96 ;
102 ;0 ;1 ;6 ;0 ;106 ;
102 ;0 ;1 ;7 ;0 ;71 ;
102 ;0 ;2 ;1 ;0 ;170 ;
102 ;0 ;2 ;2 ;0 ;273 ;
102 ;0 ;2 ;3 ;0 ;132 ;
102 ;0 ;2 ;4 ;0 ;125 ;
102 ;0 ;2 ;5 ;0 ;244 ;
102 ;0 ;2 ;6 ;0 ;227 ;
102 ;0 ;2 ;7 ;0 ;196 ;
102 ;0 ;2 ;8 ;0 ;287 ;
103 ;0 ;0 ;2 ;0 ;84 ;
103 ;0 ;0 ;3 ;0 ;288 ;
103 ;0 ;0 ;4 ;0 ;61 ;
103 ;0 ;0 ;5 ;0 ;120 ;
103 ;0 ;0 ;6 ;0 ;22 ;
103 ;0 ;0 ;7 ;0 ;303 ;
103 ;0 ;1 ;2 ;0 ;278 ;
103 ;0 ;1 ;3 ;0 ;179 ;
103 ;0 ;1 ;4 ;0 ;208 ;
103 ;0 ;1 ;5 ;0 ;172 ;
103 ;0 ;1 ;6 ;0 ;27 ;
103 ;0 ;1 ;7 ;0 ;127 ;
103 ;0 ;2 ;1 ;0 ;247 ;
103 ;0 ;2 ;2 ;0 ;26 ;
103 ;0 ;2 ;3 ;0 ;268 ;
103 ;0 ;2 ;4 ;0 ;1 ;
103 ;0 ;2 ;5 ;0 ;212 ;
103 ;0 ;2 ;6 ;0 ;8 ;
103 ;0 ;2 ;7 ;0 ;256 ;
103 ;0 ;2 ;8 ;0 ;284 ;
103 ;0 ;3 ;1 ;0 ;74 ;
103 ;0 ;3 ;2 ;0 ;281 ;
103 ;0 ;3 ;3 ;0 ;39 ;
103 ;0 ;3 ;4 ;0 ;28 ;
103 ;0 ;3 ;5 ;0 ;114 ;
103 ;0 ;3 ;6 ;0 ;58 ;
103 ;0 ;3 ;7 ;0 ;168 ;
103 ;0 ;3 ;8 ;0 ;2 ;
103 ;0 ;4 ;1 ;0 ;38 ;
103 ;0 ;4 ;2 ;0 ;110 ;
103 ;0 ;4 ;3 ;0 ;159 ;
103 ;0 ;4 ;4 ;0 ;42 ;
103 ;0 ;4 ;5 ;0 ;213 ;
103 ;0 ;4 ;6 ;0 ;192 ;
103 ;0 ;4 ;7 ;0 ;41 ;
103 ;0 ;4 ;8 ;0 ;147 ;
103 ;0 ;5 ;1 ;0 ;49 ;
103 ;0 ;5 ;2 ;0 ;99 ;
103 ;0 ;5 ;3 ;0 ;257 ;
103 ;0 ;5 ;4 ;0 ;235 ;
103 ;0 ;5 ;5 ;0 ;10 ;
103 ;0 ;5 ;6 ;0 ;121 ;
103 ;0 ;5 ;7 ;0 ;156 ;
103 ;0 ;5 ;8 ;0 ;34 ;
103 ;0 ;6 ;1 ;0 ;158 ;
103 ;0 ;6 ;2 ;0 ;64 ;
103 ;0 ;6 ;3 ;0 ;81 ;
103 ;0 ;6 ;4 ;0 ;112 ;
103 ;0 ;6 ;5 ;0 ;261 ;
103 ;0 ;6 ;6 ;0 ;67 ;
103 ;0 ;6 ;7 ;0 ;102 ;
103 ;0 ;6 ;8 ;0 ;47 ;
103 ;0 ;7 ;1 ;0 ;285 ;
103 ;0 ;7 ;2 ;0 ;203 ;
103 ;0 ;7 ;3 ;0 ;36 ;
103 ;0 ;7 ;4 ;0 ;201 ;
103 ;0 ;7 ;5 ;0 ;171 ;
103 ;0 ;7 ;6 ;0 ;241 ;
103 ;0 ;7 ;7 ;0 ;111 ;
103 ;0 ;7 ;8 ;0 ;231 ;
103 ;0 ;8 ;1 ;0 ;165 ;
103 ;0 ;8 ;2 ;0 ;279 ;
103 ;0 ;8 ;3 ;0 ;109 ;
103 ;0 ;8 ;4 ;0 ;197 ;
103 ;0 ;8 ;5 ;0 ;60 ;
103 ;0 ;8 ;6 ;0 ;83 ;
103 ;0 ;8 ;7 ;0 ;105 ;
103 ;0 ;8 ;8 ;0 ;191 ;
103 ;0 ;9 ;1 ;0 ;253 ;
103 ;0 ;9 ;2 ;0 ;117 ;
103 ;0 ;9 ;3 ;0 ;37 ;
103 ;0 ;9 ;4 ;0 ;184 ;
103 ;0 ;9 ;5 ;0 ;85 ;
103 ;0 ;9 ;6 ;0 ;219 ;
103 ;0 ;9 ;7 ;0 ;202 ;
103 ;0 ;9 ;8 ;0 ;182 ;
104 ;0 ;0 ;1 ;0 ;254 ;
104 ;0 ;0 ;2 ;0 ;294 ;
104 ;0 ;0 ;3 ;0 ;24 ;
104 ;0 ;0 ;4 ;0 ;148 ;
104 ;0 ;0 ;5 ;0 ;178 ;
104 ;0 ;0 ;6 ;0 ;32 ;
104 ;0 ;0 ;7 ;0 ;193 ;
104 ;0 ;0 ;8 ;0 ;5 ;
104 ;0 ;1 ;1 ;0 ;23 ;
104 ;0 ;1 ;2 ;0 ;177 ;
104 ;0 ;1 ;3 ;0 ;176 ;
104 ;0 ;1 ;4 ;0 ;209 ;
104 ;0 ;1 ;5 ;0 ;198 ;
104 ;0 ;1 ;6 ;0 ;161 ;
104 ;0 ;1 ;7 ;0 ;221 ;
104 ;0 ;1 ;8 ;0 ;17 ;
104 ;0 ;2 ;1 ;0 ;129 ;
104 ;0 ;2 ;2 ;0 ;86 ;
104 ;0 ;2 ;3 ;0 ;68 ;
104 ;0 ;2 ;4 ;0 ;302 ;
104 ;0 ;2 ;5 ;0 ;71 ;
104 ;0 ;2 ;6 ;0 ;14 ;
104 ;0 ;2 ;7 ;0 ;141 ;
104 ;0 ;2 ;8 ;0 ;35 ;
104 ;0 ;3 ;1 ;0 ;300 ;
104 ;0 ;3 ;2 ;0 ;196 ;
104 ;0 ;3 ;3 ;0 ;265 ;
104 ;0 ;3 ;4 ;0 ;229 ;
104 ;0 ;3 ;5 ;0 ;175 ;
104 ;0 ;3 ;6 ;0 ;170 ;
104 ;0 ;3 ;7 ;0 ;79 ;
104 ;0 ;3 ;8 ;0 ;204 ;
105 ;0 ;0 ;2 ;0 ;97 ;
105 ;0 ;0 ;3 ;0 ;179 ;
105 ;0 ;0 ;4 ;0 ;246 ;
105 ;0 ;0 ;5 ;0 ;124 ;
105 ;0 ;0 ;6 ;0 ;212 ;
105 ;0 ;0 ;7 ;0 ;1 ;
105 ;0 ;1 ;1 ;0 ;256 ;
105 ;0 ;1 ;2 ;0 ;110 ;
105 ;0 ;1 ;3 ;0 ;33 ;
105 ;0 ;1 ;4 ;0 ;292 ;
105 ;0 ;1 ;5 ;0 ;268 ;
105 ;0 ;1 ;6 ;0 ;28 ;
105 ;0 ;1 ;7 ;0 ;87 ;
105 ;0 ;2 ;1 ;0 ;39 ;
105 ;0 ;2 ;2 ;0 ;38 ;
105 ;0 ;2 ;3 ;0 ;47 ;
105 ;0 ;2 ;4 ;0 ;203 ;
105 ;0 ;2 ;5 ;0 ;64 ;
105 ;0 ;2 ;6 ;0 ;235 ;
105 ;0 ;2 ;7 ;0 ;109 ;
105 ;0 ;2 ;8 ;0 ;285 ;
105 ;0 ;3 ;1 ;0 ;279 ;
105 ;0 ;3 ;2 ;0 ;301 ;
105 ;0 ;3 ;3 ;0 ;185 ;
105 ;0 ;3 ;4 ;0 ;162 ;
105 ;0 ;3 ;5 ;0 ;139 ;
105 ;0 ;3 ;6 ;0 ;231 ;
105 ;0 ;3 ;7 ;0 ;182 ;
105 ;0 ;3 ;8 ;0 ;60 ;
106 ;0 ;0 ;1 ;0 ;44 ;
106 ;0 ;0 ;2 ;0 ;176 ;
106 ;0 ;0 ;3 ;0 ;59 ;
106 ;0 ;0 ;4 ;0 ;122 ;
106 ;0 ;0 ;5 ;0 ;90 ;
106 ;0 ;0 ;6 ;0 ;142 ;
106 ;0 ;0 ;7 ;0 ;269 ;
106 ;0 ;1 ;1 ;0 ;199 ;
106 ;0 ;1 ;2 ;0 ;140 ;
106 ;0 ;1 ;3 ;0 ;264 ;
106 ;0 ;1 ;4 ;0 ;234 ;
106 ;0 ;1 ;5 ;0 ;183 ;
106 ;0 ;1 ;6 ;0 ;217 ;
106 ;0 ;1 ;7 ;0 ;186 ;
106 ;0 ;2 ;1 ;0 ;82 ;
106 ;0 ;2 ;2 ;0 ;287 ;
106 ;0 ;2 ;3 ;0 ;157 ;
106 ;0 ;2 ;4 ;0 ;46 ;
106 ;0 ;2 ;5 ;0 ;62 ;
106 ;0 ;2 ;6 ;0 ;30 ;
106 ;0 ;2 ;7 ;0 ;21 ;
106 ;0 ;2 ;8 ;0 ;16 ;
107 ;0 ;0 ;2 ;0 ;259 ;
107 ;0 ;0 ;3 ;0 ;288 ;
107 ;0 ;0 ;4 ;0 ;237 ;
107 ;0 ;0 ;5 ;0 ;188 ;
107 ;0 ;0 ;6 ;0 ;210 ;
107 ;0 ;0 ;7 ;0 ;240 ;
107 ;0 ;1 ;1 ;0 ;84 ;
107 ;0 ;1 ;2 ;0 ;127 ;
107 ;0 ;1 ;3 ;0 ;12 ;
107 ;0 ;1 ;4 ;0 ;208 ;
107 ;0 ;1 ;5 ;0 ;163 ;
107 ;0 ;1 ;6 ;0 ;26 ;
107 ;0 ;1 ;7 ;0 ;114 ;
107 ;0 ;2 ;1 ;0 ;247 ;
107 ;0 ;2 ;2 ;0 ;74 ;
107 ;0 ;2 ;3 ;0 ;272 ;
107 ;0 ;2 ;4 ;0 ;168 ;
107 ;0 ;2 ;5 ;0 ;124 ;
107 ;0 ;2 ;6 ;0 ;143 ;
107 ;0 ;2 ;7 ;0 ;10 ;
107 ;0 ;2 ;8 ;0 ;8 ;
107 ;0 ;3 ;1 ;0 ;41 ;
107 ;0 ;3 ;2 ;0 ;2 ;
107 ;0 ;3 ;3 ;0 ;291 ;
107 ;0 ;3 ;4 ;0 ;49 ;
107 ;0 ;3 ;5 ;0 ;215 ;
107 ;0 ;3 ;6 ;0 ;99 ;
107 ;0 ;3 ;7 ;0 ;126 ;
107 ;0 ;3 ;8 ;0 ;67 ;
107 ;0 ;4 ;1 ;0 ;111 ;
107 ;0 ;4 ;2 ;0 ;156 ;
107 ;0 ;4 ;3 ;0 ;192 ;
107 ;0 ;4 ;4 ;0 ;165 ;
107 ;0 ;4 ;5 ;0 ;72 ;
107 ;0 ;4 ;6 ;0 ;301 ;
107 ;0 ;4 ;7 ;0 ;55 ;
107 ;0 ;4 ;8 ;0 ;69 ;
107 ;0 ;5 ;1 ;0 ;224 ;
107 ;0 ;5 ;2 ;0 ;102 ;
107 ;0 ;5 ;3 ;0 ;279 ;
107 ;0 ;5 ;4 ;0 ;81 ;
107 ;0 ;5 ;5 ;0 ;277 ;
107 ;0 ;5 ;6 ;0 ;105 ;
107 ;0 ;5 ;7 ;0 ;123 ;
107 ;0 ;5 ;8 ;0 ;113 ;
107 ;0 ;6 ;1 ;0 ;112 ;
107 ;0 ;6 ;2 ;0 ;25 ;
107 ;0 ;6 ;3 ;0 ;117 ;
107 ;0 ;6 ;4 ;0 ;115 ;
107 ;0 ;6 ;5 ;0 ;56 ;
107 ;0 ;6 ;6 ;0 ;78 ;
107 ;0 ;6 ;7 ;0 ;219 ;
107 ;0 ;6 ;8 ;0 ;138 ;
108 ;0 ;0 ;3 ;0 ;234 ;
108 ;0 ;0 ;4 ;0 ;252 ;
108 ;0 ;0 ;5 ;0 ;44 ;
108 ;0 ;0 ;6 ;0 ;290 ;
108 ;0 ;0 ;7 ;0 ;187 ;
108 ;0 ;1 ;2 ;0 ;280 ;
108 ;0 ;1 ;3 ;0 ;98 ;
108 ;0 ;1 ;4 ;0 ;75 ;
108 ;0 ;1 ;5 ;0 ;116 ;
108 ;0 ;1 ;6 ;0 ;296 ;
108 ;0 ;1 ;7 ;0 ;4 ;
108 ;0 ;2 ;1 ;0 ;101 ;
108 ;0 ;2 ;2 ;0 ;6 ;
108 ;0 ;2 ;3 ;0 ;181 ;
108 ;0 ;2 ;4 ;0 ;5 ;
108 ;0 ;2 ;5 ;0 ;255 ;
108 ;0 ;2 ;6 ;0 ;222 ;
108 ;0 ;2 ;7 ;0 ;160 ;
108 ;0 ;2 ;8 ;0 ;260 ;
108 ;0 ;3 ;1 ;0 ;144 ;
108 ;0 ;3 ;2 ;0 ;249 ;
108 ;0 ;3 ;3 ;0 ;183 ;
108 ;0 ;3 ;4 ;0 ;76 ;
108 ;0 ;3 ;5 ;0 ;177 ;
108 ;0 ;3 ;6 ;0 ;193 ;
108 ;0 ;3 ;7 ;0 ;217 ;
108 ;0 ;3 ;8 ;0 ;200 ;
108 ;0 ;4 ;1 ;0 ;128 ;
108 ;0 ;4 ;2 ;0 ;62 ;
108 ;0 ;4 ;3 ;0 ;248 ;
108 ;0 ;4 ;4 ;0 ;52 ;
108 ;0 ;4 ;5 ;0 ;16 ;
108 ;0 ;4 ;6 ;0 ;32 ;
108 ;0 ;4 ;7 ;0 ;199 ;
108 ;0 ;4 ;8 ;0 ;70 ;
108 ;0 ;5 ;1 ;0 ;236 ;
108 ;0 ;5 ;2 ;0 ;91 ;
108 ;0 ;5 ;3 ;0 ;149 ;
108 ;0 ;5 ;4 ;0 ;204 ;
108 ;0 ;5 ;5 ;0 ;135 ;
108 ;0 ;5 ;6 ;0 ;92 ;
108 ;0 ;5 ;7 ;0 ;130 ;
108 ;0 ;5 ;8 ;0 ;86 ;
108 ;0 ;6 ;1 ;0 ;23 ;
108 ;0 ;6 ;2 ;0 ;73 ;
108 ;0 ;6 ;3 ;0 ;221 ;
108 ;0 ;6 ;4 ;0 ;194 ;
108 ;0 ;6 ;5 ;0 ;63 ;
108 ;0 ;6 ;6 ;0 ;209 ;
108 ;0 ;6 ;7 ;0 ;286 ;
108 ;0 ;6 ;8 ;0 ;297 ;
108 ;0 ;7 ;1 ;0 ;35 ;
108 ;0 ;7 ;2 ;0 ;161 ;
108 ;0 ;7 ;3 ;0 ;71 ;
108 ;0 ;7 ;4 ;0 ;154 ;
108 ;0 ;7 ;5 ;0 ;227 ;
108 ;0 ;7 ;6 ;0 ;30 ;
108 ;0 ;7 ;7 ;0 ;229 ;
108 ;0 ;7 ;8 ;0 ;13 ;
108 ;0 ;8 ;1 ;0 ;289 ;
108 ;0 ;8 ;2 ;0 ;206 ;
108 ;0 ;8 ;3 ;0 ;100 ;
108 ;0 ;8 ;4 ;0 ;155 ;
108 ;0 ;8 ;5 ;0 ;151 ;
108 ;0 ;8 ;6 ;0 ;275 ;
108 ;0 ;8 ;7 ;0 ;79 ;
108 ;0 ;8 ;8 ;0 ;104 ;
109 ;0 ;0 ;2 ;0 ;284 ;
109 ;0 ;0 ;3 ;0 ;28 ;
109 ;0 ;0 ;4 ;0 ;83 ;
109 ;0 ;0 ;5 ;0 ;69 ;
109 ;0 ;0 ;6 ;0 ;121 ;
109 ;0 ;0 ;7 ;0 ;133 ;
109 ;0 ;1 ;2 ;0 ;253 ;
109 ;0 ;1 ;3 ;0 ;138 ;
109 ;0 ;1 ;4 ;0 ;162 ;
109 ;0 ;1 ;5 ;0 ;301 ;
109 ;0 ;1 ;6 ;0 ;191 ;
109 ;0 ;1 ;7 ;0 ;202 ;
110 ;0 ;0 ;2 ;0 ;290 ;
110 ;0 ;0 ;3 ;0 ;50 ;
110 ;0 ;0 ;4 ;0 ;269 ;
110 ;0 ;0 ;5 ;0 ;254 ;
110 ;0 ;0 ;6 ;0 ;217 ;
110 ;0 ;0 ;7 ;0 ;70 ;
110 ;0 ;1 ;1 ;0 ;193 ;
110 ;0 ;1 ;2 ;0 ;178 ;
110 ;0 ;1 ;3 ;0 ;200 ;
110 ;0 ;1 ;4 ;0 ;52 ;
110 ;0 ;1 ;5 ;0 ;142 ;
110 ;0 ;1 ;6 ;0 ;140 ;
110 ;0 ;1 ;7 ;0 ;248 ;
110 ;0 ;2 ;1 ;0 ;221 ;
110 ;0 ;2 ;2 ;0 ;76 ;
110 ;0 ;2 ;3 ;0 ;17 ;
110 ;0 ;2 ;4 ;0 ;129 ;
110 ;0 ;2 ;5 ;0 ;148 ;
110 ;0 ;2 ;6 ;0 ;135 ;
110 ;0 ;2 ;7 ;0 ;300 ;
110 ;0 ;2 ;8 ;0 ;228 ;
110 ;0 ;3 ;1 ;0 ;198 ;
110 ;0 ;3 ;2 ;0 ;16 ;
110 ;0 ;3 ;3 ;0 ;128 ;
110 ;0 ;3 ;4 ;0 ;209 ;
110 ;0 ;3 ;5 ;0 ;32 ;
110 ;0 ;3 ;6 ;0 ;225 ;
110 ;0 ;3 ;7 ;0 ;63 ;
110 ;0 ;3 ;8 ;0 ;186 ;
110 ;0 ;4 ;1 ;0 ;150 ;
110 ;0 ;4 ;2 ;0 ;45 ;
110 ;0 ;4 ;3 ;0 ;92 ;
110 ;0 ;4 ;4 ;0 ;53 ;
110 ;0 ;4 ;5 ;0 ;35 ;
110 ;0 ;4 ;6 ;0 ;194 ;
110 ;0 ;4 ;7 ;0 ;104 ;
110 ;0 ;4 ;8 ;0 ;236 ;
110 ;0 ;5 ;1 ;0 ;275 ;
110 ;0 ;5 ;2 ;0 ;206 ;
110 ;0 ;5 ;3 ;0 ;141 ;
110 ;0 ;5 ;4 ;0 ;23 ;
110 ;0 ;5 ;5 ;0 ;154 ;
110 ;0 ;5 ;6 ;0 ;170 ;
110 ;0 ;5 ;7 ;0 ;73 ;
110 ;0 ;5 ;8 ;0 ;196 ;
110 ;0 ;6 ;1 ;0 ;96 ;
110 ;0 ;6 ;2 ;0 ;132 ;
110 ;0 ;6 ;3 ;0 ;273 ;
110 ;0 ;6 ;4 ;0 ;125 ;
110 ;0 ;6 ;5 ;0 ;244 ;
110 ;0 ;6 ;6 ;0 ;289 ;
110 ;0 ;6 ;7 ;0 ;227 ;
110 ;0 ;6 ;8 ;0 ;68 ;
111 ;0 ;0 ;1 ;0 ;259 ;
111 ;0 ;0 ;2 ;0 ;237 ;
111 ;0 ;0 ;3 ;0 ;188 ;
111 ;0 ;0 ;4 ;0 ;288 ;
111 ;0 ;0 ;5 ;0 ;303 ;
111 ;0 ;0 ;6 ;0 ;283 ;
111 ;0 ;0 ;7 ;0 ;240 ;
111 ;0 ;1 ;1 ;0 ;278 ;
111 ;0 ;1 ;2 ;0 ;210 ;
111 ;0 ;1 ;3 ;0 ;120 ;
111 ;0 ;1 ;4 ;0 ;22 ;
111 ;0 ;1 ;5 ;0 ;97 ;
111 ;0 ;1 ;6 ;0 ;247 ;
111 ;0 ;1 ;7 ;0 ;166 ;
111 ;0 ;2 ;1 ;0 ;246 ;
111 ;0 ;2 ;2 ;0 ;1 ;
111 ;0 ;2 ;3 ;0 ;208 ;
111 ;0 ;2 ;4 ;0 ;256 ;
111 ;0 ;2 ;5 ;0 ;179 ;
111 ;0 ;2 ;6 ;0 ;281 ;
111 ;0 ;2 ;7 ;0 ;12 ;
111 ;0 ;2 ;8 ;0 ;27 ;
111 ;0 ;3 ;1 ;0 ;127 ;
111 ;0 ;3 ;2 ;0 ;33 ;
111 ;0 ;3 ;3 ;0 ;215 ;
111 ;0 ;3 ;4 ;0 ;19 ;
111 ;0 ;3 ;5 ;0 ;26 ;
111 ;0 ;3 ;6 ;0 ;212 ;
111 ;0 ;3 ;7 ;0 ;172 ;
111 ;0 ;3 ;8 ;0 ;143 ;
111 ;0 ;4 ;1 ;0 ;152 ;
111 ;0 ;4 ;2 ;0 ;39 ;
111 ;0 ;4 ;3 ;0 ;61 ;
111 ;0 ;4 ;4 ;0 ;163 ;
111 ;0 ;4 ;5 ;0 ;233 ;
111 ;0 ;4 ;6 ;0 ;124 ;
111 ;0 ;4 ;7 ;0 ;38 ;
111 ;0 ;4 ;8 ;0 ;74 ;
111 ;0 ;5 ;1 ;0 ;232 ;
111 ;0 ;5 ;2 ;0 ;168 ;
111 ;0 ;5 ;3 ;0 ;84 ;
111 ;0 ;5 ;4 ;0 ;213 ;
111 ;0 ;5 ;5 ;0 ;28 ;
111 ;0 ;5 ;6 ;0 ;224 ;
111 ;0 ;5 ;7 ;0 ;284 ;
111 ;0 ;5 ;8 ;0 ;110 ;
111 ;0 ;6 ;1 ;0 ;121 ;
111 ;0 ;6 ;2 ;0 ;8 ;
111 ;0 ;6 ;3 ;0 ;126 ;
111 ;0 ;6 ;4 ;0 ;72 ;
111 ;0 ;6 ;5 ;0 ;58 ;
111 ;0 ;6 ;6 ;0 ;292 ;
111 ;0 ;6 ;7 ;0 ;114 ;
111 ;0 ;6 ;8 ;0 ;159 ;
111 ;0 ;7 ;1 ;0 ;49 ;
111 ;0 ;7 ;2 ;0 ;42 ;
111 ;0 ;7 ;3 ;0 ;87 ;
111 ;0 ;7 ;4 ;0 ;257 ;
111 ;0 ;7 ;5 ;0 ;102 ;
111 ;0 ;7 ;6 ;0 ;25 ;
111 ;0 ;7 ;7 ;0 ;2 ;
111 ;0 ;7 ;8 ;0 ;123 ;
111 ;0 ;8 ;1 ;0 ;147 ;
111 ;0 ;8 ;2 ;0 ;64 ;
111 ;0 ;8 ;3 ;0 ;34 ;
111 ;0 ;8 ;4 ;0 ;156 ;
111 ;0 ;8 ;5 ;0 ;291 ;
111 ;0 ;8 ;6 ;0 ;67 ;
111 ;0 ;8 ;7 ;0 ;99 ;
111 ;0 ;8 ;8 ;0 ;41 ;
111 ;0 ;9 ;1 ;0 ;235 ;
111 ;0 ;9 ;2 ;0 ;185 ;
111 ;0 ;9 ;3 ;0 ;285 ;
111 ;0 ;9 ;4 ;0 ;277 ;
111 ;0 ;9 ;5 ;0 ;279 ;
111 ;0 ;9 ;6 ;0 ;10 ;
111 ;0 ;9 ;7 ;0 ;47 ;
111 ;0 ;9 ;8 ;0 ;241 ;
111 ;0 ;10 ;1 ;0 ;261 ;
111 ;0 ;10 ;2 ;0 ;201 ;
111 ;0 ;10 ;3 ;0 ;203 ;
111 ;0 ;10 ;4 ;0 ;112 ;
111 ;0 ;10 ;5 ;0 ;133 ;
111 ;0 ;10 ;6 ;0 ;60 ;
111 ;0 ;10 ;7 ;0 ;109 ;
111 ;0 ;10 ;8 ;0 ;171 ;
111 ;0 ;11 ;1 ;0 ;36 ;
111 ;0 ;11 ;2 ;0 ;113 ;
111 ;0 ;11 ;3 ;0 ;105 ;
111 ;0 ;11 ;4 ;0 ;83 ;
111 ;0 ;11 ;5 ;0 ;231 ;
111 ;0 ;11 ;6 ;0 ;253 ;
111 ;0 ;11 ;7 ;0 ;78 ;
111 ;0 ;11 ;8 ;0 ;81 ;
111 ;0 ;12 ;1 ;0 ;138 ;
111 ;0 ;12 ;2 ;0 ;182 ;
111 ;0 ;12 ;3 ;0 ;219 ;
111 ;0 ;12 ;4 ;0 ;111 ;
111 ;0 ;12 ;5 ;0 ;139 ;
111 ;0 ;12 ;6 ;0 ;165 ;
111 ;0 ;12 ;7 ;0 ;301 ;
111 ;0 ;12 ;8 ;0 ;218 ;
111 ;0 ;13 ;1 ;0 ;115 ;
111 ;0 ;13 ;2 ;0 ;37 ;
111 ;0 ;13 ;3 ;0 ;202 ;
111 ;0 ;13 ;4 ;0 ;85 ;
111 ;0 ;13 ;5 ;0 ;184 ;
111 ;0 ;13 ;6 ;0 ;162 ;
111 ;0 ;13 ;7 ;0 ;117 ;
111 ;0 ;13 ;8 ;0 ;197 ;
112 ;0 ;0 ;1 ;0 ;5 ;
112 ;0 ;0 ;2 ;0 ;265 ;
112 ;0 ;0 ;3 ;0 ;141 ;
112 ;0 ;0 ;4 ;0 ;125 ;
112 ;0 ;0 ;5 ;0 ;229 ;
112 ;0 ;0 ;6 ;0 ;175 ;
112 ;0 ;0 ;7 ;0 ;204 ;
112 ;0 ;0 ;8 ;0 ;177 ;
201 ;0 ;0 ;3 ;0 ;255 ;
201 ;0 ;0 ;4 ;0 ;5 ;
201 ;0 ;0 ;5 ;0 ;50 ;
201 ;0 ;0 ;6 ;0 ;193 ;
201 ;0 ;0 ;7 ;0 ;200 ;
201 ;0 ;1 ;3 ;0 ;269 ;
201 ;0 ;1 ;4 ;0 ;161 ;
201 ;0 ;1 ;5 ;0 ;160 ;
201 ;0 ;1 ;6 ;0 ;217 ;
201 ;0 ;1 ;7 ;0 ;294 ;
201 ;0 ;2 ;1 ;0 ;70 ;
201 ;0 ;2 ;2 ;0 ;177 ;
201 ;0 ;2 ;3 ;0 ;130 ;
201 ;0 ;2 ;4 ;0 ;178 ;
201 ;0 ;2 ;5 ;0 ;140 ;
201 ;0 ;2 ;6 ;0 ;300 ;
201 ;0 ;2 ;7 ;0 ;199 ;
201 ;0 ;2 ;8 ;0 ;76 ;
201 ;0 ;3 ;1 ;0 ;148 ;
201 ;0 ;3 ;2 ;0 ;32 ;
201 ;0 ;3 ;3 ;0 ;45 ;
201 ;0 ;3 ;4 ;0 ;176 ;
201 ;0 ;3 ;5 ;0 ;24 ;
201 ;0 ;3 ;6 ;0 ;129 ;
201 ;0 ;3 ;7 ;0 ;228 ;
201 ;0 ;3 ;8 ;0 ;16 ;
201 ;0 ;4 ;1 ;0 ;220 ;
201 ;0 ;4 ;2 ;0 ;198 ;
201 ;0 ;4 ;3 ;0 ;128 ;
201 ;0 ;4 ;4 ;0 ;150 ;
201 ;0 ;4 ;5 ;0 ;225 ;
201 ;0 ;4 ;6 ;0 ;137 ;
201 ;0 ;4 ;7 ;0 ;14 ;
201 ;0 ;4 ;8 ;0 ;236 ;
201 ;0 ;5 ;1 ;0 ;21 ;
201 ;0 ;5 ;2 ;0 ;286 ;
201 ;0 ;5 ;3 ;0 ;35 ;
201 ;0 ;5 ;4 ;0 ;287 ;
201 ;0 ;5 ;5 ;0 ;157 ;
201 ;0 ;5 ;6 ;0 ;68 ;
201 ;0 ;5 ;7 ;0 ;175 ;
201 ;0 ;5 ;8 ;0 ;96 ;
201 ;0 ;6 ;1 ;0 ;297 ;
201 ;0 ;6 ;2 ;0 ;289 ;
201 ;0 ;6 ;3 ;0 ;79 ;
201 ;0 ;6 ;4 ;0 ;100 ;
201 ;0 ;6 ;5 ;0 ;30 ;
201 ;0 ;6 ;6 ;0 ;229 ;
201 ;0 ;6 ;7 ;0 ;271 ;
201 ;0 ;6 ;8 ;0 ;170 ;
202 ;0 ;0 ;3 ;0 ;159 ;
202 ;0 ;0 ;4 ;0 ;33 ;
202 ;0 ;0 ;5 ;0 ;272 ;
202 ;0 ;0 ;6 ;0 ;87 ;
202 ;0 ;0 ;7 ;0 ;38 ;
202 ;0 ;1 ;2 ;0 ;109 ;
202 ;0 ;1 ;3 ;0 ;235 ;
202 ;0 ;1 ;4 ;0 ;158 ;
202 ;0 ;1 ;5 ;0 ;123 ;
202 ;0 ;1 ;6 ;0 ;171 ;
202 ;0 ;1 ;7 ;0 ;285 ;
202 ;0 ;2 ;1 ;0 ;291 ;
202 ;0 ;2 ;2 ;0 ;36 ;
202 ;0 ;2 ;3 ;0 ;102 ;
202 ;0 ;2 ;4 ;0 ;162 ;
202 ;0 ;2 ;5 ;0 ;60 ;
202 ;0 ;2 ;6 ;0 ;138 ;
202 ;0 ;2 ;7 ;0 ;83 ;
202 ;0 ;2 ;8 ;0 ;65 ;
203 ;0 ;0 ;1 ;0 ;94 ;
203 ;0 ;0 ;2 ;0 ;296 ;
203 ;0 ;0 ;3 ;0 ;270 ;
203 ;0 ;0 ;4 ;0 ;190 ;
203 ;0 ;0 ;5 ;0 ;134 ;
203 ;0 ;0 ;6 ;0 ;9 ;
203 ;0 ;0 ;7 ;0 ;250 ;
203 ;0 ;0 ;8 ;0 ;43 ;
203 ;0 ;1 ;1 ;0 ;75 ;
203 ;0 ;1 ;2 ;0 ;116 ;
203 ;0 ;1 ;3 ;0 ;280 ;
203 ;0 ;1 ;4 ;0 ;101 ;
203 ;0 ;1 ;5 ;0 ;122 ;
203 ;0 ;1 ;6 ;0 ;6 ;
203 ;0 ;1 ;7 ;0 ;20 ;
203 ;0 ;1 ;8 ;0 ;4 ;
203 ;0 ;2 ;1 ;0 ;44 ;
203 ;0 ;2 ;2 ;0 ;290 ;
203 ;0 ;2 ;3 ;0 ;222 ;
203 ;0 ;2 ;4 ;0 ;50 ;
203 ;0 ;2 ;5 ;0 ;269 ;
203 ;0 ;2 ;6 ;0 ;153 ;
203 ;0 ;2 ;7 ;0 ;255 ;
203 ;0 ;2 ;8 ;0 ;144 ;
203 ;0 ;3 ;1 ;0 ;249 ;
203 ;0 ;3 ;2 ;0 ;193 ;
203 ;0 ;3 ;3 ;0 ;76 ;
203 ;0 ;3 ;4 ;0 ;98 ;
203 ;0 ;3 ;5 ;0 ;160 ;
203 ;0 ;3 ;6 ;0 ;142 ;
203 ;0 ;3 ;7 ;0 ;148 ;
203 ;0 ;3 ;8 ;0 ;177 ;
203 ;0 ;4 ;1 ;0 ;248 ;
203 ;0 ;4 ;2 ;0 ;238 ;
203 ;0 ;4 ;3 ;0 ;183 ;
203 ;0 ;4 ;4 ;0 ;135 ;
203 ;0 ;4 ;5 ;0 ;199 ;
203 ;0 ;4 ;6 ;0 ;130 ;
203 ;0 ;4 ;7 ;0 ;198 ;
203 ;0 ;4 ;8 ;0 ;228 ;
203 ;0 ;5 ;1 ;0 ;119 ;
203 ;0 ;5 ;2 ;0 ;264 ;
203 ;0 ;5 ;3 ;0 ;220 ;
203 ;0 ;5 ;4 ;0 ;128 ;
203 ;0 ;5 ;5 ;0 ;52 ;
203 ;0 ;5 ;6 ;0 ;48 ;
203 ;0 ;5 ;7 ;0 ;186 ;
203 ;0 ;5 ;8 ;0 ;300 ;
203 ;0 ;6 ;1 ;0 ;140 ;
203 ;0 ;6 ;2 ;0 ;225 ;
203 ;0 ;6 ;3 ;0 ;149 ;
203 ;0 ;6 ;4 ;0 ;204 ;
203 ;0 ;6 ;5 ;0 ;32 ;
203 ;0 ;6 ;6 ;0 ;236 ;
203 ;0 ;6 ;7 ;0 ;70 ;
203 ;0 ;6 ;8 ;0 ;137 ;
203 ;0 ;7 ;1 ;0 ;14 ;
203 ;0 ;7 ;2 ;0 ;24 ;
203 ;0 ;7 ;3 ;0 ;82 ;
203 ;0 ;7 ;4 ;0 ;129 ;
203 ;0 ;7 ;5 ;0 ;62 ;
203 ;0 ;7 ;6 ;0 ;150 ;
203 ;0 ;7 ;7 ;0 ;141 ;
203 ;0 ;7 ;8 ;0 ;45 ;
203 ;0 ;8 ;1 ;0 ;91 ;
203 ;0 ;8 ;2 ;0 ;194 ;
203 ;0 ;8 ;3 ;0 ;63 ;
203 ;0 ;8 ;4 ;0 ;209 ;
203 ;0 ;8 ;5 ;0 ;53 ;
203 ;0 ;8 ;6 ;0 ;227 ;
203 ;0 ;8 ;7 ;0 ;154 ;
203 ;0 ;8 ;8 ;0 ;73 ;
203 ;0 ;9 ;1 ;0 ;68 ;
203 ;0 ;9 ;2 ;0 ;196 ;
203 ;0 ;9 ;3 ;0 ;275 ;
203 ;0 ;9 ;4 ;0 ;23 ;
203 ;0 ;9 ;5 ;0 ;271 ;
203 ;0 ;9 ;6 ;0 ;96 ;
203 ;0 ;9 ;7 ;0 ;104 ;
203 ;0 ;9 ;8 ;0 ;170 ;
203 ;0 ;10 ;1 ;0 ;132 ;
203 ;0 ;10 ;2 ;0 ;244 ;
203 ;0 ;10 ;3 ;0 ;289 ;
203 ;0 ;10 ;4 ;0 ;151 ;
203 ;0 ;10 ;5 ;0 ;30 ;
203 ;0 ;10 ;6 ;0 ;125 ;
203 ;0 ;10 ;7 ;0 ;206 ;
203 ;0 ;10 ;8 ;0 ;229 ;
204 ;0 ;0 ;2 ;0 ;97 ;
204 ;0 ;0 ;3 ;0 ;147 ;
204 ;0 ;0 ;4 ;0 ;247 ;
204 ;0 ;0 ;5 ;0 ;256 ;
204 ;0 ;0 ;6 ;0 ;33 ;
204 ;0 ;0 ;7 ;0 ;8 ;
204 ;0 ;1 ;2 ;0 ;163 ;
204 ;0 ;1 ;3 ;0 ;1 ;
204 ;0 ;1 ;4 ;0 ;212 ;
204 ;0 ;1 ;5 ;0 ;120 ;
204 ;0 ;1 ;6 ;0 ;213 ;
204 ;0 ;1 ;7 ;0 ;110 ;
204 ;0 ;2 ;1 ;0 ;19 ;
204 ;0 ;2 ;2 ;0 ;47 ;
204 ;0 ;2 ;3 ;0 ;292 ;
204 ;0 ;2 ;4 ;0 ;41 ;
204 ;0 ;2 ;5 ;0 ;257 ;
204 ;0 ;2 ;6 ;0 ;64 ;
204 ;0 ;2 ;7 ;0 ;49 ;
204 ;0 ;2 ;8 ;0 ;171 ;
204 ;0 ;3 ;1 ;0 ;34 ;
204 ;0 ;3 ;2 ;0 ;109 ;
204 ;0 ;3 ;3 ;0 ;241 ;
204 ;0 ;3 ;4 ;0 ;133 ;
204 ;0 ;3 ;5 ;0 ;277 ;
204 ;0 ;3 ;6 ;0 ;111 ;
204 ;0 ;3 ;7 ;0 ;202 ;
204 ;0 ;3 ;8 ;0 ;25 ;
204 ;0 ;4 ;1 ;0 ;231 ;
204 ;0 ;4 ;2 ;0 ;197 ;
204 ;0 ;4 ;3 ;0 ;219 ;
204 ;0 ;4 ;4 ;0 ;37 ;
204 ;0 ;4 ;5 ;0 ;218 ;
204 ;0 ;4 ;6 ;0 ;253 ;
204 ;0 ;4 ;7 ;0 ;31 ;
204 ;0 ;4 ;8 ;0 ;201 ;
205 ;0 ;0 ;2 ;0 ;296 ;
205 ;0 ;0 ;3 ;0 ;183 ;
205 ;0 ;0 ;4 ;0 ;45 ;
205 ;0 ;0 ;5 ;0 ;63 ;
205 ;0 ;0 ;6 ;0 ;217 ;
205 ;0 ;0 ;7 ;0 ;130 ;
205 ;0 ;1 ;2 ;0 ;200 ;
205 ;0 ;1 ;3 ;0 ;248 ;
205 ;0 ;1 ;4 ;0 ;238 ;
205 ;0 ;1 ;5 ;0 ;199 ;
205 ;0 ;1 ;6 ;0 ;228 ;
205 ;0 ;1 ;7 ;0 ;135 ;
205 ;0 ;2 ;1 ;0 ;220 ;
205 ;0 ;2 ;2 ;0 ;161 ;
205 ;0 ;2 ;3 ;0 ;86 ;
205 ;0 ;2 ;4 ;0 ;68 ;
205 ;0 ;2 ;5 ;0 ;79 ;
205 ;0 ;2 ;6 ;0 ;35 ;
205 ;0 ;2 ;7 ;0 ;71 ;
205 ;0 ;2 ;8 ;0 ;73 ;
205 ;0 ;3 ;1 ;0 ;289 ;
205 ;0 ;3 ;2 ;0 ;206 ;
205 ;0 ;3 ;3 ;0 ;275 ;
205 ;0 ;3 ;4 ;0 ;100 ;
205 ;0 ;3 ;5 ;0 ;155 ;
205 ;0 ;3 ;6 ;0 ;286 ;
205 ;0 ;3 ;7 ;0 ;13 ;
205 ;0 ;3 ;8 ;0 ;154 ;
206 ;0 ;0 ;2 ;0 ;210 ;
206 ;0 ;0 ;3 ;0 ;26 ;
206 ;0 ;0 ;4 ;0 ;208 ;
206 ;0 ;0 ;5 ;0 ;247 ;
206 ;0 ;0 ;6 ;0 ;163 ;
206 ;0 ;0 ;7 ;0 ;124 ;
206 ;0 ;1 ;1 ;0 ;284 ;
206 ;0 ;1 ;2 ;0 ;272 ;
206 ;0 ;1 ;3 ;0 ;2 ;
206 ;0 ;1 ;4 ;0 ;168 ;
206 ;0 ;1 ;5 ;0 ;49 ;
206 ;0 ;1 ;6 ;0 ;292 ;
206 ;0 ;1 ;7 ;0 ;143 ;
206 ;0 ;2 ;1 ;0 ;126 ;
206 ;0 ;2 ;2 ;0 ;215 ;
206 ;0 ;2 ;3 ;0 ;291 ;
206 ;0 ;2 ;4 ;0 ;165 ;
206 ;0 ;2 ;5 ;0 ;72 ;
206 ;0 ;2 ;6 ;0 ;192 ;
206 ;0 ;2 ;7 ;0 ;102 ;
206 ;0 ;2 ;8 ;0 ;224 ;
206 ;0 ;3 ;1 ;0 ;113 ;
206 ;0 ;3 ;2 ;0 ;112 ;
206 ;0 ;3 ;3 ;0 ;78 ;
206 ;0 ;3 ;4 ;0 ;115 ;
206 ;0 ;3 ;5 ;0 ;56 ;
206 ;0 ;3 ;6 ;0 ;117 ;
206 ;0 ;3 ;7 ;0 ;138 ;
206 ;0 ;3 ;8 ;0 ;123 ;
207 ;0 ;0 ;2 ;0 ;180 ;
207 ;0 ;0 ;3 ;0 ;252 ;
207 ;0 ;0 ;4 ;0 ;94 ;
207 ;0 ;0 ;5 ;0 ;234 ;
207 ;0 ;0 ;6 ;0 ;108 ;
207 ;0 ;0 ;7 ;0 ;51 ;
207 ;0 ;1 ;2 ;0 ;75 ;
207 ;0 ;1 ;3 ;0 ;5 ;
207 ;0 ;1 ;4 ;0 ;89 ;
207 ;0 ;1 ;5 ;0 ;6 ;
207 ;0 ;1 ;6 ;0 ;134 ;
207 ;0 ;1 ;7 ;0 ;270 ;
207 ;0 ;2 ;1 ;0 ;101 ;
207 ;0 ;2 ;2 ;0 ;20 ;
207 ;0 ;2 ;3 ;0 ;153 ;
207 ;0 ;2 ;4 ;0 ;181 ;
207 ;0 ;2 ;5 ;0 ;190 ;
207 ;0 ;2 ;6 ;0 ;4 ;
207 ;0 ;2 ;7 ;0 ;290 ;
207 ;0 ;2 ;8 ;0 ;44 ;
207 ;0 ;3 ;1 ;0 ;260 ;
207 ;0 ;3 ;2 ;0 ;122 ;
207 ;0 ;3 ;3 ;0 ;23 ;
207 ;0 ;3 ;4 ;0 ;222 ;
207 ;0 ;3 ;5 ;0 ;250 ;
207 ;0 ;3 ;6 ;0 ;176 ;
207 ;0 ;3 ;7 ;0 ;90 ;
207 ;0 ;3 ;8 ;0 ;59 ;
207 ;0 ;4 ;1 ;0 ;119 ;
207 ;0 ;4 ;2 ;0 ;255 ;
207 ;0 ;4 ;3 ;0 ;140 ;
207 ;0 ;4 ;4 ;0 ;142 ;
207 ;0 ;4 ;5 ;0 ;178 ;
207 ;0 ;4 ;6 ;0 ;183 ;
207 ;0 ;4 ;7 ;0 ;269 ;
207 ;0 ;4 ;8 ;0 ;130 ;
207 ;0 ;5 ;1 ;0 ;128 ;
207 ;0 ;5 ;2 ;0 ;209 ;
207 ;0 ;5 ;3 ;0 ;104 ;
207 ;0 ;5 ;4 ;0 ;53 ;
207 ;0 ;5 ;5 ;0 ;149 ;
207 ;0 ;5 ;6 ;0 ;137 ;
207 ;0 ;5 ;7 ;0 ;16 ;
207 ;0 ;5 ;8 ;0 ;186 ;
207 ;0 ;6 ;1 ;0 ;287 ;
207 ;0 ;6 ;2 ;0 ;62 ;
207 ;0 ;6 ;3 ;0 ;157 ;
207 ;0 ;6 ;4 ;0 ;46 ;
207 ;0 ;6 ;5 ;0 ;30 ;
207 ;0 ;6 ;6 ;0 ;100 ;
207 ;0 ;6 ;7 ;0 ;271 ;
207 ;0 ;6 ;8 ;0 ;21 ;
208 ;0 ;0 ;1 ;0 ;303 ;
208 ;0 ;0 ;2 ;0 ;208 ;
208 ;0 ;0 ;3 ;0 ;179 ;
208 ;0 ;0 ;4 ;0 ;278 ;
208 ;0 ;0 ;5 ;0 ;256 ;
208 ;0 ;0 ;6 ;0 ;33 ;
208 ;0 ;0 ;7 ;0 ;1 ;
208 ;0 ;1 ;1 ;0 ;124 ;
208 ;0 ;1 ;2 ;0 ;212 ;
208 ;0 ;1 ;3 ;0 ;74 ;
208 ;0 ;1 ;4 ;0 ;19 ;
208 ;0 ;1 ;5 ;0 ;213 ;
208 ;0 ;1 ;6 ;0 ;159 ;
208 ;0 ;1 ;7 ;0 ;42 ;
208 ;0 ;1 ;8 ;0 ;58 ;
208 ;0 ;2 ;1 ;0 ;41 ;
208 ;0 ;2 ;2 ;0 ;261 ;
208 ;0 ;2 ;3 ;0 ;224 ;
208 ;0 ;2 ;4 ;0 ;39 ;
208 ;0 ;2 ;5 ;0 ;121 ;
208 ;0 ;2 ;6 ;0 ;268 ;
208 ;0 ;2 ;7 ;0 ;113 ;
208 ;0 ;2 ;8 ;0 ;156 ;
208 ;0 ;3 ;1 ;0 ;235 ;
208 ;0 ;3 ;2 ;0 ;47 ;
208 ;0 ;3 ;3 ;0 ;72 ;
208 ;0 ;3 ;4 ;0 ;133 ;
208 ;0 ;3 ;5 ;0 ;25 ;
208 ;0 ;3 ;6 ;0 ;36 ;
208 ;0 ;3 ;7 ;0 ;285 ;
208 ;0 ;3 ;8 ;0 ;34 ;
208 ;0 ;4 ;1 ;0 ;78 ;
208 ;0 ;4 ;2 ;0 ;219 ;
208 ;0 ;4 ;3 ;0 ;139 ;
208 ;0 ;4 ;4 ;0 ;184 ;
208 ;0 ;4 ;5 ;0 ;162 ;
208 ;0 ;4 ;6 ;0 ;231 ;
208 ;0 ;4 ;7 ;0 ;182 ;
208 ;0 ;4 ;8 ;0 ;60 ;
209 ;0 ;0 ;1 ;0 ;225 ;
209 ;0 ;0 ;2 ;0 ;14 ;
209 ;0 ;0 ;3 ;0 ;71 ;
209 ;0 ;0 ;4 ;0 ;273 ;
209 ;0 ;0 ;5 ;0 ;132 ;
209 ;0 ;0 ;6 ;0 ;204 ;
209 ;0 ;0 ;7 ;0 ;175 ;
209 ;0 ;0 ;8 ;0 ;198 ;
210 ;0 ;0 ;3 ;0 ;215 ;
210 ;0 ;0 ;4 ;0 ;268 ;
210 ;0 ;0 ;5 ;0 ;247 ;
210 ;0 ;0 ;6 ;0 ;26 ;
210 ;0 ;0 ;7 ;0 ;12 ;
210 ;0 ;1 ;2 ;0 ;1 ;
210 ;0 ;1 ;3 ;0 ;8 ;
210 ;0 ;1 ;4 ;0 ;126 ;
210 ;0 ;1 ;5 ;0 ;163 ;
210 ;0 ;1 ;6 ;0 ;212 ;
210 ;0 ;1 ;7 ;0 ;74 ;
210 ;0 ;2 ;1 ;0 ;42 ;
210 ;0 ;2 ;2 ;0 ;19 ;
210 ;0 ;2 ;3 ;0 ;284 ;
210 ;0 ;2 ;4 ;0 ;143 ;
210 ;0 ;2 ;5 ;0 ;2 ;
210 ;0 ;2 ;6 ;0 ;110 ;
210 ;0 ;2 ;7 ;0 ;147 ;
210 ;0 ;2 ;8 ;0 ;213 ;
210 ;0 ;3 ;1 ;0 ;168 ;
210 ;0 ;3 ;2 ;0 ;39 ;
210 ;0 ;3 ;3 ;0 ;159 ;
210 ;0 ;3 ;4 ;0 ;38 ;
210 ;0 ;3 ;5 ;0 ;272 ;
210 ;0 ;3 ;6 ;0 ;121 ;
210 ;0 ;3 ;7 ;0 ;224 ;
210 ;0 ;3 ;8 ;0 ;192 ;
210 ;0 ;4 ;1 ;0 ;87 ;
210 ;0 ;4 ;2 ;0 ;257 ;
210 ;0 ;4 ;3 ;0 ;261 ;
210 ;0 ;4 ;4 ;0 ;72 ;
210 ;0 ;4 ;5 ;0 ;235 ;
210 ;0 ;4 ;6 ;0 ;165 ;
210 ;0 ;4 ;7 ;0 ;64 ;
210 ;0 ;4 ;8 ;0 ;55 ;
210 ;0 ;5 ;1 ;0 ;171 ;
210 ;0 ;5 ;2 ;0 ;158 ;
210 ;0 ;5 ;3 ;0 ;34 ;
210 ;0 ;5 ;4 ;0 ;291 ;
210 ;0 ;5 ;5 ;0 ;36 ;
210 ;0 ;5 ;6 ;0 ;102 ;
210 ;0 ;5 ;7 ;0 ;109 ;
210 ;0 ;5 ;8 ;0 ;241 ;
210 ;0 ;6 ;1 ;0 ;182 ;
210 ;0 ;6 ;2 ;0 ;83 ;
210 ;0 ;6 ;3 ;0 ;60 ;
210 ;0 ;6 ;4 ;0 ;184 ;
210 ;0 ;6 ;5 ;0 ;37 ;
210 ;0 ;6 ;6 ;0 ;139 ;
210 ;0 ;6 ;7 ;0 ;117 ;
210 ;0 ;6 ;8 ;0 ;277 ;
211 ;0 ;0 ;1 ;0 ;252 ;
211 ;0 ;0 ;2 ;0 ;180 ;
211 ;0 ;0 ;3 ;0 ;108 ;
211 ;0 ;0 ;4 ;0 ;51 ;
211 ;0 ;0 ;5 ;0 ;94 ;
211 ;0 ;0 ;6 ;0 ;270 ;
211 ;0 ;0 ;7 ;0 ;234 ;
211 ;0 ;1 ;1 ;0 ;134 ;
211 ;0 ;1 ;2 ;0 ;250 ;
211 ;0 ;1 ;3 ;0 ;89 ;
211 ;0 ;1 ;4 ;0 ;187 ;
211 ;0 ;1 ;5 ;0 ;116 ;
211 ;0 ;1 ;6 ;0 ;90 ;
211 ;0 ;1 ;7 ;0 ;122 ;
211 ;0 ;2 ;1 ;0 ;217 ;
211 ;0 ;2 ;2 ;0 ;290 ;
211 ;0 ;2 ;3 ;0 ;181 ;
211 ;0 ;2 ;4 ;0 ;20 ;
211 ;0 ;2 ;5 ;0 ;280 ;
211 ;0 ;2 ;6 ;0 ;296 ;
211 ;0 ;2 ;7 ;0 ;101 ;
211 ;0 ;2 ;8 ;0 ;190 ;
211 ;0 ;3 ;1 ;0 ;43 ;
211 ;0 ;3 ;2 ;0 ;9 ;
211 ;0 ;3 ;3 ;0 ;44 ;
211 ;0 ;3 ;4 ;0 ;142 ;
211 ;0 ;3 ;5 ;0 ;260 ;
211 ;0 ;3 ;6 ;0 ;153 ;
211 ;0 ;3 ;7 ;0 ;144 ;
211 ;0 ;3 ;8 ;0 ;4 ;
211 ;0 ;4 ;1 ;0 ;5 ;
211 ;0 ;4 ;2 ;0 ;183 ;
211 ;0 ;4 ;3 ;0 ;6 ;
211 ;0 ;4 ;4 ;0 ;200 ;
211 ;0 ;4 ;5 ;0 ;50 ;
211 ;0 ;4 ;6 ;0 ;193 ;
211 ;0 ;4 ;7 ;0 ;222 ;
211 ;0 ;4 ;8 ;0 ;249 ;
211 ;0 ;5 ;1 ;0 ;178 ;
211 ;0 ;5 ;2 ;0 ;21 ;
211 ;0 ;5 ;3 ;0 ;294 ;
211 ;0 ;5 ;4 ;0 ;269 ;
211 ;0 ;5 ;5 ;0 ;248 ;
211 ;0 ;5 ;6 ;0 ;62 ;
211 ;0 ;5 ;7 ;0 ;160 ;
211 ;0 ;5 ;8 ;0 ;177 ;
211 ;0 ;6 ;1 ;0 ;98 ;
211 ;0 ;6 ;2 ;0 ;228 ;
211 ;0 ;6 ;3 ;0 ;238 ;
211 ;0 ;6 ;4 ;0 ;255 ;
211 ;0 ;6 ;5 ;0 ;176 ;
211 ;0 ;6 ;6 ;0 ;130 ;
211 ;0 ;6 ;7 ;0 ;161 ;
211 ;0 ;6 ;8 ;0 ;76 ;
211 ;0 ;7 ;1 ;0 ;16 ;
211 ;0 ;7 ;2 ;0 ;225 ;
211 ;0 ;7 ;3 ;0 ;32 ;
211 ;0 ;7 ;4 ;0 ;135 ;
211 ;0 ;7 ;5 ;0 ;220 ;
211 ;0 ;7 ;6 ;0 ;204 ;
211 ;0 ;7 ;7 ;0 ;300 ;
211 ;0 ;7 ;8 ;0 ;48 ;
211 ;0 ;8 ;1 ;0 ;128 ;
211 ;0 ;8 ;2 ;0 ;186 ;
211 ;0 ;8 ;3 ;0 ;198 ;
211 ;0 ;8 ;4 ;0 ;13 ;
211 ;0 ;8 ;5 ;0 ;137 ;
211 ;0 ;8 ;6 ;0 ;286 ;
211 ;0 ;8 ;7 ;0 ;119 ;
211 ;0 ;8 ;8 ;0 ;52 ;
211 ;0 ;9 ;1 ;0 ;45 ;
211 ;0 ;9 ;2 ;0 ;141 ;
211 ;0 ;9 ;3 ;0 ;157 ;
211 ;0 ;9 ;4 ;0 ;236 ;
211 ;0 ;9 ;5 ;0 ;149 ;
211 ;0 ;9 ;6 ;0 ;91 ;
211 ;0 ;9 ;7 ;0 ;14 ;
211 ;0 ;9 ;8 ;0 ;129 ;
211 ;0 ;10 ;1 ;0 ;194 ;
211 ;0 ;10 ;2 ;0 ;35 ;
211 ;0 ;10 ;3 ;0 ;140 ;
211 ;0 ;10 ;4 ;0 ;227 ;
211 ;0 ;10 ;5 ;0 ;71 ;
211 ;0 ;10 ;6 ;0 ;73 ;
211 ;0 ;10 ;7 ;0 ;53 ;
211 ;0 ;10 ;8 ;0 ;68 ;
211 ;0 ;11 ;1 ;0 ;154 ;
211 ;0 ;11 ;2 ;0 ;297 ;
211 ;0 ;11 ;3 ;0 ;24 ;
211 ;0 ;11 ;4 ;0 ;209 ;
211 ;0 ;11 ;5 ;0 ;70 ;
211 ;0 ;11 ;6 ;0 ;23 ;
211 ;0 ;11 ;7 ;0 ;271 ;
211 ;0 ;11 ;8 ;0 ;79 ;
211 ;0 ;12 ;1 ;0 ;125 ;
211 ;0 ;12 ;2 ;0 ;275 ;
211 ;0 ;12 ;3 ;0 ;96 ;
211 ;0 ;12 ;4 ;0 ;132 ;
211 ;0 ;12 ;5 ;0 ;170 ;
211 ;0 ;12 ;6 ;0 ;175 ;
211 ;0 ;12 ;7 ;0 ;63 ;
211 ;0 ;12 ;8 ;0 ;196 ;
211 ;0 ;13 ;1 ;0 ;244 ;
211 ;0 ;13 ;2 ;0 ;100 ;
211 ;0 ;13 ;3 ;0 ;229 ;
211 ;0 ;13 ;4 ;0 ;151 ;
211 ;0 ;13 ;5 ;0 ;155 ;
211 ;0 ;13 ;6 ;0 ;206 ;
211 ;0 ;13 ;7 ;0 ;289 ;
211 ;0 ;13 ;8 ;0 ;30 ;
212 ;0 ;0 ;2 ;0 ;283 ;
212 ;0 ;0 ;3 ;0 ;49 ;
212 ;0 ;0 ;4 ;0 ;253 ;
212 ;0 ;0 ;5 ;0 ;31 ;
212 ;0 ;0 ;6 ;0 ;133 ;
212 ;0 ;0 ;7 ;0 ;179 ;
