event; round;heat;lane;relais;idBib;
101 ;0 ;0 ;1 ;0 ;70 ;
101 ;0 ;0 ;2 ;0 ;118 ;
101 ;0 ;0 ;3 ;0 ;183 ;
101 ;0 ;0 ;4 ;0 ;100 ;
101 ;0 ;0 ;5 ;0 ;171 ;
101 ;0 ;0 ;6 ;0 ;228 ;
101 ;0 ;0 ;7 ;0 ;20 ;
101 ;0 ;1 ;1 ;0 ;287 ;
101 ;0 ;1 ;2 ;0 ;177 ;
101 ;0 ;1 ;3 ;0 ;208 ;
101 ;0 ;1 ;4 ;0 ;96 ;
101 ;0 ;1 ;5 ;0 ;253 ;
101 ;0 ;1 ;6 ;0 ;110 ;
101 ;0 ;1 ;7 ;0 ;269 ;
101 ;0 ;1 ;8 ;0 ;133 ;
101 ;0 ;2 ;1 ;0 ;22 ;
101 ;0 ;2 ;2 ;0 ;186 ;
101 ;0 ;2 ;3 ;0 ;272 ;
101 ;0 ;2 ;4 ;0 ;158 ;
101 ;0 ;2 ;5 ;0 ;241 ;
101 ;0 ;2 ;6 ;0 ;105 ;
101 ;0 ;2 ;7 ;0 ;130 ;
101 ;0 ;2 ;8 ;0 ;217 ;
101 ;0 ;3 ;1 ;0 ;270 ;
101 ;0 ;3 ;2 ;0 ;249 ;
101 ;0 ;3 ;3 ;0 ;24 ;
101 ;0 ;3 ;4 ;0 ;72 ;
101 ;0 ;3 ;5 ;0 ;215 ;
101 ;0 ;3 ;6 ;0 ;131 ;
101 ;0 ;3 ;7 ;0 ;212 ;
101 ;0 ;3 ;8 ;0 ;234 ;
101 ;0 ;4 ;1 ;0 ;169 ;
101 ;0 ;4 ;2 ;0 ;17 ;
101 ;0 ;4 ;3 ;0 ;268 ;
101 ;0 ;4 ;4 ;0 ;225 ;
101 ;0 ;4 ;5 ;0 ;19 ;
101 ;0 ;4 ;6 ;0 ;155 ;
101 ;0 ;4 ;7 ;0 ;227 ;
101 ;0 ;4 ;8 ;0 ;123 ;
101 ;0 ;5 ;1 ;0 ;45 ;
101 ;0 ;5 ;2 ;0 ;290 ;
101 ;0 ;5 ;3 ;0 ;5 ;
101 ;0 ;5 ;4 ;0 ;181 ;
101 ;0 ;5 ;5 ;0 ;255 ;
101 ;0 ;5 ;6 ;0 ;6 ;
101 ;0 ;5 ;7 ;0 ;46 ;
101 ;0 ;5 ;8 ;0 ;252 ;
102 ;0 ;0 ;1 ;0 ;199 ;
102 ;0 ;0 ;2 ;0 ;39 ;
102 ;0 ;0 ;3 ;0 ;34 ;
102 ;0 ;0 ;4 ;0 ;127 ;
102 ;0 ;0 ;5 ;0 ;112 ;
102 ;0 ;0 ;6 ;0 ;128 ;
102 ;0 ;0 ;7 ;0 ;37 ;
102 ;0 ;1 ;1 ;0 ;115 ;
102 ;0 ;1 ;2 ;0 ;124 ;
102 ;0 ;1 ;3 ;0 ;157 ;
102 ;0 ;1 ;4 ;0 ;67 ;
102 ;0 ;1 ;5 ;0 ;106 ;
102 ;0 ;1 ;6 ;0 ;52 ;
102 ;0 ;1 ;7 ;0 ;91 ;
102 ;0 ;1 ;8 ;0 ;205 ;
103 ;0 ;0 ;2 ;0 ;33 ;
103 ;0 ;0 ;3 ;0 ;70 ;
103 ;0 ;0 ;4 ;0 ;266 ;
103 ;0 ;0 ;5 ;0 ;32 ;
103 ;0 ;0 ;6 ;0 ;269 ;
103 ;0 ;0 ;7 ;0 ;10 ;
103 ;0 ;0 ;8 ;0 ;241 ;
103 ;0 ;1 ;2 ;0 ;30 ;
103 ;0 ;1 ;3 ;0 ;14 ;
103 ;0 ;1 ;4 ;0 ;16 ;
103 ;0 ;1 ;5 ;0 ;113 ;
103 ;0 ;1 ;6 ;0 ;47 ;
103 ;0 ;1 ;7 ;0 ;208 ;
103 ;0 ;2 ;1 ;0 ;171 ;
103 ;0 ;2 ;2 ;0 ;72 ;
103 ;0 ;2 ;3 ;0 ;278 ;
103 ;0 ;2 ;4 ;0 ;116 ;
103 ;0 ;2 ;5 ;0 ;152 ;
103 ;0 ;2 ;6 ;0 ;130 ;
103 ;0 ;2 ;7 ;0 ;98 ;
103 ;0 ;2 ;8 ;0 ;184 ;
103 ;0 ;3 ;1 ;0 ;146 ;
103 ;0 ;3 ;2 ;0 ;73 ;
103 ;0 ;3 ;3 ;0 ;253 ;
103 ;0 ;3 ;4 ;0 ;25 ;
103 ;0 ;3 ;5 ;0 ;183 ;
103 ;0 ;3 ;6 ;0 ;20 ;
103 ;0 ;3 ;7 ;0 ;158 ;
103 ;0 ;3 ;8 ;0 ;270 ;
103 ;0 ;4 ;1 ;0 ;110 ;
103 ;0 ;4 ;2 ;0 ;272 ;
103 ;0 ;4 ;3 ;0 ;177 ;
103 ;0 ;4 ;4 ;0 ;96 ;
103 ;0 ;4 ;5 ;0 ;217 ;
103 ;0 ;4 ;6 ;0 ;213 ;
103 ;0 ;4 ;7 ;0 ;24 ;
103 ;0 ;4 ;8 ;0 ;102 ;
103 ;0 ;5 ;1 ;0 ;238 ;
103 ;0 ;5 ;2 ;0 ;51 ;
103 ;0 ;5 ;3 ;0 ;182 ;
103 ;0 ;5 ;4 ;0 ;234 ;
103 ;0 ;5 ;5 ;0 ;9 ;
103 ;0 ;5 ;6 ;0 ;271 ;
103 ;0 ;5 ;7 ;0 ;235 ;
103 ;0 ;5 ;8 ;0 ;282 ;
103 ;0 ;6 ;1 ;0 ;95 ;
103 ;0 ;6 ;2 ;0 ;242 ;
103 ;0 ;6 ;3 ;0 ;215 ;
103 ;0 ;6 ;4 ;0 ;268 ;
103 ;0 ;6 ;5 ;0 ;250 ;
103 ;0 ;6 ;6 ;0 ;273 ;
103 ;0 ;6 ;7 ;0 ;252 ;
103 ;0 ;6 ;8 ;0 ;218 ;
103 ;0 ;7 ;1 ;0 ;267 ;
103 ;0 ;7 ;2 ;0 ;131 ;
103 ;0 ;7 ;3 ;0 ;225 ;
103 ;0 ;7 ;4 ;0 ;19 ;
103 ;0 ;7 ;5 ;0 ;221 ;
103 ;0 ;7 ;6 ;0 ;4 ;
103 ;0 ;7 ;7 ;0 ;64 ;
103 ;0 ;7 ;8 ;0 ;229 ;
103 ;0 ;8 ;1 ;0 ;193 ;
103 ;0 ;8 ;2 ;0 ;71 ;
103 ;0 ;8 ;3 ;0 ;223 ;
103 ;0 ;8 ;4 ;0 ;6 ;
103 ;0 ;8 ;5 ;0 ;290 ;
103 ;0 ;8 ;6 ;0 ;291 ;
103 ;0 ;8 ;7 ;0 ;120 ;
103 ;0 ;8 ;8 ;0 ;77 ;
103 ;0 ;9 ;1 ;0 ;197 ;
103 ;0 ;9 ;2 ;0 ;198 ;
103 ;0 ;9 ;3 ;0 ;49 ;
103 ;0 ;9 ;4 ;0 ;181 ;
103 ;0 ;9 ;5 ;0 ;134 ;
103 ;0 ;9 ;6 ;0 ;35 ;
103 ;0 ;9 ;7 ;0 ;46 ;
103 ;0 ;9 ;8 ;0 ;97 ;
104 ;0 ;0 ;2 ;0 ;230 ;
104 ;0 ;0 ;3 ;0 ;251 ;
104 ;0 ;0 ;4 ;0 ;127 ;
104 ;0 ;0 ;5 ;0 ;254 ;
104 ;0 ;0 ;6 ;0 ;126 ;
104 ;0 ;0 ;7 ;0 ;86 ;
104 ;0 ;1 ;1 ;0 ;93 ;
104 ;0 ;1 ;2 ;0 ;50 ;
104 ;0 ;1 ;3 ;0 ;142 ;
104 ;0 ;1 ;4 ;0 ;231 ;
104 ;0 ;1 ;5 ;0 ;194 ;
104 ;0 ;1 ;6 ;0 ;69 ;
104 ;0 ;1 ;7 ;0 ;8 ;
104 ;0 ;2 ;1 ;0 ;139 ;
104 ;0 ;2 ;2 ;0 ;173 ;
104 ;0 ;2 ;3 ;0 ;240 ;
104 ;0 ;2 ;4 ;0 ;68 ;
104 ;0 ;2 ;5 ;0 ;191 ;
104 ;0 ;2 ;6 ;0 ;203 ;
104 ;0 ;2 ;7 ;0 ;40 ;
104 ;0 ;2 ;8 ;0 ;75 ;
104 ;0 ;3 ;1 ;0 ;124 ;
104 ;0 ;3 ;2 ;0 ;21 ;
104 ;0 ;3 ;3 ;0 ;288 ;
104 ;0 ;3 ;4 ;0 ;3 ;
104 ;0 ;3 ;5 ;0 ;232 ;
104 ;0 ;3 ;6 ;0 ;107 ;
104 ;0 ;3 ;7 ;0 ;106 ;
104 ;0 ;3 ;8 ;0 ;36 ;
105 ;0 ;0 ;3 ;0 ;16 ;
105 ;0 ;0 ;4 ;0 ;59 ;
105 ;0 ;0 ;5 ;0 ;32 ;
105 ;0 ;0 ;6 ;0 ;105 ;
105 ;0 ;0 ;7 ;0 ;204 ;
105 ;0 ;1 ;2 ;0 ;165 ;
105 ;0 ;1 ;3 ;0 ;118 ;
105 ;0 ;1 ;4 ;0 ;51 ;
105 ;0 ;1 ;5 ;0 ;183 ;
105 ;0 ;1 ;6 ;0 ;214 ;
105 ;0 ;1 ;7 ;0 ;20 ;
105 ;0 ;2 ;1 ;0 ;177 ;
105 ;0 ;2 ;2 ;0 ;158 ;
105 ;0 ;2 ;3 ;0 ;217 ;
105 ;0 ;2 ;4 ;0 ;249 ;
105 ;0 ;2 ;5 ;0 ;228 ;
105 ;0 ;2 ;6 ;0 ;182 ;
105 ;0 ;2 ;7 ;0 ;221 ;
105 ;0 ;2 ;8 ;0 ;268 ;
105 ;0 ;3 ;1 ;0 ;97 ;
105 ;0 ;3 ;2 ;0 ;120 ;
105 ;0 ;3 ;3 ;0 ;291 ;
105 ;0 ;3 ;4 ;0 ;255 ;
105 ;0 ;3 ;5 ;0 ;49 ;
105 ;0 ;3 ;6 ;0 ;123 ;
105 ;0 ;3 ;7 ;0 ;223 ;
105 ;0 ;3 ;8 ;0 ;176 ;
106 ;0 ;0 ;1 ;0 ;101 ;
106 ;0 ;0 ;2 ;0 ;175 ;
106 ;0 ;0 ;3 ;0 ;86 ;
106 ;0 ;0 ;4 ;0 ;56 ;
106 ;0 ;0 ;5 ;0 ;163 ;
106 ;0 ;0 ;6 ;0 ;57 ;
106 ;0 ;0 ;7 ;0 ;244 ;
106 ;0 ;1 ;1 ;0 ;11 ;
106 ;0 ;1 ;2 ;0 ;142 ;
106 ;0 ;1 ;3 ;0 ;231 ;
106 ;0 ;1 ;4 ;0 ;279 ;
106 ;0 ;1 ;5 ;0 ;191 ;
106 ;0 ;1 ;6 ;0 ;125 ;
106 ;0 ;1 ;7 ;0 ;286 ;
106 ;0 ;1 ;8 ;0 ;210 ;
106 ;0 ;2 ;1 ;0 ;117 ;
106 ;0 ;2 ;2 ;0 ;205 ;
106 ;0 ;2 ;3 ;0 ;154 ;
106 ;0 ;2 ;4 ;0 ;274 ;
106 ;0 ;2 ;5 ;0 ;1 ;
106 ;0 ;2 ;6 ;0 ;60 ;
106 ;0 ;2 ;7 ;0 ;206 ;
106 ;0 ;2 ;8 ;0 ;48 ;
107 ;0 ;0 ;1 ;0 ;72 ;
107 ;0 ;0 ;2 ;0 ;98 ;
107 ;0 ;0 ;3 ;0 ;96 ;
107 ;0 ;0 ;4 ;0 ;283 ;
107 ;0 ;0 ;5 ;0 ;73 ;
107 ;0 ;0 ;6 ;0 ;184 ;
107 ;0 ;0 ;7 ;0 ;24 ;
107 ;0 ;1 ;1 ;0 ;9 ;
107 ;0 ;1 ;2 ;0 ;228 ;
107 ;0 ;1 ;3 ;0 ;165 ;
107 ;0 ;1 ;4 ;0 ;152 ;
107 ;0 ;1 ;5 ;0 ;204 ;
107 ;0 ;1 ;6 ;0 ;105 ;
107 ;0 ;1 ;7 ;0 ;253 ;
107 ;0 ;2 ;1 ;0 ;241 ;
107 ;0 ;2 ;2 ;0 ;22 ;
107 ;0 ;2 ;3 ;0 ;252 ;
107 ;0 ;2 ;4 ;0 ;282 ;
107 ;0 ;2 ;5 ;0 ;212 ;
107 ;0 ;2 ;6 ;0 ;186 ;
107 ;0 ;2 ;7 ;0 ;64 ;
107 ;0 ;2 ;8 ;0 ;225 ;
107 ;0 ;3 ;1 ;0 ;4 ;
107 ;0 ;3 ;2 ;0 ;227 ;
107 ;0 ;3 ;3 ;0 ;290 ;
107 ;0 ;3 ;4 ;0 ;143 ;
107 ;0 ;3 ;5 ;0 ;5 ;
107 ;0 ;3 ;6 ;0 ;155 ;
107 ;0 ;3 ;7 ;0 ;255 ;
107 ;0 ;3 ;8 ;0 ;229 ;
108 ;0 ;0 ;1 ;0 ;151 ;
108 ;0 ;0 ;2 ;0 ;74 ;
108 ;0 ;0 ;3 ;0 ;211 ;
108 ;0 ;0 ;4 ;0 ;175 ;
108 ;0 ;0 ;5 ;0 ;281 ;
108 ;0 ;0 ;6 ;0 ;216 ;
108 ;0 ;0 ;7 ;0 ;87 ;
108 ;0 ;0 ;8 ;0 ;251 ;
108 ;0 ;1 ;1 ;0 ;125 ;
108 ;0 ;1 ;2 ;0 ;189 ;
108 ;0 ;1 ;3 ;0 ;34 ;
108 ;0 ;1 ;4 ;0 ;260 ;
108 ;0 ;1 ;5 ;0 ;168 ;
108 ;0 ;1 ;6 ;0 ;126 ;
108 ;0 ;1 ;7 ;0 ;39 ;
108 ;0 ;1 ;8 ;0 ;276 ;
108 ;0 ;2 ;1 ;0 ;88 ;
108 ;0 ;2 ;2 ;0 ;170 ;
108 ;0 ;2 ;3 ;0 ;2 ;
108 ;0 ;2 ;4 ;0 ;209 ;
108 ;0 ;2 ;5 ;0 ;55 ;
108 ;0 ;2 ;6 ;0 ;194 ;
108 ;0 ;2 ;7 ;0 ;178 ;
108 ;0 ;2 ;8 ;0 ;203 ;
108 ;0 ;3 ;1 ;0 ;7 ;
108 ;0 ;3 ;2 ;0 ;254 ;
108 ;0 ;3 ;3 ;0 ;157 ;
108 ;0 ;3 ;4 ;0 ;166 ;
108 ;0 ;3 ;5 ;0 ;172 ;
108 ;0 ;3 ;6 ;0 ;61 ;
108 ;0 ;3 ;7 ;0 ;265 ;
108 ;0 ;3 ;8 ;0 ;192 ;
108 ;0 ;4 ;1 ;0 ;83 ;
108 ;0 ;4 ;2 ;0 ;109 ;
108 ;0 ;4 ;3 ;0 ;122 ;
108 ;0 ;4 ;4 ;0 ;275 ;
108 ;0 ;4 ;5 ;0 ;114 ;
108 ;0 ;4 ;6 ;0 ;119 ;
108 ;0 ;4 ;7 ;0 ;274 ;
108 ;0 ;4 ;8 ;0 ;21 ;
108 ;0 ;5 ;1 ;0 ;248 ;
108 ;0 ;5 ;2 ;0 ;68 ;
108 ;0 ;5 ;3 ;0 ;8 ;
108 ;0 ;5 ;4 ;0 ;42 ;
108 ;0 ;5 ;5 ;0 ;12 ;
108 ;0 ;5 ;6 ;0 ;124 ;
108 ;0 ;5 ;7 ;0 ;62 ;
108 ;0 ;5 ;8 ;0 ;179 ;
108 ;0 ;6 ;1 ;0 ;38 ;
108 ;0 ;6 ;2 ;0 ;233 ;
108 ;0 ;6 ;3 ;0 ;288 ;
108 ;0 ;6 ;4 ;0 ;3 ;
108 ;0 ;6 ;5 ;0 ;173 ;
108 ;0 ;6 ;6 ;0 ;150 ;
108 ;0 ;6 ;7 ;0 ;107 ;
108 ;0 ;6 ;8 ;0 ;1 ;
109 ;0 ;0 ;2 ;0 ;287 ;
109 ;0 ;0 ;3 ;0 ;169 ;
109 ;0 ;0 ;4 ;0 ;204 ;
109 ;0 ;0 ;5 ;0 ;113 ;
109 ;0 ;0 ;6 ;0 ;100 ;
109 ;0 ;0 ;7 ;0 ;238 ;
109 ;0 ;1 ;1 ;0 ;17 ;
109 ;0 ;1 ;2 ;0 ;123 ;
109 ;0 ;1 ;3 ;0 ;235 ;
109 ;0 ;1 ;4 ;0 ;197 ;
109 ;0 ;1 ;5 ;0 ;6 ;
109 ;0 ;1 ;6 ;0 ;45 ;
109 ;0 ;1 ;7 ;0 ;227 ;
110 ;0 ;0 ;2 ;0 ;175 ;
110 ;0 ;0 ;3 ;0 ;206 ;
110 ;0 ;0 ;4 ;0 ;11 ;
110 ;0 ;0 ;5 ;0 ;168 ;
110 ;0 ;0 ;6 ;0 ;281 ;
110 ;0 ;0 ;7 ;0 ;56 ;
110 ;0 ;1 ;2 ;0 ;209 ;
110 ;0 ;1 ;3 ;0 ;178 ;
110 ;0 ;1 ;4 ;0 ;244 ;
110 ;0 ;1 ;5 ;0 ;34 ;
110 ;0 ;1 ;6 ;0 ;153 ;
110 ;0 ;1 ;7 ;0 ;172 ;
110 ;0 ;2 ;1 ;0 ;86 ;
110 ;0 ;2 ;2 ;0 ;61 ;
110 ;0 ;2 ;3 ;0 ;276 ;
110 ;0 ;2 ;4 ;0 ;210 ;
110 ;0 ;2 ;5 ;0 ;80 ;
110 ;0 ;2 ;6 ;0 ;88 ;
110 ;0 ;2 ;7 ;0 ;93 ;
110 ;0 ;2 ;8 ;0 ;114 ;
110 ;0 ;3 ;1 ;0 ;154 ;
110 ;0 ;3 ;2 ;0 ;125 ;
110 ;0 ;3 ;3 ;0 ;122 ;
110 ;0 ;3 ;4 ;0 ;286 ;
110 ;0 ;3 ;5 ;0 ;112 ;
110 ;0 ;3 ;6 ;0 ;192 ;
110 ;0 ;3 ;7 ;0 ;39 ;
110 ;0 ;3 ;8 ;0 ;264 ;
110 ;0 ;4 ;1 ;0 ;119 ;
110 ;0 ;4 ;2 ;0 ;83 ;
110 ;0 ;4 ;3 ;0 ;275 ;
110 ;0 ;4 ;4 ;0 ;109 ;
110 ;0 ;4 ;5 ;0 ;37 ;
110 ;0 ;4 ;6 ;0 ;36 ;
110 ;0 ;4 ;7 ;0 ;127 ;
110 ;0 ;4 ;8 ;0 ;191 ;
110 ;0 ;5 ;1 ;0 ;117 ;
110 ;0 ;5 ;2 ;0 ;42 ;
110 ;0 ;5 ;3 ;0 ;128 ;
110 ;0 ;5 ;4 ;0 ;52 ;
110 ;0 ;5 ;5 ;0 ;69 ;
110 ;0 ;5 ;6 ;0 ;222 ;
110 ;0 ;5 ;7 ;0 ;40 ;
110 ;0 ;5 ;8 ;0 ;126 ;
110 ;0 ;6 ;1 ;0 ;156 ;
110 ;0 ;6 ;2 ;0 ;173 ;
110 ;0 ;6 ;3 ;0 ;115 ;
110 ;0 ;6 ;4 ;0 ;106 ;
110 ;0 ;6 ;5 ;0 ;67 ;
110 ;0 ;6 ;6 ;0 ;62 ;
110 ;0 ;6 ;7 ;0 ;157 ;
110 ;0 ;6 ;8 ;0 ;91 ;
111 ;0 ;0 ;3 ;0 ;33 ;
111 ;0 ;0 ;4 ;0 ;14 ;
111 ;0 ;0 ;5 ;0 ;266 ;
111 ;0 ;0 ;6 ;0 ;133 ;
111 ;0 ;0 ;7 ;0 ;214 ;
111 ;0 ;0 ;8 ;0 ;277 ;
111 ;0 ;1 ;3 ;0 ;16 ;
111 ;0 ;1 ;4 ;0 ;116 ;
111 ;0 ;1 ;5 ;0 ;146 ;
111 ;0 ;1 ;6 ;0 ;208 ;
111 ;0 ;1 ;7 ;0 ;241 ;
111 ;0 ;2 ;1 ;0 ;278 ;
111 ;0 ;2 ;2 ;0 ;158 ;
111 ;0 ;2 ;3 ;0 ;22 ;
111 ;0 ;2 ;4 ;0 ;253 ;
111 ;0 ;2 ;5 ;0 ;98 ;
111 ;0 ;2 ;6 ;0 ;184 ;
111 ;0 ;2 ;7 ;0 ;183 ;
111 ;0 ;2 ;8 ;0 ;228 ;
111 ;0 ;3 ;1 ;0 ;73 ;
111 ;0 ;3 ;2 ;0 ;113 ;
111 ;0 ;3 ;3 ;0 ;177 ;
111 ;0 ;3 ;4 ;0 ;10 ;
111 ;0 ;3 ;5 ;0 ;47 ;
111 ;0 ;3 ;6 ;0 ;130 ;
111 ;0 ;3 ;7 ;0 ;25 ;
111 ;0 ;3 ;8 ;0 ;20 ;
111 ;0 ;4 ;1 ;0 ;30 ;
111 ;0 ;4 ;2 ;0 ;270 ;
111 ;0 ;4 ;3 ;0 ;169 ;
111 ;0 ;4 ;4 ;0 ;238 ;
111 ;0 ;4 ;5 ;0 ;152 ;
111 ;0 ;4 ;6 ;0 ;105 ;
111 ;0 ;4 ;7 ;0 ;102 ;
111 ;0 ;4 ;8 ;0 ;110 ;
111 ;0 ;5 ;1 ;0 ;212 ;
111 ;0 ;5 ;2 ;0 ;213 ;
111 ;0 ;5 ;3 ;0 ;51 ;
111 ;0 ;5 ;4 ;0 ;17 ;
111 ;0 ;5 ;5 ;0 ;252 ;
111 ;0 ;5 ;6 ;0 ;217 ;
111 ;0 ;5 ;7 ;0 ;186 ;
111 ;0 ;5 ;8 ;0 ;249 ;
111 ;0 ;6 ;1 ;0 ;235 ;
111 ;0 ;6 ;2 ;0 ;176 ;
111 ;0 ;6 ;3 ;0 ;24 ;
111 ;0 ;6 ;4 ;0 ;96 ;
111 ;0 ;6 ;5 ;0 ;234 ;
111 ;0 ;6 ;6 ;0 ;165 ;
111 ;0 ;6 ;7 ;0 ;45 ;
111 ;0 ;6 ;8 ;0 ;95 ;
111 ;0 ;7 ;1 ;0 ;272 ;
111 ;0 ;7 ;2 ;0 ;282 ;
111 ;0 ;7 ;3 ;0 ;4 ;
111 ;0 ;7 ;4 ;0 ;182 ;
111 ;0 ;7 ;5 ;0 ;227 ;
111 ;0 ;7 ;6 ;0 ;193 ;
111 ;0 ;7 ;7 ;0 ;268 ;
111 ;0 ;7 ;8 ;0 ;9 ;
111 ;0 ;8 ;1 ;0 ;123 ;
111 ;0 ;8 ;2 ;0 ;242 ;
111 ;0 ;8 ;3 ;0 ;215 ;
111 ;0 ;8 ;4 ;0 ;19 ;
111 ;0 ;8 ;5 ;0 ;271 ;
111 ;0 ;8 ;6 ;0 ;229 ;
111 ;0 ;8 ;7 ;0 ;250 ;
111 ;0 ;8 ;8 ;0 ;131 ;
111 ;0 ;9 ;1 ;0 ;71 ;
111 ;0 ;9 ;2 ;0 ;218 ;
111 ;0 ;9 ;3 ;0 ;155 ;
111 ;0 ;9 ;4 ;0 ;255 ;
111 ;0 ;9 ;5 ;0 ;223 ;
111 ;0 ;9 ;6 ;0 ;290 ;
111 ;0 ;9 ;7 ;0 ;267 ;
111 ;0 ;9 ;8 ;0 ;6 ;
111 ;0 ;10 ;1 ;0 ;225 ;
111 ;0 ;10 ;2 ;0 ;120 ;
111 ;0 ;10 ;3 ;0 ;291 ;
111 ;0 ;10 ;4 ;0 ;97 ;
111 ;0 ;10 ;5 ;0 ;197 ;
111 ;0 ;10 ;6 ;0 ;77 ;
111 ;0 ;10 ;7 ;0 ;64 ;
111 ;0 ;10 ;8 ;0 ;143 ;
111 ;0 ;11 ;1 ;0 ;198 ;
111 ;0 ;11 ;2 ;0 ;26 ;
111 ;0 ;11 ;3 ;0 ;49 ;
111 ;0 ;11 ;4 ;0 ;134 ;
111 ;0 ;11 ;5 ;0 ;181 ;
111 ;0 ;11 ;6 ;0 ;236 ;
111 ;0 ;11 ;7 ;0 ;35 ;
111 ;0 ;11 ;8 ;0 ;46 ;
112 ;0 ;0 ;3 ;0 ;50 ;
112 ;0 ;0 ;4 ;0 ;142 ;
112 ;0 ;0 ;5 ;0 ;231 ;
112 ;0 ;0 ;6 ;0 ;91 ;
112 ;0 ;0 ;7 ;0 ;86 ;
112 ;0 ;1 ;2 ;0 ;205 ;
112 ;0 ;1 ;3 ;0 ;75 ;
112 ;0 ;1 ;4 ;0 ;232 ;
112 ;0 ;1 ;5 ;0 ;203 ;
112 ;0 ;1 ;6 ;0 ;139 ;
201 ;0 ;0 ;2 ;0 ;136 ;
201 ;0 ;0 ;3 ;0 ;153 ;
201 ;0 ;0 ;4 ;0 ;56 ;
201 ;0 ;0 ;5 ;0 ;281 ;
201 ;0 ;0 ;6 ;0 ;58 ;
201 ;0 ;0 ;7 ;0 ;230 ;
201 ;0 ;1 ;1 ;0 ;251 ;
201 ;0 ;1 ;2 ;0 ;202 ;
201 ;0 ;1 ;3 ;0 ;216 ;
201 ;0 ;1 ;4 ;0 ;60 ;
201 ;0 ;1 ;5 ;0 ;2 ;
201 ;0 ;1 ;6 ;0 ;178 ;
201 ;0 ;1 ;7 ;0 ;170 ;
201 ;0 ;2 ;1 ;0 ;11 ;
201 ;0 ;2 ;2 ;0 ;55 ;
201 ;0 ;2 ;3 ;0 ;244 ;
201 ;0 ;2 ;4 ;0 ;80 ;
201 ;0 ;2 ;5 ;0 ;206 ;
201 ;0 ;2 ;6 ;0 ;50 ;
201 ;0 ;2 ;7 ;0 ;254 ;
201 ;0 ;2 ;8 ;0 ;154 ;
201 ;0 ;3 ;1 ;0 ;7 ;
201 ;0 ;3 ;2 ;0 ;209 ;
201 ;0 ;3 ;3 ;0 ;86 ;
201 ;0 ;3 ;4 ;0 ;83 ;
201 ;0 ;3 ;5 ;0 ;203 ;
201 ;0 ;3 ;6 ;0 ;112 ;
201 ;0 ;3 ;7 ;0 ;139 ;
201 ;0 ;3 ;8 ;0 ;286 ;
201 ;0 ;4 ;1 ;0 ;264 ;
201 ;0 ;4 ;2 ;0 ;117 ;
201 ;0 ;4 ;3 ;0 ;279 ;
201 ;0 ;4 ;4 ;0 ;240 ;
201 ;0 ;4 ;5 ;0 ;172 ;
201 ;0 ;4 ;6 ;0 ;231 ;
201 ;0 ;4 ;7 ;0 ;119 ;
201 ;0 ;4 ;8 ;0 ;157 ;
201 ;0 ;5 ;1 ;0 ;194 ;
201 ;0 ;5 ;2 ;0 ;205 ;
201 ;0 ;5 ;3 ;0 ;12 ;
201 ;0 ;5 ;4 ;0 ;191 ;
201 ;0 ;5 ;5 ;0 ;69 ;
201 ;0 ;5 ;6 ;0 ;8 ;
201 ;0 ;5 ;7 ;0 ;52 ;
201 ;0 ;5 ;8 ;0 ;115 ;
201 ;0 ;6 ;1 ;0 ;274 ;
201 ;0 ;6 ;2 ;0 ;62 ;
201 ;0 ;6 ;3 ;0 ;1 ;
201 ;0 ;6 ;4 ;0 ;288 ;
201 ;0 ;6 ;5 ;0 ;232 ;
201 ;0 ;6 ;6 ;0 ;233 ;
201 ;0 ;6 ;7 ;0 ;124 ;
201 ;0 ;6 ;8 ;0 ;107 ;
202 ;0 ;0 ;1 ;0 ;16 ;
202 ;0 ;0 ;2 ;0 ;269 ;
202 ;0 ;0 ;3 ;0 ;249 ;
202 ;0 ;0 ;4 ;0 ;212 ;
202 ;0 ;0 ;5 ;0 ;238 ;
202 ;0 ;0 ;6 ;0 ;102 ;
202 ;0 ;0 ;7 ;0 ;95 ;
202 ;0 ;1 ;1 ;0 ;225 ;
202 ;0 ;1 ;2 ;0 ;45 ;
202 ;0 ;1 ;3 ;0 ;198 ;
202 ;0 ;1 ;4 ;0 ;197 ;
202 ;0 ;1 ;5 ;0 ;181 ;
202 ;0 ;1 ;6 ;0 ;46 ;
202 ;0 ;1 ;7 ;0 ;71 ;
202 ;0 ;1 ;8 ;0 ;176 ;
203 ;0 ;0 ;2 ;0 ;101 ;
203 ;0 ;0 ;3 ;0 ;87 ;
203 ;0 ;0 ;4 ;0 ;58 ;
203 ;0 ;0 ;5 ;0 ;136 ;
203 ;0 ;0 ;6 ;0 ;50 ;
203 ;0 ;0 ;7 ;0 ;230 ;
203 ;0 ;1 ;2 ;0 ;57 ;
203 ;0 ;1 ;3 ;0 ;142 ;
203 ;0 ;1 ;4 ;0 ;74 ;
203 ;0 ;1 ;5 ;0 ;260 ;
203 ;0 ;1 ;6 ;0 ;56 ;
203 ;0 ;1 ;7 ;0 ;80 ;
203 ;0 ;2 ;1 ;0 ;244 ;
203 ;0 ;2 ;2 ;0 ;34 ;
203 ;0 ;2 ;3 ;0 ;175 ;
203 ;0 ;2 ;4 ;0 ;178 ;
203 ;0 ;2 ;5 ;0 ;251 ;
203 ;0 ;2 ;6 ;0 ;210 ;
203 ;0 ;2 ;7 ;0 ;209 ;
203 ;0 ;2 ;8 ;0 ;279 ;
203 ;0 ;3 ;1 ;0 ;88 ;
203 ;0 ;3 ;2 ;0 ;60 ;
203 ;0 ;3 ;3 ;0 ;114 ;
203 ;0 ;3 ;4 ;0 ;61 ;
203 ;0 ;3 ;5 ;0 ;122 ;
203 ;0 ;3 ;6 ;0 ;172 ;
203 ;0 ;3 ;7 ;0 ;276 ;
203 ;0 ;3 ;8 ;0 ;265 ;
203 ;0 ;4 ;1 ;0 ;194 ;
203 ;0 ;4 ;2 ;0 ;254 ;
203 ;0 ;4 ;3 ;0 ;219 ;
203 ;0 ;4 ;4 ;0 ;192 ;
203 ;0 ;4 ;5 ;0 ;154 ;
203 ;0 ;4 ;6 ;0 ;39 ;
203 ;0 ;4 ;7 ;0 ;166 ;
203 ;0 ;4 ;8 ;0 ;264 ;
203 ;0 ;5 ;1 ;0 ;109 ;
203 ;0 ;5 ;2 ;0 ;125 ;
203 ;0 ;5 ;3 ;0 ;286 ;
203 ;0 ;5 ;4 ;0 ;37 ;
203 ;0 ;5 ;5 ;0 ;83 ;
203 ;0 ;5 ;6 ;0 ;240 ;
203 ;0 ;5 ;7 ;0 ;91 ;
203 ;0 ;5 ;8 ;0 ;112 ;
203 ;0 ;6 ;1 ;0 ;52 ;
203 ;0 ;6 ;2 ;0 ;117 ;
203 ;0 ;6 ;3 ;0 ;40 ;
203 ;0 ;6 ;4 ;0 ;191 ;
203 ;0 ;6 ;5 ;0 ;119 ;
203 ;0 ;6 ;6 ;0 ;150 ;
203 ;0 ;6 ;7 ;0 ;222 ;
203 ;0 ;6 ;8 ;0 ;275 ;
203 ;0 ;7 ;1 ;0 ;127 ;
203 ;0 ;7 ;2 ;0 ;69 ;
203 ;0 ;7 ;3 ;0 ;67 ;
203 ;0 ;7 ;4 ;0 ;42 ;
203 ;0 ;7 ;5 ;0 ;248 ;
203 ;0 ;7 ;6 ;0 ;157 ;
203 ;0 ;7 ;7 ;0 ;156 ;
203 ;0 ;7 ;8 ;0 ;126 ;
203 ;0 ;8 ;1 ;0 ;21 ;
203 ;0 ;8 ;2 ;0 ;68 ;
203 ;0 ;8 ;3 ;0 ;106 ;
203 ;0 ;8 ;4 ;0 ;3 ;
203 ;0 ;8 ;5 ;0 ;1 ;
203 ;0 ;8 ;6 ;0 ;173 ;
203 ;0 ;8 ;7 ;0 ;62 ;
203 ;0 ;8 ;8 ;0 ;179 ;
204 ;0 ;0 ;1 ;0 ;213 ;
204 ;0 ;0 ;2 ;0 ;269 ;
204 ;0 ;0 ;3 ;0 ;110 ;
204 ;0 ;0 ;4 ;0 ;72 ;
204 ;0 ;0 ;5 ;0 ;169 ;
204 ;0 ;0 ;6 ;0 ;9 ;
204 ;0 ;0 ;7 ;0 ;51 ;
204 ;0 ;0 ;8 ;0 ;133 ;
204 ;0 ;1 ;1 ;0 ;270 ;
204 ;0 ;1 ;2 ;0 ;250 ;
204 ;0 ;1 ;3 ;0 ;272 ;
204 ;0 ;1 ;4 ;0 ;273 ;
204 ;0 ;1 ;5 ;0 ;17 ;
204 ;0 ;1 ;6 ;0 ;95 ;
204 ;0 ;1 ;7 ;0 ;215 ;
204 ;0 ;1 ;8 ;0 ;182 ;
204 ;0 ;2 ;1 ;0 ;131 ;
204 ;0 ;2 ;2 ;0 ;19 ;
204 ;0 ;2 ;3 ;0 ;155 ;
204 ;0 ;2 ;4 ;0 ;6 ;
204 ;0 ;2 ;5 ;0 ;5 ;
204 ;0 ;2 ;6 ;0 ;291 ;
204 ;0 ;2 ;7 ;0 ;193 ;
204 ;0 ;2 ;8 ;0 ;221 ;
204 ;0 ;3 ;1 ;0 ;197 ;
204 ;0 ;3 ;2 ;0 ;97 ;
204 ;0 ;3 ;3 ;0 ;26 ;
204 ;0 ;3 ;4 ;0 ;236 ;
204 ;0 ;3 ;5 ;0 ;255 ;
204 ;0 ;3 ;6 ;0 ;71 ;
204 ;0 ;3 ;7 ;0 ;77 ;
204 ;0 ;3 ;8 ;0 ;46 ;
205 ;0 ;0 ;1 ;0 ;168 ;
205 ;0 ;0 ;2 ;0 ;74 ;
205 ;0 ;0 ;3 ;0 ;80 ;
205 ;0 ;0 ;4 ;0 ;34 ;
205 ;0 ;0 ;5 ;0 ;2 ;
205 ;0 ;0 ;6 ;0 ;216 ;
205 ;0 ;0 ;7 ;0 ;39 ;
205 ;0 ;1 ;1 ;0 ;170 ;
205 ;0 ;1 ;2 ;0 ;209 ;
205 ;0 ;1 ;3 ;0 ;55 ;
205 ;0 ;1 ;4 ;0 ;189 ;
205 ;0 ;1 ;5 ;0 ;7 ;
205 ;0 ;1 ;6 ;0 ;178 ;
205 ;0 ;1 ;7 ;0 ;276 ;
205 ;0 ;2 ;1 ;0 ;142 ;
205 ;0 ;2 ;2 ;0 ;112 ;
205 ;0 ;2 ;3 ;0 ;87 ;
205 ;0 ;2 ;4 ;0 ;61 ;
205 ;0 ;2 ;5 ;0 ;240 ;
205 ;0 ;2 ;6 ;0 ;192 ;
205 ;0 ;2 ;7 ;0 ;203 ;
205 ;0 ;2 ;8 ;0 ;91 ;
205 ;0 ;3 ;1 ;0 ;117 ;
205 ;0 ;3 ;2 ;0 ;122 ;
205 ;0 ;3 ;3 ;0 ;127 ;
205 ;0 ;3 ;4 ;0 ;114 ;
205 ;0 ;3 ;5 ;0 ;83 ;
205 ;0 ;3 ;6 ;0 ;205 ;
205 ;0 ;3 ;7 ;0 ;109 ;
205 ;0 ;3 ;8 ;0 ;62 ;
205 ;0 ;4 ;1 ;0 ;179 ;
205 ;0 ;4 ;2 ;0 ;67 ;
205 ;0 ;4 ;3 ;0 ;107 ;
205 ;0 ;4 ;4 ;0 ;173 ;
205 ;0 ;4 ;5 ;0 ;233 ;
205 ;0 ;4 ;6 ;0 ;12 ;
205 ;0 ;4 ;7 ;0 ;106 ;
205 ;0 ;4 ;8 ;0 ;115 ;
206 ;0 ;0 ;2 ;0 ;169 ;
206 ;0 ;0 ;3 ;0 ;100 ;
206 ;0 ;0 ;4 ;0 ;283 ;
206 ;0 ;0 ;5 ;0 ;133 ;
206 ;0 ;0 ;6 ;0 ;184 ;
206 ;0 ;0 ;7 ;0 ;105 ;
206 ;0 ;1 ;2 ;0 ;228 ;
206 ;0 ;1 ;3 ;0 ;204 ;
206 ;0 ;1 ;4 ;0 ;253 ;
206 ;0 ;1 ;5 ;0 ;17 ;
206 ;0 ;1 ;6 ;0 ;241 ;
206 ;0 ;1 ;7 ;0 ;22 ;
206 ;0 ;2 ;1 ;0 ;123 ;
206 ;0 ;2 ;2 ;0 ;227 ;
206 ;0 ;2 ;3 ;0 ;155 ;
206 ;0 ;2 ;4 ;0 ;143 ;
206 ;0 ;2 ;5 ;0 ;290 ;
206 ;0 ;2 ;6 ;0 ;4 ;
206 ;0 ;2 ;7 ;0 ;186 ;
206 ;0 ;2 ;8 ;0 ;212 ;
207 ;0 ;0 ;2 ;0 ;202 ;
207 ;0 ;0 ;3 ;0 ;281 ;
207 ;0 ;0 ;4 ;0 ;163 ;
207 ;0 ;0 ;5 ;0 ;194 ;
207 ;0 ;0 ;6 ;0 ;244 ;
207 ;0 ;0 ;7 ;0 ;125 ;
207 ;0 ;1 ;2 ;0 ;48 ;
207 ;0 ;1 ;3 ;0 ;57 ;
207 ;0 ;1 ;4 ;0 ;38 ;
207 ;0 ;1 ;5 ;0 ;210 ;
207 ;0 ;1 ;6 ;0 ;88 ;
207 ;0 ;1 ;7 ;0 ;264 ;
207 ;0 ;2 ;1 ;0 ;231 ;
207 ;0 ;2 ;2 ;0 ;206 ;
207 ;0 ;2 ;3 ;0 ;12 ;
207 ;0 ;2 ;4 ;0 ;154 ;
207 ;0 ;2 ;5 ;0 ;69 ;
207 ;0 ;2 ;6 ;0 ;275 ;
207 ;0 ;2 ;7 ;0 ;222 ;
207 ;0 ;2 ;8 ;0 ;119 ;
207 ;0 ;3 ;1 ;0 ;60 ;
207 ;0 ;3 ;2 ;0 ;67 ;
207 ;0 ;3 ;3 ;0 ;288 ;
207 ;0 ;3 ;4 ;0 ;274 ;
207 ;0 ;3 ;5 ;0 ;1 ;
207 ;0 ;3 ;6 ;0 ;124 ;
207 ;0 ;3 ;7 ;0 ;279 ;
207 ;0 ;3 ;8 ;0 ;156 ;
208 ;0 ;0 ;1 ;0 ;14 ;
208 ;0 ;0 ;2 ;0 ;70 ;
208 ;0 ;0 ;3 ;0 ;98 ;
208 ;0 ;0 ;4 ;0 ;171 ;
208 ;0 ;0 ;5 ;0 ;96 ;
208 ;0 ;0 ;6 ;0 ;59 ;
208 ;0 ;0 ;7 ;0 ;278 ;
208 ;0 ;1 ;1 ;0 ;32 ;
208 ;0 ;1 ;2 ;0 ;22 ;
208 ;0 ;1 ;3 ;0 ;253 ;
208 ;0 ;1 ;4 ;0 ;16 ;
208 ;0 ;1 ;5 ;0 ;72 ;
208 ;0 ;1 ;6 ;0 ;20 ;
208 ;0 ;1 ;7 ;0 ;133 ;
208 ;0 ;2 ;1 ;0 ;183 ;
208 ;0 ;2 ;2 ;0 ;250 ;
208 ;0 ;2 ;3 ;0 ;213 ;
208 ;0 ;2 ;4 ;0 ;249 ;
208 ;0 ;2 ;5 ;0 ;9 ;
208 ;0 ;2 ;6 ;0 ;158 ;
208 ;0 ;2 ;7 ;0 ;95 ;
208 ;0 ;2 ;8 ;0 ;105 ;
208 ;0 ;3 ;1 ;0 ;214 ;
208 ;0 ;3 ;2 ;0 ;177 ;
208 ;0 ;3 ;3 ;0 ;271 ;
208 ;0 ;3 ;4 ;0 ;208 ;
208 ;0 ;3 ;5 ;0 ;17 ;
208 ;0 ;3 ;6 ;0 ;130 ;
208 ;0 ;3 ;7 ;0 ;235 ;
208 ;0 ;3 ;8 ;0 ;228 ;
208 ;0 ;4 ;1 ;0 ;217 ;
208 ;0 ;4 ;2 ;0 ;193 ;
208 ;0 ;4 ;3 ;0 ;218 ;
208 ;0 ;4 ;4 ;0 ;182 ;
208 ;0 ;4 ;5 ;0 ;267 ;
208 ;0 ;4 ;6 ;0 ;19 ;
208 ;0 ;4 ;7 ;0 ;242 ;
208 ;0 ;4 ;8 ;0 ;268 ;
208 ;0 ;5 ;1 ;0 ;176 ;
208 ;0 ;5 ;2 ;0 ;186 ;
208 ;0 ;5 ;3 ;0 ;221 ;
208 ;0 ;5 ;4 ;0 ;223 ;
208 ;0 ;5 ;5 ;0 ;97 ;
208 ;0 ;5 ;6 ;0 ;227 ;
208 ;0 ;5 ;7 ;0 ;120 ;
208 ;0 ;5 ;8 ;0 ;123 ;
208 ;0 ;6 ;1 ;0 ;255 ;
208 ;0 ;6 ;2 ;0 ;143 ;
208 ;0 ;6 ;3 ;0 ;26 ;
208 ;0 ;6 ;4 ;0 ;236 ;
208 ;0 ;6 ;5 ;0 ;198 ;
208 ;0 ;6 ;6 ;0 ;181 ;
208 ;0 ;6 ;7 ;0 ;49 ;
208 ;0 ;6 ;8 ;0 ;291 ;
209 ;0 ;0 ;1 ;0 ;168 ;
209 ;0 ;0 ;2 ;0 ;189 ;
209 ;0 ;0 ;3 ;0 ;139 ;
209 ;0 ;0 ;4 ;0 ;115 ;
209 ;0 ;0 ;5 ;0 ;52 ;
209 ;0 ;0 ;6 ;0 ;199 ;
209 ;0 ;0 ;7 ;0 ;153 ;
210 ;0 ;0 ;3 ;0 ;116 ;
210 ;0 ;0 ;4 ;0 ;73 ;
210 ;0 ;0 ;5 ;0 ;266 ;
210 ;0 ;0 ;6 ;0 ;118 ;
210 ;0 ;0 ;7 ;0 ;59 ;
210 ;0 ;1 ;2 ;0 ;14 ;
210 ;0 ;1 ;3 ;0 ;98 ;
210 ;0 ;1 ;4 ;0 ;171 ;
210 ;0 ;1 ;5 ;0 ;204 ;
210 ;0 ;1 ;6 ;0 ;32 ;
210 ;0 ;1 ;7 ;0 ;100 ;
210 ;0 ;2 ;1 ;0 ;213 ;
210 ;0 ;2 ;2 ;0 ;183 ;
210 ;0 ;2 ;3 ;0 ;184 ;
210 ;0 ;2 ;4 ;0 ;269 ;
210 ;0 ;2 ;5 ;0 ;146 ;
210 ;0 ;2 ;6 ;0 ;113 ;
210 ;0 ;2 ;7 ;0 ;20 ;
210 ;0 ;2 ;8 ;0 ;22 ;
210 ;0 ;3 ;1 ;0 ;270 ;
210 ;0 ;3 ;2 ;0 ;217 ;
210 ;0 ;3 ;3 ;0 ;158 ;
210 ;0 ;3 ;4 ;0 ;177 ;
210 ;0 ;3 ;5 ;0 ;249 ;
210 ;0 ;3 ;6 ;0 ;102 ;
210 ;0 ;3 ;7 ;0 ;271 ;
210 ;0 ;3 ;8 ;0 ;9 ;
210 ;0 ;4 ;1 ;0 ;51 ;
210 ;0 ;4 ;2 ;0 ;212 ;
210 ;0 ;4 ;3 ;0 ;242 ;
210 ;0 ;4 ;4 ;0 ;218 ;
210 ;0 ;4 ;5 ;0 ;131 ;
210 ;0 ;4 ;6 ;0 ;268 ;
210 ;0 ;4 ;7 ;0 ;193 ;
210 ;0 ;4 ;8 ;0 ;235 ;
210 ;0 ;5 ;1 ;0 ;267 ;
210 ;0 ;5 ;2 ;0 ;95 ;
210 ;0 ;5 ;3 ;0 ;234 ;
210 ;0 ;5 ;4 ;0 ;290 ;
210 ;0 ;5 ;5 ;0 ;221 ;
210 ;0 ;5 ;6 ;0 ;71 ;
210 ;0 ;5 ;7 ;0 ;4 ;
210 ;0 ;5 ;8 ;0 ;225 ;
210 ;0 ;6 ;1 ;0 ;291 ;
210 ;0 ;6 ;2 ;0 ;35 ;
210 ;0 ;6 ;3 ;0 ;197 ;
210 ;0 ;6 ;4 ;0 ;181 ;
210 ;0 ;6 ;5 ;0 ;134 ;
210 ;0 ;6 ;6 ;0 ;46 ;
210 ;0 ;6 ;7 ;0 ;45 ;
210 ;0 ;6 ;8 ;0 ;120 ;
211 ;0 ;0 ;3 ;0 ;145 ;
211 ;0 ;0 ;4 ;0 ;2 ;
211 ;0 ;0 ;5 ;0 ;94 ;
211 ;0 ;0 ;6 ;0 ;170 ;
211 ;0 ;0 ;7 ;0 ;207 ;
211 ;0 ;1 ;2 ;0 ;202 ;
211 ;0 ;1 ;3 ;0 ;244 ;
211 ;0 ;1 ;4 ;0 ;101 ;
211 ;0 ;1 ;5 ;0 ;251 ;
211 ;0 ;1 ;6 ;0 ;139 ;
211 ;0 ;1 ;7 ;0 ;55 ;
211 ;0 ;2 ;1 ;0 ;153 ;
211 ;0 ;2 ;2 ;0 ;58 ;
211 ;0 ;2 ;3 ;0 ;209 ;
211 ;0 ;2 ;4 ;0 ;189 ;
211 ;0 ;2 ;5 ;0 ;74 ;
211 ;0 ;2 ;6 ;0 ;206 ;
211 ;0 ;2 ;7 ;0 ;178 ;
211 ;0 ;2 ;8 ;0 ;230 ;
211 ;0 ;3 ;1 ;0 ;281 ;
211 ;0 ;3 ;2 ;0 ;231 ;
211 ;0 ;3 ;3 ;0 ;122 ;
211 ;0 ;3 ;4 ;0 ;279 ;
211 ;0 ;3 ;5 ;0 ;88 ;
211 ;0 ;3 ;6 ;0 ;61 ;
211 ;0 ;3 ;7 ;0 ;175 ;
211 ;0 ;3 ;8 ;0 ;80 ;
211 ;0 ;4 ;1 ;0 ;219 ;
211 ;0 ;4 ;2 ;0 ;34 ;
211 ;0 ;4 ;3 ;0 ;168 ;
211 ;0 ;4 ;4 ;0 ;86 ;
211 ;0 ;4 ;5 ;0 ;194 ;
211 ;0 ;4 ;6 ;0 ;142 ;
211 ;0 ;4 ;7 ;0 ;210 ;
211 ;0 ;4 ;8 ;0 ;12 ;
211 ;0 ;5 ;1 ;0 ;11 ;
211 ;0 ;5 ;2 ;0 ;7 ;
211 ;0 ;5 ;3 ;0 ;260 ;
211 ;0 ;5 ;4 ;0 ;199 ;
211 ;0 ;5 ;5 ;0 ;205 ;
211 ;0 ;5 ;6 ;0 ;60 ;
211 ;0 ;5 ;7 ;0 ;286 ;
211 ;0 ;5 ;8 ;0 ;192 ;
211 ;0 ;6 ;1 ;0 ;57 ;
211 ;0 ;6 ;2 ;0 ;39 ;
211 ;0 ;6 ;3 ;0 ;264 ;
211 ;0 ;6 ;4 ;0 ;254 ;
211 ;0 ;6 ;5 ;0 ;114 ;
211 ;0 ;6 ;6 ;0 ;56 ;
211 ;0 ;6 ;7 ;0 ;136 ;
211 ;0 ;6 ;8 ;0 ;112 ;
211 ;0 ;7 ;1 ;0 ;172 ;
211 ;0 ;7 ;2 ;0 ;37 ;
211 ;0 ;7 ;3 ;0 ;125 ;
211 ;0 ;7 ;4 ;0 ;83 ;
211 ;0 ;7 ;5 ;0 ;91 ;
211 ;0 ;7 ;6 ;0 ;232 ;
211 ;0 ;7 ;7 ;0 ;40 ;
211 ;0 ;7 ;8 ;0 ;240 ;
211 ;0 ;8 ;1 ;0 ;48 ;
211 ;0 ;8 ;2 ;0 ;222 ;
211 ;0 ;8 ;3 ;0 ;127 ;
211 ;0 ;8 ;4 ;0 ;67 ;
211 ;0 ;8 ;5 ;0 ;191 ;
211 ;0 ;8 ;6 ;0 ;38 ;
211 ;0 ;8 ;7 ;0 ;157 ;
211 ;0 ;8 ;8 ;0 ;8 ;
211 ;0 ;9 ;1 ;0 ;115 ;
211 ;0 ;9 ;2 ;0 ;69 ;
211 ;0 ;9 ;3 ;0 ;154 ;
211 ;0 ;9 ;4 ;0 ;42 ;
211 ;0 ;9 ;5 ;0 ;119 ;
211 ;0 ;9 ;6 ;0 ;166 ;
211 ;0 ;9 ;7 ;0 ;107 ;
211 ;0 ;9 ;8 ;0 ;156 ;
211 ;0 ;10 ;1 ;0 ;124 ;
211 ;0 ;10 ;2 ;0 ;275 ;
211 ;0 ;10 ;3 ;0 ;150 ;
211 ;0 ;10 ;4 ;0 ;21 ;
211 ;0 ;10 ;5 ;0 ;117 ;
211 ;0 ;10 ;6 ;0 ;126 ;
211 ;0 ;10 ;7 ;0 ;1 ;
211 ;0 ;10 ;8 ;0 ;173 ;
211 ;0 ;11 ;1 ;0 ;288 ;
211 ;0 ;11 ;2 ;0 ;68 ;
211 ;0 ;11 ;3 ;0 ;3 ;
211 ;0 ;11 ;4 ;0 ;274 ;
211 ;0 ;11 ;5 ;0 ;62 ;
211 ;0 ;11 ;6 ;0 ;248 ;
211 ;0 ;11 ;7 ;0 ;106 ;
211 ;0 ;11 ;8 ;0 ;179 ;
212 ;0 ;0 ;2 ;0 ;130 ;
212 ;0 ;0 ;3 ;0 ;272 ;
212 ;0 ;0 ;4 ;0 ;70 ;
212 ;0 ;0 ;5 ;0 ;252 ;
212 ;0 ;0 ;6 ;0 ;133 ;
212 ;0 ;0 ;7 ;0 ;51 ;
212 ;0 ;1 ;1 ;0 ;45 ;
212 ;0 ;1 ;2 ;0 ;193 ;
212 ;0 ;1 ;3 ;0 ;77 ;
212 ;0 ;1 ;4 ;0 ;71 ;
212 ;0 ;1 ;5 ;0 ;97 ;
212 ;0 ;1 ;6 ;0 ;221 ;
212 ;0 ;1 ;7 ;0 ;131 ;
