event; round;heat;lane;relais;idBib;
301 ;0 ;0 ;1 ;0 ;71 ;
301 ;0 ;0 ;2 ;0 ;323 ;
301 ;0 ;0 ;3 ;0 ;99 ;
301 ;0 ;0 ;4 ;0 ;134 ;
301 ;0 ;0 ;5 ;0 ;75 ;
301 ;0 ;0 ;6 ;0 ;108 ;
301 ;0 ;0 ;7 ;0 ;193 ;
301 ;0 ;1 ;1 ;0 ;320 ;
301 ;0 ;1 ;2 ;0 ;802 ;
301 ;0 ;1 ;3 ;0 ;159 ;
301 ;0 ;1 ;4 ;0 ;111 ;
301 ;0 ;1 ;5 ;0 ;104 ;
301 ;0 ;1 ;6 ;0 ;308 ;
301 ;0 ;1 ;7 ;0 ;343 ;
301 ;0 ;2 ;1 ;0 ;43 ;
301 ;0 ;2 ;2 ;0 ;331 ;
301 ;0 ;2 ;3 ;0 ;317 ;
301 ;0 ;2 ;4 ;0 ;19 ;
301 ;0 ;2 ;5 ;0 ;292 ;
301 ;0 ;2 ;6 ;0 ;303 ;
301 ;0 ;2 ;7 ;0 ;23 ;
301 ;0 ;2 ;8 ;0 ;236 ;
301 ;0 ;3 ;1 ;0 ;202 ;
301 ;0 ;3 ;2 ;0 ;216 ;
301 ;0 ;3 ;3 ;0 ;122 ;
301 ;0 ;3 ;4 ;0 ;230 ;
301 ;0 ;3 ;5 ;0 ;31 ;
301 ;0 ;3 ;6 ;0 ;205 ;
301 ;0 ;3 ;7 ;0 ;213 ;
301 ;0 ;3 ;8 ;0 ;238 ;
301 ;0 ;4 ;1 ;0 ;333 ;
301 ;0 ;4 ;2 ;0 ;228 ;
301 ;0 ;4 ;3 ;0 ;129 ;
301 ;0 ;4 ;4 ;0 ;112 ;
301 ;0 ;4 ;5 ;0 ;13 ;
301 ;0 ;4 ;6 ;0 ;97 ;
301 ;0 ;4 ;7 ;0 ;46 ;
301 ;0 ;4 ;8 ;0 ;162 ;
301 ;0 ;5 ;1 ;0 ;235 ;
301 ;0 ;5 ;2 ;0 ;141 ;
301 ;0 ;5 ;3 ;0 ;52 ;
301 ;0 ;5 ;4 ;0 ;124 ;
301 ;0 ;5 ;5 ;0 ;212 ;
301 ;0 ;5 ;6 ;0 ;209 ;
301 ;0 ;5 ;7 ;0 ;147 ;
301 ;0 ;5 ;8 ;0 ;106 ;
302 ;0 ;0 ;1 ;0 ;29 ;
302 ;0 ;0 ;2 ;0 ;189 ;
302 ;0 ;0 ;3 ;0 ;45 ;
302 ;0 ;0 ;4 ;0 ;294 ;
302 ;0 ;0 ;5 ;0 ;215 ;
302 ;0 ;0 ;6 ;0 ;173 ;
302 ;0 ;0 ;7 ;0 ;799 ;
302 ;0 ;1 ;1 ;0 ;265 ;
302 ;0 ;1 ;2 ;0 ;42 ;
302 ;0 ;1 ;3 ;0 ;101 ;
302 ;0 ;1 ;4 ;0 ;307 ;
302 ;0 ;1 ;5 ;0 ;110 ;
302 ;0 ;1 ;6 ;0 ;198 ;
302 ;0 ;1 ;7 ;0 ;143 ;
302 ;0 ;2 ;1 ;0 ;327 ;
302 ;0 ;2 ;2 ;0 ;72 ;
302 ;0 ;2 ;3 ;0 ;288 ;
302 ;0 ;2 ;4 ;0 ;47 ;
302 ;0 ;2 ;5 ;0 ;127 ;
302 ;0 ;2 ;6 ;0 ;30 ;
302 ;0 ;2 ;7 ;0 ;287 ;
302 ;0 ;2 ;8 ;0 ;14 ;
302 ;0 ;3 ;1 ;0 ;200 ;
302 ;0 ;3 ;2 ;0 ;191 ;
302 ;0 ;3 ;3 ;0 ;168 ;
302 ;0 ;3 ;4 ;0 ;7 ;
302 ;0 ;3 ;5 ;0 ;3 ;
302 ;0 ;3 ;6 ;0 ;171 ;
302 ;0 ;3 ;7 ;0 ;332 ;
302 ;0 ;3 ;8 ;0 ;88 ;
303 ;0 ;0 ;2 ;0 ;184 ;
303 ;0 ;0 ;3 ;0 ;249 ;
303 ;0 ;0 ;4 ;0 ;314 ;
303 ;0 ;0 ;5 ;0 ;16 ;
303 ;0 ;0 ;6 ;0 ;105 ;
303 ;0 ;0 ;7 ;0 ;321 ;
303 ;0 ;1 ;1 ;0 ;95 ;
303 ;0 ;1 ;2 ;0 ;140 ;
303 ;0 ;1 ;3 ;0 ;285 ;
303 ;0 ;1 ;4 ;0 ;181 ;
303 ;0 ;1 ;5 ;0 ;268 ;
303 ;0 ;1 ;6 ;0 ;275 ;
303 ;0 ;1 ;7 ;0 ;135 ;
303 ;0 ;2 ;1 ;0 ;4 ;
303 ;0 ;2 ;2 ;0 ;44 ;
303 ;0 ;2 ;3 ;0 ;22 ;
303 ;0 ;2 ;4 ;0 ;244 ;
303 ;0 ;2 ;5 ;0 ;246 ;
303 ;0 ;2 ;6 ;0 ;352 ;
303 ;0 ;2 ;7 ;0 ;86 ;
303 ;0 ;2 ;8 ;0 ;26 ;
303 ;0 ;3 ;1 ;0 ;107 ;
303 ;0 ;3 ;2 ;0 ;25 ;
303 ;0 ;3 ;3 ;0 ;214 ;
303 ;0 ;3 ;4 ;0 ;169 ;
303 ;0 ;3 ;5 ;0 ;250 ;
303 ;0 ;3 ;6 ;0 ;192 ;
303 ;0 ;3 ;7 ;0 ;54 ;
303 ;0 ;3 ;8 ;0 ;276 ;
303 ;0 ;4 ;1 ;0 ;78 ;
303 ;0 ;4 ;2 ;0 ;113 ;
303 ;0 ;4 ;3 ;0 ;267 ;
303 ;0 ;4 ;4 ;0 ;146 ;
303 ;0 ;4 ;5 ;0 ;344 ;
303 ;0 ;4 ;6 ;0 ;27 ;
303 ;0 ;4 ;7 ;0 ;258 ;
303 ;0 ;4 ;8 ;0 ;76 ;
303 ;0 ;5 ;1 ;0 ;199 ;
303 ;0 ;5 ;2 ;0 ;133 ;
303 ;0 ;5 ;3 ;0 ;139 ;
303 ;0 ;5 ;4 ;0 ;90 ;
303 ;0 ;5 ;5 ;0 ;248 ;
303 ;0 ;5 ;6 ;0 ;325 ;
303 ;0 ;5 ;7 ;0 ;163 ;
303 ;0 ;5 ;8 ;0 ;59 ;
303 ;0 ;6 ;1 ;0 ;266 ;
303 ;0 ;6 ;2 ;0 ;138 ;
303 ;0 ;6 ;3 ;0 ;2 ;
303 ;0 ;6 ;4 ;0 ;255 ;
303 ;0 ;6 ;5 ;0 ;180 ;
303 ;0 ;6 ;6 ;0 ;39 ;
303 ;0 ;6 ;7 ;0 ;150 ;
303 ;0 ;6 ;8 ;0 ;80 ;
303 ;0 ;7 ;1 ;0 ;281 ;
303 ;0 ;7 ;2 ;0 ;93 ;
303 ;0 ;7 ;3 ;0 ;270 ;
303 ;0 ;7 ;4 ;0 ;342 ;
303 ;0 ;7 ;5 ;0 ;204 ;
303 ;0 ;7 ;6 ;0 ;68 ;
303 ;0 ;7 ;7 ;0 ;155 ;
303 ;0 ;7 ;8 ;0 ;154 ;
303 ;0 ;8 ;1 ;0 ;299 ;
303 ;0 ;8 ;2 ;0 ;233 ;
303 ;0 ;8 ;3 ;0 ;103 ;
303 ;0 ;8 ;4 ;0 ;118 ;
303 ;0 ;8 ;5 ;0 ;28 ;
303 ;0 ;8 ;6 ;0 ;207 ;
303 ;0 ;8 ;7 ;0 ;221 ;
303 ;0 ;8 ;8 ;0 ;137 ;
304 ;0 ;0 ;1 ;0 ;211 ;
304 ;0 ;0 ;2 ;0 ;309 ;
304 ;0 ;0 ;3 ;0 ;35 ;
304 ;0 ;0 ;4 ;0 ;37 ;
304 ;0 ;0 ;5 ;0 ;149 ;
304 ;0 ;0 ;6 ;0 ;83 ;
304 ;0 ;0 ;7 ;0 ;284 ;
304 ;0 ;1 ;1 ;0 ;77 ;
304 ;0 ;1 ;2 ;0 ;243 ;
304 ;0 ;1 ;3 ;0 ;55 ;
304 ;0 ;1 ;4 ;0 ;208 ;
304 ;0 ;1 ;5 ;0 ;82 ;
304 ;0 ;1 ;6 ;0 ;91 ;
304 ;0 ;1 ;7 ;0 ;272 ;
304 ;0 ;1 ;8 ;0 ;328 ;
304 ;0 ;2 ;1 ;0 ;277 ;
304 ;0 ;2 ;2 ;0 ;252 ;
304 ;0 ;2 ;3 ;0 ;289 ;
304 ;0 ;2 ;4 ;0 ;172 ;
304 ;0 ;2 ;5 ;0 ;87 ;
304 ;0 ;2 ;6 ;0 ;251 ;
304 ;0 ;2 ;7 ;0 ;89 ;
304 ;0 ;2 ;8 ;0 ;144 ;
304 ;0 ;3 ;1 ;0 ;109 ;
304 ;0 ;3 ;2 ;0 ;283 ;
304 ;0 ;3 ;3 ;0 ;114 ;
304 ;0 ;3 ;4 ;0 ;56 ;
304 ;0 ;3 ;5 ;0 ;119 ;
304 ;0 ;3 ;6 ;0 ;293 ;
304 ;0 ;3 ;7 ;0 ;131 ;
304 ;0 ;3 ;8 ;0 ;174 ;
304 ;0 ;4 ;1 ;0 ;302 ;
304 ;0 ;4 ;2 ;0 ;51 ;
304 ;0 ;4 ;3 ;0 ;286 ;
304 ;0 ;4 ;4 ;0 ;229 ;
304 ;0 ;4 ;5 ;0 ;5 ;
304 ;0 ;4 ;6 ;0 ;222 ;
304 ;0 ;4 ;7 ;0 ;128 ;
304 ;0 ;4 ;8 ;0 ;273 ;
304 ;0 ;5 ;1 ;0 ;85 ;
304 ;0 ;5 ;2 ;0 ;151 ;
304 ;0 ;5 ;3 ;0 ;98 ;
304 ;0 ;5 ;4 ;0 ;261 ;
304 ;0 ;5 ;5 ;0 ;350 ;
304 ;0 ;5 ;6 ;0 ;194 ;
304 ;0 ;5 ;7 ;0 ;259 ;
304 ;0 ;5 ;8 ;0 ;256 ;
304 ;0 ;6 ;1 ;0 ;132 ;
304 ;0 ;6 ;2 ;0 ;120 ;
304 ;0 ;6 ;3 ;0 ;253 ;
304 ;0 ;6 ;4 ;0 ;234 ;
304 ;0 ;6 ;5 ;0 ;142 ;
304 ;0 ;6 ;6 ;0 ;18 ;
304 ;0 ;6 ;7 ;0 ;161 ;
304 ;0 ;6 ;8 ;0 ;245 ;
305 ;0 ;0 ;3 ;0 ;99 ;
305 ;0 ;0 ;4 ;0 ;210 ;
305 ;0 ;0 ;5 ;0 ;134 ;
305 ;0 ;0 ;6 ;0 ;75 ;
305 ;0 ;0 ;7 ;0 ;320 ;
305 ;0 ;1 ;2 ;0 ;297 ;
305 ;0 ;1 ;3 ;0 ;330 ;
305 ;0 ;1 ;4 ;0 ;108 ;
305 ;0 ;1 ;5 ;0 ;19 ;
305 ;0 ;1 ;6 ;0 ;104 ;
305 ;0 ;1 ;7 ;0 ;43 ;
305 ;0 ;2 ;1 ;0 ;58 ;
305 ;0 ;2 ;2 ;0 ;193 ;
305 ;0 ;2 ;3 ;0 ;112 ;
305 ;0 ;2 ;4 ;0 ;331 ;
305 ;0 ;2 ;5 ;0 ;50 ;
305 ;0 ;2 ;6 ;0 ;23 ;
305 ;0 ;2 ;7 ;0 ;308 ;
305 ;0 ;2 ;8 ;0 ;159 ;
305 ;0 ;3 ;1 ;0 ;292 ;
305 ;0 ;3 ;2 ;0 ;334 ;
305 ;0 ;3 ;3 ;0 ;802 ;
305 ;0 ;3 ;4 ;0 ;235 ;
305 ;0 ;3 ;5 ;0 ;209 ;
305 ;0 ;3 ;6 ;0 ;228 ;
305 ;0 ;3 ;7 ;0 ;49 ;
305 ;0 ;3 ;8 ;0 ;1 ;
305 ;0 ;4 ;1 ;0 ;326 ;
305 ;0 ;4 ;2 ;0 ;97 ;
305 ;0 ;4 ;3 ;0 ;303 ;
305 ;0 ;4 ;4 ;0 ;238 ;
305 ;0 ;4 ;5 ;0 ;106 ;
305 ;0 ;4 ;6 ;0 ;237 ;
305 ;0 ;4 ;7 ;0 ;236 ;
305 ;0 ;4 ;8 ;0 ;100 ;
305 ;0 ;5 ;1 ;0 ;333 ;
305 ;0 ;5 ;2 ;0 ;162 ;
305 ;0 ;5 ;3 ;0 ;147 ;
305 ;0 ;5 ;4 ;0 ;202 ;
305 ;0 ;5 ;5 ;0 ;141 ;
305 ;0 ;5 ;6 ;0 ;216 ;
305 ;0 ;5 ;7 ;0 ;280 ;
305 ;0 ;5 ;8 ;0 ;13 ;
305 ;0 ;6 ;1 ;0 ;46 ;
305 ;0 ;6 ;2 ;0 ;176 ;
305 ;0 ;6 ;3 ;0 ;22 ;
305 ;0 ;6 ;4 ;0 ;65 ;
305 ;0 ;6 ;5 ;0 ;52 ;
305 ;0 ;6 ;6 ;0 ;66 ;
305 ;0 ;6 ;7 ;0 ;184 ;
305 ;0 ;6 ;8 ;0 ;249 ;
305 ;0 ;7 ;1 ;0 ;124 ;
305 ;0 ;7 ;2 ;0 ;44 ;
305 ;0 ;7 ;3 ;0 ;38 ;
305 ;0 ;7 ;4 ;0 ;169 ;
305 ;0 ;7 ;5 ;0 ;212 ;
305 ;0 ;7 ;6 ;0 ;264 ;
305 ;0 ;7 ;7 ;0 ;298 ;
305 ;0 ;7 ;8 ;0 ;27 ;
305 ;0 ;8 ;1 ;0 ;192 ;
305 ;0 ;8 ;2 ;0 ;336 ;
305 ;0 ;8 ;3 ;0 ;54 ;
305 ;0 ;8 ;4 ;0 ;138 ;
305 ;0 ;8 ;5 ;0 ;78 ;
305 ;0 ;8 ;6 ;0 ;94 ;
305 ;0 ;8 ;7 ;0 ;59 ;
305 ;0 ;8 ;8 ;0 ;275 ;
305 ;0 ;9 ;1 ;0 ;86 ;
305 ;0 ;9 ;2 ;0 ;268 ;
305 ;0 ;9 ;3 ;0 ;214 ;
305 ;0 ;9 ;4 ;0 ;349 ;
305 ;0 ;9 ;5 ;0 ;39 ;
305 ;0 ;9 ;6 ;0 ;248 ;
305 ;0 ;9 ;7 ;0 ;266 ;
305 ;0 ;9 ;8 ;0 ;315 ;
305 ;0 ;10 ;1 ;0 ;325 ;
305 ;0 ;10 ;2 ;0 ;199 ;
305 ;0 ;10 ;3 ;0 ;93 ;
305 ;0 ;10 ;4 ;0 ;61 ;
305 ;0 ;10 ;5 ;0 ;255 ;
305 ;0 ;10 ;6 ;0 ;239 ;
305 ;0 ;10 ;7 ;0 ;182 ;
305 ;0 ;10 ;8 ;0 ;281 ;
305 ;0 ;11 ;1 ;0 ;146 ;
305 ;0 ;11 ;2 ;0 ;257 ;
305 ;0 ;11 ;3 ;0 ;163 ;
305 ;0 ;11 ;4 ;0 ;113 ;
305 ;0 ;11 ;5 ;0 ;301 ;
305 ;0 ;11 ;6 ;0 ;221 ;
305 ;0 ;11 ;7 ;0 ;32 ;
305 ;0 ;11 ;8 ;0 ;180 ;
305 ;0 ;12 ;1 ;0 ;137 ;
305 ;0 ;12 ;2 ;0 ;139 ;
305 ;0 ;12 ;3 ;0 ;217 ;
305 ;0 ;12 ;4 ;0 ;68 ;
305 ;0 ;12 ;5 ;0 ;76 ;
305 ;0 ;12 ;6 ;0 ;155 ;
305 ;0 ;12 ;7 ;0 ;118 ;
305 ;0 ;12 ;8 ;0 ;299 ;
306 ;0 ;0 ;3 ;0 ;102 ;
306 ;0 ;0 ;4 ;0 ;341 ;
306 ;0 ;0 ;5 ;0 ;158 ;
306 ;0 ;0 ;6 ;0 ;339 ;
306 ;0 ;0 ;7 ;0 ;45 ;
306 ;0 ;1 ;2 ;0 ;215 ;
306 ;0 ;1 ;3 ;0 ;294 ;
306 ;0 ;1 ;4 ;0 ;335 ;
306 ;0 ;1 ;5 ;0 ;157 ;
306 ;0 ;1 ;6 ;0 ;799 ;
306 ;0 ;1 ;7 ;0 ;300 ;
306 ;0 ;2 ;1 ;0 ;327 ;
306 ;0 ;2 ;2 ;0 ;47 ;
306 ;0 ;2 ;3 ;0 ;72 ;
306 ;0 ;2 ;4 ;0 ;21 ;
306 ;0 ;2 ;5 ;0 ;200 ;
306 ;0 ;2 ;6 ;0 ;171 ;
306 ;0 ;2 ;7 ;0 ;101 ;
306 ;0 ;2 ;8 ;0 ;143 ;
306 ;0 ;3 ;1 ;0 ;30 ;
306 ;0 ;3 ;2 ;0 ;307 ;
306 ;0 ;3 ;3 ;0 ;332 ;
306 ;0 ;3 ;4 ;0 ;42 ;
306 ;0 ;3 ;5 ;0 ;168 ;
306 ;0 ;3 ;6 ;0 ;24 ;
306 ;0 ;3 ;7 ;0 ;288 ;
306 ;0 ;3 ;8 ;0 ;198 ;
306 ;0 ;4 ;1 ;0 ;287 ;
306 ;0 ;4 ;2 ;0 ;110 ;
306 ;0 ;4 ;3 ;0 ;7 ;
306 ;0 ;4 ;4 ;0 ;340 ;
306 ;0 ;4 ;5 ;0 ;3 ;
306 ;0 ;4 ;6 ;0 ;284 ;
306 ;0 ;4 ;7 ;0 ;55 ;
306 ;0 ;4 ;8 ;0 ;69 ;
306 ;0 ;5 ;1 ;0 ;309 ;
306 ;0 ;5 ;2 ;0 ;211 ;
306 ;0 ;5 ;3 ;0 ;241 ;
306 ;0 ;5 ;4 ;0 ;191 ;
306 ;0 ;5 ;5 ;0 ;109 ;
306 ;0 ;5 ;6 ;0 ;149 ;
306 ;0 ;5 ;7 ;0 ;83 ;
306 ;0 ;5 ;8 ;0 ;63 ;
306 ;0 ;6 ;1 ;0 ;208 ;
306 ;0 ;6 ;2 ;0 ;277 ;
306 ;0 ;6 ;3 ;0 ;35 ;
306 ;0 ;6 ;4 ;0 ;144 ;
306 ;0 ;6 ;5 ;0 ;77 ;
306 ;0 ;6 ;6 ;0 ;347 ;
306 ;0 ;6 ;7 ;0 ;37 ;
306 ;0 ;6 ;8 ;0 ;227 ;
306 ;0 ;7 ;1 ;0 ;119 ;
306 ;0 ;7 ;2 ;0 ;115 ;
306 ;0 ;7 ;3 ;0 ;302 ;
306 ;0 ;7 ;4 ;0 ;289 ;
306 ;0 ;7 ;5 ;0 ;175 ;
306 ;0 ;7 ;6 ;0 ;261 ;
306 ;0 ;7 ;7 ;0 ;51 ;
306 ;0 ;7 ;8 ;0 ;283 ;
306 ;0 ;8 ;1 ;0 ;251 ;
306 ;0 ;8 ;2 ;0 ;67 ;
306 ;0 ;8 ;3 ;0 ;57 ;
306 ;0 ;8 ;4 ;0 ;128 ;
306 ;0 ;8 ;5 ;0 ;132 ;
306 ;0 ;8 ;6 ;0 ;206 ;
306 ;0 ;8 ;7 ;0 ;98 ;
306 ;0 ;8 ;8 ;0 ;273 ;
306 ;0 ;9 ;1 ;0 ;174 ;
306 ;0 ;9 ;2 ;0 ;293 ;
306 ;0 ;9 ;3 ;0 ;5 ;
306 ;0 ;9 ;4 ;0 ;222 ;
306 ;0 ;9 ;5 ;0 ;142 ;
306 ;0 ;9 ;6 ;0 ;85 ;
306 ;0 ;9 ;7 ;0 ;125 ;
306 ;0 ;9 ;8 ;0 ;256 ;
307 ;0 ;0 ;1 ;0 ;228 ;
307 ;0 ;0 ;2 ;0 ;66 ;
307 ;0 ;0 ;3 ;0 ;162 ;
307 ;0 ;0 ;4 ;0 ;185 ;
307 ;0 ;0 ;5 ;0 ;49 ;
307 ;0 ;0 ;6 ;0 ;116 ;
307 ;0 ;0 ;7 ;0 ;237 ;
307 ;0 ;0 ;8 ;0 ;147 ;
307 ;0 ;1 ;1 ;0 ;235 ;
307 ;0 ;1 ;2 ;0 ;230 ;
307 ;0 ;1 ;3 ;0 ;8 ;
307 ;0 ;1 ;4 ;0 ;46 ;
307 ;0 ;1 ;5 ;0 ;316 ;
307 ;0 ;1 ;6 ;0 ;305 ;
307 ;0 ;1 ;7 ;0 ;44 ;
307 ;0 ;1 ;8 ;0 ;337 ;
307 ;0 ;2 ;1 ;0 ;6 ;
307 ;0 ;2 ;2 ;0 ;22 ;
307 ;0 ;2 ;3 ;0 ;16 ;
307 ;0 ;2 ;4 ;0 ;176 ;
307 ;0 ;2 ;5 ;0 ;314 ;
307 ;0 ;2 ;6 ;0 ;285 ;
307 ;0 ;2 ;7 ;0 ;121 ;
307 ;0 ;2 ;8 ;0 ;268 ;
307 ;0 ;3 ;1 ;0 ;152 ;
307 ;0 ;3 ;2 ;0 ;212 ;
307 ;0 ;3 ;3 ;0 ;146 ;
307 ;0 ;3 ;4 ;0 ;255 ;
307 ;0 ;3 ;5 ;0 ;156 ;
307 ;0 ;3 ;6 ;0 ;138 ;
307 ;0 ;3 ;7 ;0 ;181 ;
307 ;0 ;3 ;8 ;0 ;266 ;
307 ;0 ;4 ;1 ;0 ;141 ;
307 ;0 ;4 ;2 ;0 ;179 ;
307 ;0 ;4 ;3 ;0 ;263 ;
307 ;0 ;4 ;4 ;0 ;199 ;
307 ;0 ;4 ;5 ;0 ;315 ;
307 ;0 ;4 ;6 ;0 ;59 ;
307 ;0 ;4 ;7 ;0 ;163 ;
307 ;0 ;4 ;8 ;0 ;31 ;
307 ;0 ;5 ;1 ;0 ;80 ;
307 ;0 ;5 ;2 ;0 ;93 ;
307 ;0 ;5 ;3 ;0 ;107 ;
307 ;0 ;5 ;4 ;0 ;117 ;
307 ;0 ;5 ;5 ;0 ;192 ;
307 ;0 ;5 ;6 ;0 ;154 ;
307 ;0 ;5 ;7 ;0 ;306 ;
307 ;0 ;5 ;8 ;0 ;270 ;
307 ;0 ;6 ;1 ;0 ;118 ;
307 ;0 ;6 ;2 ;0 ;155 ;
307 ;0 ;6 ;3 ;0 ;103 ;
307 ;0 ;6 ;4 ;0 ;207 ;
307 ;0 ;6 ;5 ;0 ;28 ;
307 ;0 ;6 ;6 ;0 ;180 ;
307 ;0 ;6 ;7 ;0 ;204 ;
307 ;0 ;6 ;8 ;0 ;281 ;
308 ;0 ;0 ;1 ;0 ;42 ;
308 ;0 ;0 ;2 ;0 ;200 ;
308 ;0 ;0 ;3 ;0 ;168 ;
308 ;0 ;0 ;4 ;0 ;7 ;
308 ;0 ;0 ;5 ;0 ;287 ;
308 ;0 ;0 ;6 ;0 ;211 ;
308 ;0 ;0 ;7 ;0 ;64 ;
308 ;0 ;1 ;1 ;0 ;82 ;
308 ;0 ;1 ;2 ;0 ;88 ;
308 ;0 ;1 ;3 ;0 ;277 ;
308 ;0 ;1 ;4 ;0 ;91 ;
308 ;0 ;1 ;5 ;0 ;109 ;
308 ;0 ;1 ;6 ;0 ;283 ;
308 ;0 ;1 ;7 ;0 ;87 ;
308 ;0 ;1 ;8 ;0 ;251 ;
308 ;0 ;2 ;1 ;0 ;89 ;
308 ;0 ;2 ;2 ;0 ;114 ;
308 ;0 ;2 ;3 ;0 ;229 ;
308 ;0 ;2 ;4 ;0 ;259 ;
308 ;0 ;2 ;5 ;0 ;131 ;
308 ;0 ;2 ;6 ;0 ;293 ;
308 ;0 ;2 ;7 ;0 ;151 ;
308 ;0 ;2 ;8 ;0 ;161 ;
308 ;0 ;3 ;1 ;0 ;125 ;
308 ;0 ;3 ;2 ;0 ;57 ;
308 ;0 ;3 ;3 ;0 ;18 ;
308 ;0 ;3 ;4 ;0 ;132 ;
308 ;0 ;3 ;5 ;0 ;142 ;
308 ;0 ;3 ;6 ;0 ;194 ;
308 ;0 ;3 ;7 ;0 ;302 ;
308 ;0 ;3 ;8 ;0 ;273 ;
309 ;0 ;0 ;2 ;0 ;19 ;
309 ;0 ;0 ;3 ;0 ;209 ;
309 ;0 ;0 ;4 ;0 ;97 ;
309 ;0 ;0 ;5 ;0 ;235 ;
309 ;0 ;0 ;6 ;0 ;52 ;
309 ;0 ;0 ;7 ;0 ;266 ;
309 ;0 ;1 ;2 ;0 ;4 ;
309 ;0 ;1 ;3 ;0 ;27 ;
309 ;0 ;1 ;4 ;0 ;146 ;
309 ;0 ;1 ;5 ;0 ;135 ;
309 ;0 ;1 ;6 ;0 ;281 ;
309 ;0 ;1 ;7 ;0 ;140 ;
309 ;0 ;2 ;1 ;0 ;344 ;
309 ;0 ;2 ;2 ;0 ;59 ;
309 ;0 ;2 ;3 ;0 ;133 ;
309 ;0 ;2 ;4 ;0 ;233 ;
309 ;0 ;2 ;5 ;0 ;342 ;
309 ;0 ;2 ;6 ;0 ;352 ;
309 ;0 ;2 ;7 ;0 ;178 ;
309 ;0 ;2 ;8 ;0 ;270 ;
310 ;0 ;0 ;1 ;0 ;47 ;
310 ;0 ;0 ;2 ;0 ;173 ;
310 ;0 ;0 ;3 ;0 ;14 ;
310 ;0 ;0 ;4 ;0 ;171 ;
310 ;0 ;0 ;5 ;0 ;149 ;
310 ;0 ;0 ;6 ;0 ;251 ;
310 ;0 ;0 ;7 ;0 ;56 ;
310 ;0 ;0 ;8 ;0 ;67 ;
310 ;0 ;1 ;1 ;0 ;229 ;
310 ;0 ;1 ;2 ;0 ;132 ;
310 ;0 ;1 ;3 ;0 ;350 ;
310 ;0 ;1 ;4 ;0 ;142 ;
310 ;0 ;1 ;5 ;0 ;234 ;
310 ;0 ;1 ;6 ;0 ;151 ;
310 ;0 ;1 ;7 ;0 ;174 ;
310 ;0 ;1 ;8 ;0 ;172 ;
321 ;0 ;0 ;1 ;0 ;75 ;
321 ;0 ;0 ;2 ;0 ;108 ;
321 ;0 ;0 ;3 ;0 ;134 ;
321 ;0 ;0 ;4 ;0 ;802 ;
321 ;0 ;0 ;5 ;0 ;43 ;
321 ;0 ;0 ;6 ;0 ;193 ;
321 ;0 ;0 ;7 ;0 ;320 ;
321 ;0 ;0 ;8 ;0 ;323 ;
322 ;0 ;0 ;1 ;0 ;303 ;
322 ;0 ;0 ;2 ;0 ;331 ;
322 ;0 ;0 ;3 ;0 ;292 ;
322 ;0 ;0 ;4 ;0 ;209 ;
322 ;0 ;0 ;5 ;0 ;112 ;
322 ;0 ;0 ;6 ;0 ;122 ;
322 ;0 ;0 ;7 ;0 ;104 ;
322 ;0 ;0 ;8 ;0 ;308 ;
323 ;0 ;0 ;1 ;0 ;147 ;
323 ;0 ;0 ;2 ;0 ;97 ;
323 ;0 ;0 ;3 ;0 ;212 ;
323 ;0 ;0 ;4 ;0 ;52 ;
323 ;0 ;0 ;5 ;0 ;124 ;
323 ;0 ;0 ;6 ;0 ;228 ;
323 ;0 ;0 ;7 ;0 ;141 ;
323 ;0 ;0 ;8 ;0 ;129 ;
324 ;0 ;0 ;2 ;0 ;29 ;
324 ;0 ;0 ;3 ;0 ;215 ;
324 ;0 ;0 ;4 ;0 ;799 ;
324 ;0 ;0 ;5 ;0 ;45 ;
324 ;0 ;0 ;6 ;0 ;294 ;
325 ;0 ;0 ;3 ;0 ;288 ;
325 ;0 ;0 ;4 ;0 ;47 ;
325 ;0 ;0 ;5 ;0 ;327 ;
325 ;0 ;0 ;6 ;0 ;173 ;
326 ;0 ;0 ;1 ;0 ;30 ;
326 ;0 ;0 ;2 ;0 ;191 ;
326 ;0 ;0 ;3 ;0 ;3 ;
326 ;0 ;0 ;4 ;0 ;168 ;
326 ;0 ;0 ;5 ;0 ;7 ;
326 ;0 ;0 ;6 ;0 ;171 ;
326 ;0 ;0 ;7 ;0 ;287 ;
326 ;0 ;0 ;8 ;0 ;332 ;
327 ;0 ;0 ;1 ;0 ;192 ;
327 ;0 ;0 ;2 ;0 ;78 ;
327 ;0 ;0 ;3 ;0 ;80 ;
327 ;0 ;0 ;4 ;0 ;266 ;
327 ;0 ;0 ;5 ;0 ;255 ;
327 ;0 ;0 ;6 ;0 ;146 ;
327 ;0 ;0 ;7 ;0 ;133 ;
327 ;0 ;0 ;8 ;0 ;285 ;
328 ;0 ;0 ;1 ;0 ;138 ;
328 ;0 ;0 ;2 ;0 ;59 ;
328 ;0 ;0 ;3 ;0 ;270 ;
328 ;0 ;0 ;4 ;0 ;155 ;
328 ;0 ;0 ;5 ;0 ;118 ;
328 ;0 ;0 ;6 ;0 ;281 ;
328 ;0 ;0 ;7 ;0 ;86 ;
328 ;0 ;0 ;8 ;0 ;199 ;
329 ;0 ;0 ;1 ;0 ;204 ;
329 ;0 ;0 ;2 ;0 ;207 ;
329 ;0 ;0 ;3 ;0 ;28 ;
329 ;0 ;0 ;4 ;0 ;221 ;
329 ;0 ;0 ;5 ;0 ;103 ;
329 ;0 ;0 ;6 ;0 ;233 ;
329 ;0 ;0 ;7 ;0 ;299 ;
329 ;0 ;0 ;8 ;0 ;342 ;
330 ;0 ;0 ;1 ;0 ;55 ;
330 ;0 ;0 ;2 ;0 ;77 ;
330 ;0 ;0 ;3 ;0 ;277 ;
330 ;0 ;0 ;4 ;0 ;56 ;
330 ;0 ;0 ;5 ;0 ;87 ;
330 ;0 ;0 ;6 ;0 ;149 ;
330 ;0 ;0 ;7 ;0 ;208 ;
330 ;0 ;0 ;8 ;0 ;82 ;
331 ;0 ;0 ;1 ;0 ;286 ;
331 ;0 ;0 ;2 ;0 ;89 ;
331 ;0 ;0 ;3 ;0 ;114 ;
331 ;0 ;0 ;4 ;0 ;51 ;
331 ;0 ;0 ;5 ;0 ;261 ;
331 ;0 ;0 ;6 ;0 ;251 ;
331 ;0 ;0 ;7 ;0 ;302 ;
331 ;0 ;0 ;8 ;0 ;119 ;
332 ;0 ;0 ;1 ;0 ;161 ;
332 ;0 ;0 ;2 ;0 ;194 ;
332 ;0 ;0 ;3 ;0 ;142 ;
332 ;0 ;0 ;4 ;0 ;234 ;
332 ;0 ;0 ;5 ;0 ;253 ;
332 ;0 ;0 ;6 ;0 ;120 ;
332 ;0 ;0 ;7 ;0 ;132 ;
332 ;0 ;0 ;8 ;0 ;151 ;
351 ;0 ;0 ;2 ;0 ;295 ;
351 ;0 ;0 ;3 ;0 ;71 ;
351 ;0 ;0 ;4 ;0 ;320 ;
351 ;0 ;0 ;5 ;0 ;96 ;
351 ;0 ;0 ;6 ;0 ;75 ;
351 ;0 ;0 ;7 ;0 ;193 ;
351 ;0 ;1 ;1 ;0 ;330 ;
351 ;0 ;1 ;2 ;0 ;43 ;
351 ;0 ;1 ;3 ;0 ;303 ;
351 ;0 ;1 ;4 ;0 ;108 ;
351 ;0 ;1 ;5 ;0 ;274 ;
351 ;0 ;1 ;6 ;0 ;197 ;
351 ;0 ;1 ;7 ;0 ;802 ;
351 ;0 ;2 ;1 ;0 ;104 ;
351 ;0 ;2 ;2 ;0 ;331 ;
351 ;0 ;2 ;3 ;0 ;187 ;
351 ;0 ;2 ;4 ;0 ;343 ;
351 ;0 ;2 ;5 ;0 ;236 ;
351 ;0 ;2 ;6 ;0 ;111 ;
351 ;0 ;2 ;7 ;0 ;112 ;
351 ;0 ;2 ;8 ;0 ;134 ;
351 ;0 ;3 ;1 ;0 ;122 ;
351 ;0 ;3 ;2 ;0 ;209 ;
351 ;0 ;3 ;3 ;0 ;66 ;
351 ;0 ;3 ;4 ;0 ;185 ;
351 ;0 ;3 ;5 ;0 ;282 ;
351 ;0 ;3 ;6 ;0 ;292 ;
351 ;0 ;3 ;7 ;0 ;205 ;
351 ;0 ;3 ;8 ;0 ;230 ;
351 ;0 ;4 ;1 ;0 ;162 ;
351 ;0 ;4 ;2 ;0 ;46 ;
351 ;0 ;4 ;3 ;0 ;31 ;
351 ;0 ;4 ;4 ;0 ;141 ;
351 ;0 ;4 ;5 ;0 ;212 ;
351 ;0 ;4 ;6 ;0 ;147 ;
351 ;0 ;4 ;7 ;0 ;8 ;
351 ;0 ;4 ;8 ;0 ;49 ;
352 ;0 ;0 ;1 ;0 ;74 ;
352 ;0 ;0 ;2 ;0 ;29 ;
352 ;0 ;0 ;3 ;0 ;102 ;
352 ;0 ;0 ;4 ;0 ;45 ;
352 ;0 ;0 ;5 ;0 ;123 ;
352 ;0 ;0 ;6 ;0 ;157 ;
352 ;0 ;0 ;7 ;0 ;799 ;
352 ;0 ;1 ;1 ;0 ;188 ;
352 ;0 ;1 ;2 ;0 ;127 ;
352 ;0 ;1 ;3 ;0 ;72 ;
352 ;0 ;1 ;4 ;0 ;165 ;
352 ;0 ;1 ;5 ;0 ;265 ;
352 ;0 ;1 ;6 ;0 ;101 ;
352 ;0 ;1 ;7 ;0 ;14 ;
352 ;0 ;1 ;8 ;0 ;42 ;
352 ;0 ;2 ;1 ;0 ;200 ;
352 ;0 ;2 ;2 ;0 ;47 ;
352 ;0 ;2 ;3 ;0 ;7 ;
352 ;0 ;2 ;4 ;0 ;88 ;
352 ;0 ;2 ;5 ;0 ;287 ;
352 ;0 ;2 ;6 ;0 ;3 ;
352 ;0 ;2 ;7 ;0 ;30 ;
352 ;0 ;2 ;8 ;0 ;168 ;
353 ;0 ;0 ;3 ;0 ;264 ;
353 ;0 ;0 ;4 ;0 ;176 ;
353 ;0 ;0 ;5 ;0 ;192 ;
353 ;0 ;0 ;6 ;0 ;65 ;
353 ;0 ;1 ;3 ;0 ;146 ;
353 ;0 ;1 ;4 ;0 ;321 ;
353 ;0 ;1 ;5 ;0 ;275 ;
353 ;0 ;1 ;6 ;0 ;133 ;
353 ;0 ;1 ;7 ;0 ;107 ;
353 ;0 ;2 ;1 ;0 ;249 ;
353 ;0 ;2 ;2 ;0 ;27 ;
353 ;0 ;2 ;3 ;0 ;349 ;
353 ;0 ;2 ;4 ;0 ;285 ;
353 ;0 ;2 ;5 ;0 ;73 ;
353 ;0 ;2 ;6 ;0 ;80 ;
353 ;0 ;2 ;7 ;0 ;169 ;
353 ;0 ;2 ;8 ;0 ;199 ;
353 ;0 ;3 ;1 ;0 ;248 ;
353 ;0 ;3 ;2 ;0 ;26 ;
353 ;0 ;3 ;3 ;0 ;78 ;
353 ;0 ;3 ;4 ;0 ;255 ;
353 ;0 ;3 ;5 ;0 ;54 ;
353 ;0 ;3 ;6 ;0 ;214 ;
353 ;0 ;3 ;7 ;0 ;39 ;
353 ;0 ;3 ;8 ;0 ;268 ;
353 ;0 ;4 ;1 ;0 ;315 ;
353 ;0 ;4 ;2 ;0 ;155 ;
353 ;0 ;4 ;3 ;0 ;180 ;
353 ;0 ;4 ;4 ;0 ;138 ;
353 ;0 ;4 ;5 ;0 ;163 ;
353 ;0 ;4 ;6 ;0 ;325 ;
353 ;0 ;4 ;7 ;0 ;90 ;
353 ;0 ;4 ;8 ;0 ;113 ;
353 ;0 ;5 ;1 ;0 ;139 ;
353 ;0 ;5 ;2 ;0 ;281 ;
353 ;0 ;5 ;3 ;0 ;342 ;
353 ;0 ;5 ;4 ;0 ;2 ;
353 ;0 ;5 ;5 ;0 ;76 ;
353 ;0 ;5 ;6 ;0 ;93 ;
353 ;0 ;5 ;7 ;0 ;299 ;
353 ;0 ;5 ;8 ;0 ;103 ;
353 ;0 ;6 ;1 ;0 ;221 ;
353 ;0 ;6 ;2 ;0 ;266 ;
353 ;0 ;6 ;3 ;0 ;68 ;
353 ;0 ;6 ;4 ;0 ;137 ;
353 ;0 ;6 ;5 ;0 ;118 ;
353 ;0 ;6 ;6 ;0 ;28 ;
353 ;0 ;6 ;7 ;0 ;182 ;
353 ;0 ;6 ;8 ;0 ;32 ;
354 ;0 ;0 ;3 ;0 ;208 ;
354 ;0 ;0 ;4 ;0 ;309 ;
354 ;0 ;0 ;5 ;0 ;211 ;
354 ;0 ;0 ;6 ;0 ;149 ;
354 ;0 ;0 ;7 ;0 ;82 ;
354 ;0 ;1 ;2 ;0 ;55 ;
354 ;0 ;1 ;3 ;0 ;77 ;
354 ;0 ;1 ;4 ;0 ;243 ;
354 ;0 ;1 ;5 ;0 ;175 ;
354 ;0 ;1 ;6 ;0 ;109 ;
354 ;0 ;1 ;7 ;0 ;35 ;
354 ;0 ;2 ;1 ;0 ;37 ;
354 ;0 ;2 ;2 ;0 ;289 ;
354 ;0 ;2 ;3 ;0 ;144 ;
354 ;0 ;2 ;4 ;0 ;251 ;
354 ;0 ;2 ;5 ;0 ;302 ;
354 ;0 ;2 ;6 ;0 ;252 ;
354 ;0 ;2 ;7 ;0 ;87 ;
354 ;0 ;2 ;8 ;0 ;67 ;
354 ;0 ;3 ;1 ;0 ;206 ;
354 ;0 ;3 ;2 ;0 ;283 ;
354 ;0 ;3 ;3 ;0 ;151 ;
354 ;0 ;3 ;4 ;0 ;18 ;
354 ;0 ;3 ;5 ;0 ;286 ;
354 ;0 ;3 ;6 ;0 ;273 ;
354 ;0 ;3 ;7 ;0 ;119 ;
354 ;0 ;3 ;8 ;0 ;245 ;
354 ;0 ;4 ;1 ;0 ;229 ;
354 ;0 ;4 ;2 ;0 ;132 ;
354 ;0 ;4 ;3 ;0 ;85 ;
354 ;0 ;4 ;4 ;0 ;261 ;
354 ;0 ;4 ;5 ;0 ;51 ;
354 ;0 ;4 ;6 ;0 ;98 ;
354 ;0 ;4 ;7 ;0 ;128 ;
354 ;0 ;4 ;8 ;0 ;161 ;
354 ;0 ;5 ;1 ;0 ;5 ;
354 ;0 ;5 ;2 ;0 ;174 ;
354 ;0 ;5 ;3 ;0 ;120 ;
354 ;0 ;5 ;4 ;0 ;234 ;
354 ;0 ;5 ;5 ;0 ;142 ;
354 ;0 ;5 ;6 ;0 ;222 ;
354 ;0 ;5 ;7 ;0 ;350 ;
354 ;0 ;5 ;8 ;0 ;256 ;
355 ;0 ;0 ;1 ;0 ;60 ;
355 ;0 ;0 ;2 ;0 ;297 ;
355 ;0 ;0 ;3 ;0 ;323 ;
355 ;0 ;0 ;4 ;0 ;320 ;
355 ;0 ;0 ;5 ;0 ;134 ;
355 ;0 ;0 ;6 ;0 ;802 ;
355 ;0 ;0 ;7 ;0 ;343 ;
355 ;0 ;0 ;8 ;0 ;159 ;
355 ;0 ;1 ;1 ;0 ;104 ;
355 ;0 ;1 ;2 ;0 ;312 ;
355 ;0 ;1 ;3 ;0 ;236 ;
355 ;0 ;1 ;4 ;0 ;112 ;
355 ;0 ;1 ;5 ;0 ;147 ;
355 ;0 ;1 ;6 ;0 ;334 ;
355 ;0 ;1 ;7 ;0 ;292 ;
355 ;0 ;1 ;8 ;0 ;237 ;
355 ;0 ;2 ;1 ;0 ;13 ;
355 ;0 ;2 ;2 ;0 ;8 ;
355 ;0 ;2 ;3 ;0 ;19 ;
355 ;0 ;2 ;4 ;0 ;162 ;
355 ;0 ;2 ;5 ;0 ;20 ;
355 ;0 ;2 ;6 ;0 ;230 ;
355 ;0 ;2 ;7 ;0 ;280 ;
355 ;0 ;2 ;8 ;0 ;106 ;
355 ;0 ;3 ;1 ;0 ;209 ;
355 ;0 ;3 ;2 ;0 ;321 ;
355 ;0 ;3 ;3 ;0 ;52 ;
355 ;0 ;3 ;4 ;0 ;264 ;
355 ;0 ;3 ;5 ;0 ;97 ;
355 ;0 ;3 ;6 ;0 ;331 ;
355 ;0 ;3 ;7 ;0 ;184 ;
355 ;0 ;3 ;8 ;0 ;244 ;
355 ;0 ;4 ;1 ;0 ;314 ;
355 ;0 ;4 ;2 ;0 ;285 ;
355 ;0 ;4 ;3 ;0 ;212 ;
355 ;0 ;4 ;4 ;0 ;4 ;
355 ;0 ;4 ;5 ;0 ;268 ;
355 ;0 ;4 ;6 ;0 ;352 ;
355 ;0 ;4 ;7 ;0 ;349 ;
355 ;0 ;4 ;8 ;0 ;94 ;
355 ;0 ;5 ;1 ;0 ;26 ;
355 ;0 ;5 ;2 ;0 ;95 ;
355 ;0 ;5 ;3 ;0 ;25 ;
355 ;0 ;5 ;4 ;0 ;27 ;
355 ;0 ;5 ;5 ;0 ;267 ;
355 ;0 ;5 ;6 ;0 ;133 ;
355 ;0 ;5 ;7 ;0 ;250 ;
355 ;0 ;5 ;8 ;0 ;66 ;
355 ;0 ;6 ;1 ;0 ;78 ;
355 ;0 ;6 ;2 ;0 ;126 ;
355 ;0 ;6 ;3 ;0 ;275 ;
355 ;0 ;6 ;4 ;0 ;39 ;
355 ;0 ;6 ;5 ;0 ;248 ;
355 ;0 ;6 ;6 ;0 ;322 ;
355 ;0 ;6 ;7 ;0 ;218 ;
355 ;0 ;6 ;8 ;0 ;15 ;
355 ;0 ;7 ;1 ;0 ;325 ;
355 ;0 ;7 ;2 ;0 ;59 ;
355 ;0 ;7 ;3 ;0 ;150 ;
355 ;0 ;7 ;4 ;0 ;163 ;
355 ;0 ;7 ;5 ;0 ;146 ;
355 ;0 ;7 ;6 ;0 ;86 ;
355 ;0 ;7 ;7 ;0 ;214 ;
355 ;0 ;7 ;8 ;0 ;342 ;
355 ;0 ;8 ;1 ;0 ;299 ;
355 ;0 ;8 ;2 ;0 ;155 ;
355 ;0 ;8 ;3 ;0 ;154 ;
355 ;0 ;8 ;4 ;0 ;344 ;
355 ;0 ;8 ;5 ;0 ;233 ;
355 ;0 ;8 ;6 ;0 ;276 ;
355 ;0 ;8 ;7 ;0 ;270 ;
355 ;0 ;8 ;8 ;0 ;137 ;
356 ;0 ;0 ;1 ;0 ;189 ;
356 ;0 ;0 ;2 ;0 ;45 ;
356 ;0 ;0 ;3 ;0 ;288 ;
356 ;0 ;0 ;4 ;0 ;173 ;
356 ;0 ;0 ;5 ;0 ;327 ;
356 ;0 ;0 ;6 ;0 ;799 ;
356 ;0 ;0 ;7 ;0 ;215 ;
356 ;0 ;1 ;1 ;0 ;47 ;
356 ;0 ;1 ;2 ;0 ;171 ;
356 ;0 ;1 ;3 ;0 ;30 ;
356 ;0 ;1 ;4 ;0 ;14 ;
356 ;0 ;1 ;5 ;0 ;332 ;
356 ;0 ;1 ;6 ;0 ;191 ;
356 ;0 ;1 ;7 ;0 ;287 ;
356 ;0 ;1 ;8 ;0 ;307 ;
356 ;0 ;2 ;1 ;0 ;70 ;
356 ;0 ;2 ;2 ;0 ;227 ;
356 ;0 ;2 ;3 ;0 ;55 ;
356 ;0 ;2 ;4 ;0 ;309 ;
356 ;0 ;2 ;5 ;0 ;143 ;
356 ;0 ;2 ;6 ;0 ;310 ;
356 ;0 ;2 ;7 ;0 ;144 ;
356 ;0 ;2 ;8 ;0 ;77 ;
356 ;0 ;3 ;1 ;0 ;149 ;
356 ;0 ;3 ;2 ;0 ;37 ;
356 ;0 ;3 ;3 ;0 ;277 ;
356 ;0 ;3 ;4 ;0 ;83 ;
356 ;0 ;3 ;5 ;0 ;119 ;
356 ;0 ;3 ;6 ;0 ;347 ;
356 ;0 ;3 ;7 ;0 ;114 ;
356 ;0 ;3 ;8 ;0 ;252 ;
356 ;0 ;4 ;1 ;0 ;329 ;
356 ;0 ;4 ;2 ;0 ;290 ;
356 ;0 ;4 ;3 ;0 ;206 ;
356 ;0 ;4 ;4 ;0 ;56 ;
356 ;0 ;4 ;5 ;0 ;302 ;
356 ;0 ;4 ;6 ;0 ;251 ;
356 ;0 ;4 ;7 ;0 ;283 ;
356 ;0 ;4 ;8 ;0 ;172 ;
356 ;0 ;5 ;1 ;0 ;222 ;
356 ;0 ;5 ;2 ;0 ;174 ;
356 ;0 ;5 ;3 ;0 ;289 ;
356 ;0 ;5 ;4 ;0 ;132 ;
356 ;0 ;5 ;5 ;0 ;203 ;
356 ;0 ;5 ;6 ;0 ;194 ;
356 ;0 ;5 ;7 ;0 ;125 ;
356 ;0 ;5 ;8 ;0 ;67 ;
356 ;0 ;6 ;1 ;0 ;151 ;
356 ;0 ;6 ;2 ;0 ;256 ;
356 ;0 ;6 ;3 ;0 ;293 ;
356 ;0 ;6 ;4 ;0 ;234 ;
356 ;0 ;6 ;5 ;0 ;253 ;
356 ;0 ;6 ;6 ;0 ;350 ;
356 ;0 ;6 ;7 ;0 ;120 ;
356 ;0 ;6 ;8 ;0 ;98 ;
357 ;0 ;0 ;2 ;0 ;228 ;
357 ;0 ;0 ;3 ;0 ;280 ;
357 ;0 ;0 ;4 ;0 ;1 ;
357 ;0 ;0 ;5 ;0 ;202 ;
357 ;0 ;0 ;6 ;0 ;162 ;
357 ;0 ;0 ;7 ;0 ;13 ;
357 ;0 ;1 ;1 ;0 ;106 ;
357 ;0 ;1 ;2 ;0 ;46 ;
357 ;0 ;1 ;3 ;0 ;141 ;
357 ;0 ;1 ;4 ;0 ;147 ;
357 ;0 ;1 ;5 ;0 ;52 ;
357 ;0 ;1 ;6 ;0 ;97 ;
357 ;0 ;1 ;7 ;0 ;298 ;
357 ;0 ;2 ;1 ;0 ;314 ;
357 ;0 ;2 ;2 ;0 ;176 ;
357 ;0 ;2 ;3 ;0 ;192 ;
357 ;0 ;2 ;4 ;0 ;135 ;
357 ;0 ;2 ;5 ;0 ;78 ;
357 ;0 ;2 ;6 ;0 ;65 ;
357 ;0 ;2 ;7 ;0 ;264 ;
357 ;0 ;2 ;8 ;0 ;105 ;
357 ;0 ;3 ;1 ;0 ;152 ;
357 ;0 ;3 ;2 ;0 ;275 ;
357 ;0 ;3 ;3 ;0 ;4 ;
357 ;0 ;3 ;4 ;0 ;107 ;
357 ;0 ;3 ;5 ;0 ;212 ;
357 ;0 ;3 ;6 ;0 ;44 ;
357 ;0 ;3 ;7 ;0 ;349 ;
357 ;0 ;3 ;8 ;0 ;54 ;
357 ;0 ;4 ;1 ;0 ;250 ;
357 ;0 ;4 ;2 ;0 ;94 ;
357 ;0 ;4 ;3 ;0 ;169 ;
357 ;0 ;4 ;4 ;0 ;53 ;
357 ;0 ;4 ;5 ;0 ;249 ;
357 ;0 ;4 ;6 ;0 ;281 ;
357 ;0 ;4 ;7 ;0 ;95 ;
357 ;0 ;4 ;8 ;0 ;27 ;
357 ;0 ;5 ;1 ;0 ;214 ;
357 ;0 ;5 ;2 ;0 ;306 ;
357 ;0 ;5 ;3 ;0 ;26 ;
357 ;0 ;5 ;4 ;0 ;113 ;
357 ;0 ;5 ;5 ;0 ;267 ;
357 ;0 ;5 ;6 ;0 ;270 ;
357 ;0 ;5 ;7 ;0 ;59 ;
357 ;0 ;5 ;8 ;0 ;248 ;
357 ;0 ;6 ;1 ;0 ;182 ;
357 ;0 ;6 ;2 ;0 ;124 ;
357 ;0 ;6 ;3 ;0 ;32 ;
357 ;0 ;6 ;4 ;0 ;276 ;
357 ;0 ;6 ;5 ;0 ;163 ;
357 ;0 ;6 ;6 ;0 ;301 ;
357 ;0 ;6 ;7 ;0 ;93 ;
357 ;0 ;6 ;8 ;0 ;11 ;
357 ;0 ;7 ;1 ;0 ;80 ;
357 ;0 ;7 ;2 ;0 ;76 ;
357 ;0 ;7 ;3 ;0 ;146 ;
357 ;0 ;7 ;4 ;0 ;15 ;
357 ;0 ;7 ;5 ;0 ;266 ;
357 ;0 ;7 ;6 ;0 ;255 ;
357 ;0 ;7 ;7 ;0 ;90 ;
357 ;0 ;7 ;8 ;0 ;180 ;
357 ;0 ;8 ;1 ;0 ;137 ;
357 ;0 ;8 ;2 ;0 ;344 ;
357 ;0 ;8 ;3 ;0 ;10 ;
357 ;0 ;8 ;4 ;0 ;342 ;
357 ;0 ;8 ;5 ;0 ;217 ;
357 ;0 ;8 ;6 ;0 ;86 ;
357 ;0 ;8 ;7 ;0 ;25 ;
357 ;0 ;8 ;8 ;0 ;155 ;
357 ;0 ;9 ;1 ;0 ;39 ;
357 ;0 ;9 ;2 ;0 ;154 ;
357 ;0 ;9 ;3 ;0 ;2 ;
357 ;0 ;9 ;4 ;0 ;139 ;
357 ;0 ;9 ;5 ;0 ;28 ;
357 ;0 ;9 ;6 ;0 ;196 ;
357 ;0 ;9 ;7 ;0 ;299 ;
357 ;0 ;9 ;8 ;0 ;150 ;
357 ;0 ;10 ;1 ;0 ;118 ;
357 ;0 ;10 ;2 ;0 ;207 ;
357 ;0 ;10 ;3 ;0 ;221 ;
357 ;0 ;10 ;4 ;0 ;103 ;
357 ;0 ;10 ;5 ;0 ;794 ;
357 ;0 ;10 ;6 ;0 ;68 ;
357 ;0 ;10 ;7 ;0 ;204 ;
357 ;0 ;10 ;8 ;0 ;233 ;
358 ;0 ;0 ;1 ;0 ;287 ;
358 ;0 ;0 ;2 ;0 ;200 ;
358 ;0 ;0 ;3 ;0 ;332 ;
358 ;0 ;0 ;4 ;0 ;171 ;
358 ;0 ;0 ;5 ;0 ;7 ;
358 ;0 ;0 ;6 ;0 ;88 ;
358 ;0 ;0 ;7 ;0 ;191 ;
358 ;0 ;0 ;8 ;0 ;63 ;
358 ;0 ;1 ;1 ;0 ;55 ;
358 ;0 ;1 ;2 ;0 ;168 ;
358 ;0 ;1 ;3 ;0 ;35 ;
358 ;0 ;1 ;4 ;0 ;243 ;
358 ;0 ;1 ;5 ;0 ;309 ;
358 ;0 ;1 ;6 ;0 ;277 ;
358 ;0 ;1 ;7 ;0 ;227 ;
358 ;0 ;1 ;8 ;0 ;77 ;
358 ;0 ;2 ;1 ;0 ;109 ;
358 ;0 ;2 ;2 ;0 ;149 ;
358 ;0 ;2 ;3 ;0 ;175 ;
358 ;0 ;2 ;4 ;0 ;3 ;
358 ;0 ;2 ;5 ;0 ;37 ;
358 ;0 ;2 ;6 ;0 ;208 ;
358 ;0 ;2 ;7 ;0 ;83 ;
358 ;0 ;2 ;8 ;0 ;56 ;
358 ;0 ;3 ;1 ;0 ;89 ;
358 ;0 ;3 ;2 ;0 ;347 ;
358 ;0 ;3 ;3 ;0 ;172 ;
358 ;0 ;3 ;4 ;0 ;114 ;
358 ;0 ;3 ;5 ;0 ;87 ;
358 ;0 ;3 ;6 ;0 ;119 ;
358 ;0 ;3 ;7 ;0 ;286 ;
358 ;0 ;3 ;8 ;0 ;302 ;
358 ;0 ;4 ;1 ;0 ;283 ;
358 ;0 ;4 ;2 ;0 ;273 ;
358 ;0 ;4 ;3 ;0 ;206 ;
358 ;0 ;4 ;4 ;0 ;261 ;
358 ;0 ;4 ;5 ;0 ;132 ;
358 ;0 ;4 ;6 ;0 ;51 ;
358 ;0 ;4 ;7 ;0 ;174 ;
358 ;0 ;4 ;8 ;0 ;222 ;
358 ;0 ;5 ;1 ;0 ;245 ;
358 ;0 ;5 ;2 ;0 ;350 ;
358 ;0 ;5 ;3 ;0 ;293 ;
358 ;0 ;5 ;4 ;0 ;85 ;
358 ;0 ;5 ;5 ;0 ;125 ;
358 ;0 ;5 ;6 ;0 ;98 ;
358 ;0 ;5 ;7 ;0 ;161 ;
358 ;0 ;5 ;8 ;0 ;120 ;
358 ;0 ;6 ;1 ;0 ;142 ;
358 ;0 ;6 ;2 ;0 ;128 ;
358 ;0 ;6 ;3 ;0 ;194 ;
358 ;0 ;6 ;4 ;0 ;234 ;
358 ;0 ;6 ;5 ;0 ;253 ;
358 ;0 ;6 ;6 ;0 ;18 ;
358 ;0 ;6 ;7 ;0 ;164 ;
358 ;0 ;6 ;8 ;0 ;256 ;
