event; round;heat;lane;relais;idBib;
601 ;0 ;0 ;2 ;0 ;109 ;
601 ;0 ;0 ;3 ;0 ;102 ;
601 ;0 ;0 ;4 ;0 ;103 ;
603 ;0 ;0 ;2 ;0 ;97 ;
603 ;0 ;0 ;3 ;0 ;36 ;
603 ;0 ;0 ;4 ;0 ;19 ;
603 ;0 ;0 ;5 ;0 ;69 ;
603 ;0 ;1 ;2 ;0 ;111 ;
603 ;0 ;1 ;3 ;0 ;49 ;
603 ;0 ;1 ;4 ;0 ;92 ;
603 ;0 ;1 ;5 ;0 ;76 ;
603 ;0 ;2 ;1 ;0 ;98 ;
603 ;0 ;2 ;2 ;0 ;40 ;
603 ;0 ;2 ;3 ;0 ;94 ;
603 ;0 ;2 ;4 ;0 ;85 ;
603 ;0 ;2 ;5 ;0 ;55 ;
603 ;0 ;2 ;6 ;0 ;86 ;
603 ;0 ;3 ;1 ;0 ;74 ;
603 ;0 ;3 ;2 ;0 ;61 ;
603 ;0 ;3 ;3 ;0 ;110 ;
603 ;0 ;3 ;4 ;0 ;113 ;
603 ;0 ;3 ;5 ;0 ;95 ;
603 ;0 ;3 ;6 ;0 ;5 ;
603 ;0 ;4 ;1 ;0 ;18 ;
603 ;0 ;4 ;2 ;0 ;81 ;
603 ;0 ;4 ;3 ;0 ;41 ;
603 ;0 ;4 ;4 ;0 ;54 ;
603 ;0 ;4 ;5 ;0 ;17 ;
603 ;0 ;4 ;6 ;0 ;4 ;
607 ;0 ;0 ;1 ;0 ;42 ;
607 ;0 ;0 ;2 ;0 ;65 ;
607 ;0 ;0 ;3 ;0 ;101 ;
607 ;0 ;0 ;4 ;0 ;77 ;
607 ;0 ;0 ;5 ;0 ;23 ;
607 ;0 ;1 ;1 ;0 ;25 ;
607 ;0 ;1 ;2 ;0 ;105 ;
607 ;0 ;1 ;3 ;0 ;67 ;
607 ;0 ;1 ;4 ;0 ;26 ;
607 ;0 ;1 ;5 ;0 ;80 ;
607 ;0 ;2 ;1 ;0 ;14 ;
607 ;0 ;2 ;2 ;0 ;1 ;
607 ;0 ;2 ;3 ;0 ;53 ;
607 ;0 ;2 ;4 ;0 ;7 ;
607 ;0 ;2 ;5 ;0 ;29 ;
607 ;0 ;2 ;6 ;0 ;13 ;
607 ;0 ;3 ;1 ;0 ;37 ;
607 ;0 ;3 ;2 ;0 ;38 ;
607 ;0 ;3 ;3 ;0 ;44 ;
607 ;0 ;3 ;4 ;0 ;73 ;
607 ;0 ;3 ;5 ;0 ;22 ;
607 ;0 ;3 ;6 ;0 ;51 ;
611 ;0 ;0 ;2 ;0 ;27 ;
611 ;0 ;0 ;3 ;0 ;104 ;
611 ;0 ;0 ;4 ;0 ;72 ;
611 ;0 ;1 ;2 ;0 ;35 ;
611 ;0 ;1 ;3 ;0 ;9 ;
611 ;0 ;1 ;4 ;0 ;43 ;
611 ;0 ;1 ;5 ;0 ;39 ;
611 ;0 ;2 ;1 ;0 ;8 ;
611 ;0 ;2 ;2 ;0 ;12 ;
611 ;0 ;2 ;3 ;0 ;3 ;
611 ;0 ;2 ;4 ;0 ;10 ;
611 ;0 ;2 ;5 ;0 ;24 ;
611 ;0 ;2 ;6 ;0 ;71 ;
615 ;0 ;0 ;1 ;0 ;91 ;
615 ;0 ;0 ;2 ;0 ;45 ;
615 ;0 ;0 ;3 ;0 ;93 ;
615 ;0 ;0 ;4 ;0 ;16 ;
615 ;0 ;0 ;5 ;0 ;59 ;
615 ;0 ;1 ;1 ;0 ;84 ;
615 ;0 ;1 ;2 ;0 ;2 ;
615 ;0 ;1 ;3 ;0 ;68 ;
615 ;0 ;1 ;4 ;0 ;58 ;
615 ;0 ;1 ;5 ;0 ;15 ;
615 ;0 ;1 ;6 ;0 ;48 ;
701 ;0 ;0 ;2 ;0 ;114 ;
701 ;0 ;0 ;3 ;0 ;102 ;
701 ;0 ;0 ;4 ;0 ;88 ;
701 ;0 ;0 ;5 ;0 ;33 ;
702 ;0 ;0 ;1 ;0 ;60 ;
702 ;0 ;0 ;2 ;0 ;109 ;
702 ;0 ;0 ;3 ;0 ;89 ;
702 ;0 ;0 ;4 ;0 ;103 ;
702 ;0 ;0 ;5 ;0 ;75 ;
703 ;0 ;0 ;1 ;0 ;30 ;
703 ;0 ;0 ;2 ;0 ;111 ;
703 ;0 ;0 ;3 ;0 ;49 ;
703 ;0 ;0 ;4 ;0 ;74 ;
703 ;0 ;0 ;5 ;0 ;55 ;
703 ;0 ;1 ;1 ;0 ;86 ;
703 ;0 ;1 ;2 ;0 ;110 ;
703 ;0 ;1 ;3 ;0 ;61 ;
703 ;0 ;1 ;4 ;0 ;113 ;
703 ;0 ;1 ;5 ;0 ;5 ;
703 ;0 ;1 ;6 ;0 ;18 ;
703 ;0 ;2 ;1 ;0 ;95 ;
703 ;0 ;2 ;2 ;0 ;81 ;
703 ;0 ;2 ;3 ;0 ;54 ;
703 ;0 ;2 ;4 ;0 ;17 ;
703 ;0 ;2 ;5 ;0 ;41 ;
703 ;0 ;2 ;6 ;0 ;4 ;
707 ;0 ;0 ;1 ;0 ;80 ;
707 ;0 ;0 ;2 ;0 ;23 ;
707 ;0 ;0 ;3 ;0 ;13 ;
707 ;0 ;0 ;4 ;0 ;14 ;
707 ;0 ;0 ;5 ;0 ;7 ;
707 ;0 ;1 ;1 ;0 ;29 ;
707 ;0 ;1 ;2 ;0 ;22 ;
707 ;0 ;1 ;3 ;0 ;44 ;
707 ;0 ;1 ;4 ;0 ;51 ;
707 ;0 ;1 ;5 ;0 ;38 ;
707 ;0 ;1 ;6 ;0 ;53 ;
710 ;0 ;0 ;1 ;0 ;27 ;
710 ;0 ;0 ;2 ;0 ;35 ;
710 ;0 ;0 ;3 ;0 ;104 ;
710 ;0 ;0 ;4 ;0 ;71 ;
710 ;0 ;0 ;5 ;0 ;39 ;
710 ;0 ;1 ;1 ;0 ;8 ;
710 ;0 ;1 ;2 ;0 ;24 ;
710 ;0 ;1 ;3 ;0 ;3 ;
710 ;0 ;1 ;4 ;0 ;10 ;
710 ;0 ;1 ;5 ;0 ;34 ;
710 ;0 ;1 ;6 ;0 ;21 ;
714 ;0 ;0 ;1 ;0 ;115 ;
714 ;0 ;0 ;2 ;0 ;6 ;
714 ;0 ;0 ;3 ;0 ;91 ;
714 ;0 ;0 ;4 ;0 ;87 ;
714 ;0 ;0 ;5 ;0 ;48 ;
714 ;0 ;1 ;1 ;0 ;15 ;
714 ;0 ;1 ;2 ;0 ;58 ;
714 ;0 ;1 ;3 ;0 ;66 ;
714 ;0 ;1 ;4 ;0 ;84 ;
714 ;0 ;1 ;5 ;0 ;2 ;
718 ;0 ;0 ;1 ;0 ;62 ;
718 ;0 ;0 ;2 ;0 ;28 ;
718 ;0 ;0 ;3 ;0 ;36 ;
718 ;0 ;0 ;4 ;0 ;96 ;
718 ;0 ;0 ;5 ;0 ;111 ;
718 ;0 ;0 ;6 ;0 ;83 ;
718 ;0 ;1 ;1 ;0 ;97 ;
718 ;0 ;1 ;2 ;0 ;76 ;
718 ;0 ;1 ;3 ;0 ;40 ;
718 ;0 ;1 ;4 ;0 ;94 ;
718 ;0 ;1 ;5 ;0 ;69 ;
718 ;0 ;1 ;6 ;0 ;98 ;
718 ;0 ;2 ;1 ;0 ;92 ;
718 ;0 ;2 ;2 ;0 ;74 ;
718 ;0 ;2 ;3 ;0 ;30 ;
718 ;0 ;2 ;4 ;0 ;86 ;
718 ;0 ;2 ;5 ;0 ;19 ;
718 ;0 ;2 ;6 ;0 ;110 ;
718 ;0 ;3 ;1 ;0 ;85 ;
718 ;0 ;3 ;2 ;0 ;55 ;
718 ;0 ;3 ;3 ;0 ;113 ;
718 ;0 ;3 ;4 ;0 ;61 ;
718 ;0 ;3 ;5 ;0 ;4 ;
718 ;0 ;3 ;6 ;0 ;95 ;
718 ;0 ;4 ;1 ;0 ;18 ;
718 ;0 ;4 ;2 ;0 ;54 ;
718 ;0 ;4 ;3 ;0 ;81 ;
718 ;0 ;4 ;4 ;0 ;41 ;
718 ;0 ;4 ;5 ;0 ;17 ;
718 ;0 ;4 ;6 ;0 ;5 ;
722 ;0 ;0 ;1 ;0 ;82 ;
722 ;0 ;0 ;2 ;0 ;65 ;
722 ;0 ;0 ;3 ;0 ;106 ;
722 ;0 ;0 ;4 ;0 ;47 ;
722 ;0 ;0 ;5 ;0 ;42 ;
722 ;0 ;0 ;6 ;0 ;23 ;
722 ;0 ;1 ;1 ;0 ;25 ;
722 ;0 ;1 ;2 ;0 ;77 ;
722 ;0 ;1 ;3 ;0 ;46 ;
722 ;0 ;1 ;4 ;0 ;26 ;
722 ;0 ;1 ;5 ;0 ;53 ;
722 ;0 ;1 ;6 ;0 ;1 ;
722 ;0 ;2 ;1 ;0 ;7 ;
722 ;0 ;2 ;2 ;0 ;80 ;
722 ;0 ;2 ;3 ;0 ;14 ;
722 ;0 ;2 ;4 ;0 ;13 ;
722 ;0 ;2 ;5 ;0 ;38 ;
722 ;0 ;2 ;6 ;0 ;29 ;
722 ;0 ;3 ;1 ;0 ;105 ;
722 ;0 ;3 ;2 ;0 ;73 ;
722 ;0 ;3 ;3 ;0 ;22 ;
722 ;0 ;3 ;4 ;0 ;44 ;
722 ;0 ;3 ;5 ;0 ;51 ;
722 ;0 ;3 ;6 ;0 ;37 ;
726 ;0 ;0 ;1 ;0 ;104 ;
726 ;0 ;0 ;2 ;0 ;72 ;
726 ;0 ;0 ;3 ;0 ;27 ;
726 ;0 ;0 ;4 ;0 ;24 ;
726 ;0 ;0 ;5 ;0 ;35 ;
726 ;0 ;0 ;6 ;0 ;71 ;
726 ;0 ;1 ;1 ;0 ;10 ;
726 ;0 ;1 ;2 ;0 ;21 ;
726 ;0 ;1 ;3 ;0 ;12 ;
726 ;0 ;1 ;4 ;0 ;70 ;
726 ;0 ;1 ;5 ;0 ;3 ;
726 ;0 ;1 ;6 ;0 ;8 ;
730 ;0 ;0 ;1 ;0 ;64 ;
730 ;0 ;0 ;2 ;0 ;100 ;
730 ;0 ;0 ;3 ;0 ;115 ;
730 ;0 ;0 ;4 ;0 ;91 ;
730 ;0 ;0 ;5 ;0 ;6 ;
730 ;0 ;0 ;6 ;0 ;93 ;
730 ;0 ;1 ;1 ;0 ;45 ;
730 ;0 ;1 ;2 ;0 ;87 ;
730 ;0 ;1 ;3 ;0 ;48 ;
730 ;0 ;1 ;4 ;0 ;31 ;
730 ;0 ;1 ;5 ;0 ;16 ;
730 ;0 ;1 ;6 ;0 ;99 ;
730 ;0 ;2 ;1 ;0 ;66 ;
730 ;0 ;2 ;2 ;0 ;112 ;
730 ;0 ;2 ;3 ;0 ;15 ;
730 ;0 ;2 ;4 ;0 ;68 ;
730 ;0 ;2 ;5 ;0 ;84 ;
730 ;0 ;2 ;6 ;0 ;59 ;
736 ;0 ;0 ;1 ;0 ;97 ;
736 ;0 ;0 ;2 ;0 ;107 ;
736 ;0 ;0 ;3 ;0 ;61 ;
736 ;0 ;0 ;4 ;0 ;110 ;
736 ;0 ;0 ;5 ;0 ;40 ;
736 ;0 ;1 ;1 ;0 ;30 ;
736 ;0 ;1 ;2 ;0 ;69 ;
736 ;0 ;1 ;3 ;0 ;96 ;
736 ;0 ;1 ;4 ;0 ;113 ;
736 ;0 ;1 ;5 ;0 ;111 ;
736 ;0 ;2 ;1 ;0 ;49 ;
736 ;0 ;2 ;2 ;0 ;54 ;
736 ;0 ;2 ;3 ;0 ;5 ;
736 ;0 ;2 ;4 ;0 ;92 ;
736 ;0 ;2 ;5 ;0 ;74 ;
736 ;0 ;2 ;6 ;0 ;86 ;
736 ;0 ;3 ;1 ;0 ;4 ;
736 ;0 ;3 ;2 ;0 ;18 ;
736 ;0 ;3 ;3 ;0 ;41 ;
736 ;0 ;3 ;4 ;0 ;81 ;
736 ;0 ;3 ;5 ;0 ;17 ;
736 ;0 ;3 ;6 ;0 ;95 ;
740 ;0 ;0 ;2 ;0 ;42 ;
740 ;0 ;0 ;3 ;0 ;14 ;
740 ;0 ;0 ;4 ;0 ;80 ;
740 ;0 ;1 ;2 ;0 ;51 ;
740 ;0 ;1 ;3 ;0 ;29 ;
740 ;0 ;1 ;4 ;0 ;77 ;
740 ;0 ;1 ;5 ;0 ;1 ;
740 ;0 ;2 ;1 ;0 ;53 ;
740 ;0 ;2 ;2 ;0 ;7 ;
740 ;0 ;2 ;3 ;0 ;37 ;
740 ;0 ;2 ;4 ;0 ;13 ;
740 ;0 ;2 ;5 ;0 ;38 ;
740 ;0 ;2 ;6 ;0 ;22 ;
744 ;0 ;0 ;2 ;0 ;24 ;
744 ;0 ;0 ;3 ;0 ;104 ;
744 ;0 ;0 ;4 ;0 ;35 ;
744 ;0 ;1 ;2 ;0 ;8 ;
744 ;0 ;1 ;3 ;0 ;43 ;
744 ;0 ;1 ;4 ;0 ;3 ;
744 ;0 ;1 ;5 ;0 ;10 ;
748 ;0 ;0 ;2 ;0 ;59 ;
748 ;0 ;0 ;3 ;0 ;16 ;
748 ;0 ;0 ;4 ;0 ;84 ;
748 ;0 ;0 ;5 ;0 ;15 ;
748 ;0 ;1 ;2 ;0 ;58 ;
748 ;0 ;1 ;3 ;0 ;112 ;
748 ;0 ;1 ;4 ;0 ;48 ;
748 ;0 ;1 ;5 ;0 ;2 ;
801 ;0 ;0 ;2 ;0 ;33 ;
801 ;0 ;0 ;3 ;0 ;102 ;
801 ;0 ;0 ;4 ;0 ;116 ;
801 ;0 ;0 ;5 ;0 ;114 ;
802 ;0 ;0 ;2 ;0 ;108 ;
802 ;0 ;0 ;3 ;0 ;60 ;
802 ;0 ;0 ;4 ;0 ;75 ;
802 ;0 ;1 ;2 ;0 ;117 ;
802 ;0 ;1 ;3 ;0 ;89 ;
802 ;0 ;1 ;4 ;0 ;109 ;
802 ;0 ;1 ;5 ;0 ;103 ;
803 ;0 ;0 ;1 ;0 ;97 ;
803 ;0 ;0 ;2 ;0 ;92 ;
803 ;0 ;0 ;3 ;0 ;40 ;
803 ;0 ;0 ;4 ;0 ;30 ;
803 ;0 ;0 ;5 ;0 ;83 ;
803 ;0 ;0 ;6 ;0 ;111 ;
803 ;0 ;1 ;1 ;0 ;94 ;
803 ;0 ;1 ;2 ;0 ;74 ;
803 ;0 ;1 ;3 ;0 ;19 ;
803 ;0 ;1 ;4 ;0 ;110 ;
803 ;0 ;1 ;5 ;0 ;107 ;
803 ;0 ;1 ;6 ;0 ;85 ;
803 ;0 ;2 ;1 ;0 ;86 ;
803 ;0 ;2 ;2 ;0 ;61 ;
803 ;0 ;2 ;3 ;0 ;113 ;
803 ;0 ;2 ;4 ;0 ;49 ;
803 ;0 ;2 ;5 ;0 ;95 ;
803 ;0 ;2 ;6 ;0 ;18 ;
803 ;0 ;3 ;1 ;0 ;17 ;
803 ;0 ;3 ;2 ;0 ;4 ;
803 ;0 ;3 ;3 ;0 ;41 ;
803 ;0 ;3 ;4 ;0 ;81 ;
803 ;0 ;3 ;5 ;0 ;54 ;
803 ;0 ;3 ;6 ;0 ;5 ;
807 ;0 ;0 ;2 ;0 ;65 ;
807 ;0 ;0 ;3 ;0 ;25 ;
807 ;0 ;0 ;4 ;0 ;101 ;
807 ;0 ;0 ;5 ;0 ;90 ;
807 ;0 ;1 ;1 ;0 ;105 ;
807 ;0 ;1 ;2 ;0 ;22 ;
807 ;0 ;1 ;3 ;0 ;26 ;
807 ;0 ;1 ;4 ;0 ;23 ;
807 ;0 ;1 ;5 ;0 ;77 ;
807 ;0 ;2 ;1 ;0 ;80 ;
807 ;0 ;2 ;2 ;0 ;37 ;
807 ;0 ;2 ;3 ;0 ;1 ;
807 ;0 ;2 ;4 ;0 ;14 ;
807 ;0 ;2 ;5 ;0 ;13 ;
807 ;0 ;2 ;6 ;0 ;53 ;
807 ;0 ;3 ;1 ;0 ;7 ;
807 ;0 ;3 ;2 ;0 ;38 ;
807 ;0 ;3 ;3 ;0 ;73 ;
807 ;0 ;3 ;4 ;0 ;51 ;
807 ;0 ;3 ;5 ;0 ;44 ;
807 ;0 ;3 ;6 ;0 ;29 ;
810 ;0 ;0 ;2 ;0 ;27 ;
810 ;0 ;0 ;3 ;0 ;35 ;
810 ;0 ;0 ;4 ;0 ;104 ;
810 ;0 ;0 ;5 ;0 ;24 ;
810 ;0 ;1 ;1 ;0 ;12 ;
810 ;0 ;1 ;2 ;0 ;3 ;
810 ;0 ;1 ;3 ;0 ;43 ;
810 ;0 ;1 ;4 ;0 ;10 ;
810 ;0 ;1 ;5 ;0 ;8 ;
814 ;0 ;0 ;2 ;0 ;45 ;
814 ;0 ;0 ;3 ;0 ;16 ;
814 ;0 ;0 ;4 ;0 ;56 ;
814 ;0 ;0 ;5 ;0 ;15 ;
814 ;0 ;1 ;1 ;0 ;58 ;
814 ;0 ;1 ;2 ;0 ;48 ;
814 ;0 ;1 ;3 ;0 ;112 ;
814 ;0 ;1 ;4 ;0 ;63 ;
814 ;0 ;1 ;5 ;0 ;2 ;
818 ;0 ;0 ;1 ;0 ;62 ;
818 ;0 ;0 ;2 ;0 ;28 ;
818 ;0 ;0 ;3 ;0 ;36 ;
818 ;0 ;0 ;4 ;0 ;69 ;
818 ;0 ;0 ;5 ;0 ;96 ;
818 ;0 ;1 ;1 ;0 ;111 ;
818 ;0 ;1 ;2 ;0 ;94 ;
818 ;0 ;1 ;3 ;0 ;92 ;
818 ;0 ;1 ;4 ;0 ;97 ;
818 ;0 ;1 ;5 ;0 ;19 ;
818 ;0 ;2 ;1 ;0 ;40 ;
818 ;0 ;2 ;2 ;0 ;85 ;
818 ;0 ;2 ;3 ;0 ;76 ;
818 ;0 ;2 ;4 ;0 ;98 ;
818 ;0 ;2 ;5 ;0 ;61 ;
818 ;0 ;2 ;6 ;0 ;110 ;
818 ;0 ;3 ;1 ;0 ;107 ;
818 ;0 ;3 ;2 ;0 ;86 ;
818 ;0 ;3 ;3 ;0 ;74 ;
818 ;0 ;3 ;4 ;0 ;30 ;
818 ;0 ;3 ;5 ;0 ;5 ;
818 ;0 ;3 ;6 ;0 ;113 ;
818 ;0 ;4 ;1 ;0 ;4 ;
818 ;0 ;4 ;2 ;0 ;17 ;
818 ;0 ;4 ;3 ;0 ;41 ;
818 ;0 ;4 ;4 ;0 ;81 ;
818 ;0 ;4 ;5 ;0 ;18 ;
818 ;0 ;4 ;6 ;0 ;95 ;
822 ;0 ;0 ;1 ;0 ;82 ;
822 ;0 ;0 ;2 ;0 ;65 ;
822 ;0 ;0 ;3 ;0 ;106 ;
822 ;0 ;0 ;4 ;0 ;90 ;
822 ;0 ;0 ;5 ;0 ;46 ;
822 ;0 ;0 ;6 ;0 ;26 ;
822 ;0 ;1 ;1 ;0 ;23 ;
822 ;0 ;1 ;2 ;0 ;42 ;
822 ;0 ;1 ;3 ;0 ;101 ;
822 ;0 ;1 ;4 ;0 ;105 ;
822 ;0 ;1 ;5 ;0 ;25 ;
822 ;0 ;1 ;6 ;0 ;80 ;
822 ;0 ;2 ;1 ;0 ;14 ;
822 ;0 ;2 ;2 ;0 ;29 ;
822 ;0 ;2 ;3 ;0 ;51 ;
822 ;0 ;2 ;4 ;0 ;77 ;
822 ;0 ;2 ;5 ;0 ;1 ;
822 ;0 ;2 ;6 ;0 ;53 ;
822 ;0 ;3 ;1 ;0 ;22 ;
822 ;0 ;3 ;2 ;0 ;37 ;
822 ;0 ;3 ;3 ;0 ;73 ;
822 ;0 ;3 ;4 ;0 ;13 ;
822 ;0 ;3 ;5 ;0 ;7 ;
822 ;0 ;3 ;6 ;0 ;38 ;
826 ;0 ;0 ;2 ;0 ;104 ;
826 ;0 ;0 ;3 ;0 ;70 ;
826 ;0 ;0 ;4 ;0 ;72 ;
826 ;0 ;0 ;5 ;0 ;43 ;
826 ;0 ;1 ;1 ;0 ;27 ;
826 ;0 ;1 ;2 ;0 ;39 ;
826 ;0 ;1 ;3 ;0 ;8 ;
826 ;0 ;1 ;4 ;0 ;35 ;
826 ;0 ;1 ;5 ;0 ;71 ;
826 ;0 ;2 ;1 ;0 ;34 ;
826 ;0 ;2 ;2 ;0 ;24 ;
826 ;0 ;2 ;3 ;0 ;3 ;
826 ;0 ;2 ;4 ;0 ;21 ;
826 ;0 ;2 ;5 ;0 ;10 ;
826 ;0 ;2 ;6 ;0 ;12 ;
830 ;0 ;0 ;1 ;0 ;64 ;
830 ;0 ;0 ;2 ;0 ;115 ;
830 ;0 ;0 ;3 ;0 ;100 ;
830 ;0 ;0 ;4 ;0 ;52 ;
830 ;0 ;0 ;5 ;0 ;91 ;
830 ;0 ;0 ;6 ;0 ;93 ;
830 ;0 ;1 ;1 ;0 ;6 ;
830 ;0 ;1 ;2 ;0 ;45 ;
830 ;0 ;1 ;3 ;0 ;32 ;
830 ;0 ;1 ;4 ;0 ;31 ;
830 ;0 ;1 ;5 ;0 ;59 ;
830 ;0 ;1 ;6 ;0 ;87 ;
830 ;0 ;2 ;1 ;0 ;99 ;
830 ;0 ;2 ;2 ;0 ;16 ;
830 ;0 ;2 ;3 ;0 ;15 ;
830 ;0 ;2 ;4 ;0 ;58 ;
830 ;0 ;2 ;5 ;0 ;68 ;
830 ;0 ;2 ;6 ;0 ;2 ;
830 ;0 ;3 ;1 ;0 ;66 ;
830 ;0 ;3 ;2 ;0 ;63 ;
830 ;0 ;3 ;3 ;0 ;112 ;
830 ;0 ;3 ;4 ;0 ;56 ;
830 ;0 ;3 ;5 ;0 ;48 ;
830 ;0 ;3 ;6 ;0 ;118 ;
834 ;0 ;0 ;1 ;0 ;109 ;
834 ;0 ;0 ;2 ;0 ;102 ;
834 ;0 ;0 ;3 ;0 ;117 ;
834 ;0 ;0 ;4 ;0 ;114 ;
834 ;0 ;0 ;5 ;0 ;103 ;
834 ;0 ;0 ;6 ;0 ;116 ;
836 ;0 ;0 ;2 ;0 ;61 ;
836 ;0 ;0 ;3 ;0 ;110 ;
836 ;0 ;0 ;4 ;0 ;95 ;
836 ;0 ;1 ;2 ;0 ;113 ;
836 ;0 ;1 ;3 ;0 ;111 ;
836 ;0 ;1 ;4 ;0 ;49 ;
836 ;0 ;1 ;5 ;0 ;18 ;
836 ;0 ;2 ;1 ;0 ;5 ;
836 ;0 ;2 ;2 ;0 ;17 ;
836 ;0 ;2 ;3 ;0 ;54 ;
836 ;0 ;2 ;4 ;0 ;41 ;
836 ;0 ;2 ;5 ;0 ;4 ;
836 ;0 ;2 ;6 ;0 ;55 ;
840 ;0 ;0 ;2 ;0 ;53 ;
840 ;0 ;0 ;3 ;0 ;51 ;
840 ;0 ;0 ;4 ;0 ;7 ;
840 ;0 ;0 ;5 ;0 ;14 ;
840 ;0 ;1 ;1 ;0 ;29 ;
840 ;0 ;1 ;2 ;0 ;44 ;
840 ;0 ;1 ;3 ;0 ;38 ;
840 ;0 ;1 ;4 ;0 ;22 ;
840 ;0 ;1 ;5 ;0 ;13 ;
844 ;0 ;0 ;1 ;0 ;104 ;
844 ;0 ;0 ;2 ;0 ;27 ;
844 ;0 ;0 ;3 ;0 ;35 ;
844 ;0 ;0 ;4 ;0 ;21 ;
844 ;0 ;0 ;5 ;0 ;43 ;
844 ;0 ;1 ;1 ;0 ;39 ;
844 ;0 ;1 ;2 ;0 ;10 ;
844 ;0 ;1 ;3 ;0 ;3 ;
844 ;0 ;1 ;4 ;0 ;24 ;
844 ;0 ;1 ;5 ;0 ;8 ;
848 ;0 ;0 ;2 ;0 ;115 ;
848 ;0 ;0 ;3 ;0 ;48 ;
848 ;0 ;0 ;4 ;0 ;87 ;
848 ;0 ;0 ;5 ;0 ;59 ;
848 ;0 ;1 ;2 ;0 ;2 ;
848 ;0 ;1 ;3 ;0 ;56 ;
848 ;0 ;1 ;4 ;0 ;58 ;
848 ;0 ;1 ;5 ;0 ;15 ;
901 ;0 ;0 ;1 ;0 ;107 ;
901 ;0 ;0 ;2 ;0 ;61 ;
901 ;0 ;0 ;3 ;0 ;49 ;
901 ;0 ;0 ;4 ;0 ;18 ;
901 ;0 ;0 ;5 ;0 ;5 ;
901 ;0 ;1 ;1 ;0 ;17 ;
901 ;0 ;1 ;2 ;0 ;81 ;
901 ;0 ;1 ;3 ;0 ;41 ;
901 ;0 ;1 ;4 ;0 ;54 ;
901 ;0 ;1 ;5 ;0 ;95 ;
901 ;0 ;1 ;6 ;0 ;4 ;
905 ;0 ;0 ;1 ;0 ;53 ;
905 ;0 ;0 ;2 ;0 ;51 ;
905 ;0 ;0 ;3 ;0 ;80 ;
905 ;0 ;0 ;4 ;0 ;14 ;
905 ;0 ;0 ;5 ;0 ;29 ;
905 ;0 ;1 ;1 ;0 ;50 ;
905 ;0 ;1 ;2 ;0 ;22 ;
905 ;0 ;1 ;3 ;0 ;38 ;
905 ;0 ;1 ;4 ;0 ;7 ;
905 ;0 ;1 ;5 ;0 ;37 ;
905 ;0 ;1 ;6 ;0 ;13 ;
908 ;0 ;0 ;1 ;0 ;35 ;
908 ;0 ;0 ;2 ;0 ;27 ;
908 ;0 ;0 ;3 ;0 ;104 ;
908 ;0 ;0 ;4 ;0 ;43 ;
908 ;0 ;0 ;5 ;0 ;21 ;
908 ;0 ;1 ;1 ;0 ;8 ;
908 ;0 ;1 ;2 ;0 ;12 ;
908 ;0 ;1 ;3 ;0 ;3 ;
908 ;0 ;1 ;4 ;0 ;10 ;
908 ;0 ;1 ;5 ;0 ;24 ;
908 ;0 ;1 ;6 ;0 ;39 ;
912 ;0 ;0 ;1 ;0 ;91 ;
912 ;0 ;0 ;2 ;0 ;48 ;
912 ;0 ;0 ;3 ;0 ;112 ;
912 ;0 ;0 ;4 ;0 ;59 ;
912 ;0 ;0 ;5 ;0 ;84 ;
912 ;0 ;1 ;1 ;0 ;66 ;
912 ;0 ;1 ;2 ;0 ;15 ;
912 ;0 ;1 ;3 ;0 ;58 ;
912 ;0 ;1 ;4 ;0 ;2 ;
912 ;0 ;1 ;5 ;0 ;16 ;
